# a_x,a_y,a_z,omega_x,omega_y,omega_z
-0.2258,-0.0557,9.7830,0.5223,0.5172,0.5311
0.0474,0.1602,9.9525,0.5307,0.5169,0.5184
0.3210,0.0961,9.7822,0.5307,0.5264,0.5450
-0.0015,0.1312,9.8566,0.5319,0.5320,0.5275
0.1716,0.2016,9.6171,0.5191,0.5222,0.5052
0.4540,0.1803,9.8826,0.5185,0.5229,0.5356
0.4627,0.1820,9.8916,0.5282,0.5193,0.5342
0.2869,0.2063,9.7429,0.5153,0.5217,0.5191
0.5791,0.3056,9.8740,0.5110,0.5097,0.5231
0.6200,0.3755,9.8830,0.5218,0.5253,0.5057
0.8809,0.3630,9.8638,0.5250,0.5293,0.5109
0.7184,0.4862,9.7554,0.5073,0.5320,0.4988
0.8360,0.5976,9.8124,0.5128,0.5200,0.5236
0.6640,0.5230,9.7441,0.5195,0.5096,0.5096
0.7062,0.4738,9.7842,0.5136,0.5231,0.5078
0.7922,0.6350,10.1129,0.5112,0.5244,0.5094
0.7015,0.6002,9.7189,0.5110,0.5264,0.5074
1.1538,0.7112,9.8630,0.4931,0.5301,0.4973
1.1279,0.6415,9.7564,0.4959,0.5284,0.4893
0.8317,0.6203,9.9868,0.5041,0.5353,0.4800
1.2179,0.8011,9.7613,0.5318,0.5074,0.4767
1.2821,0.8159,9.7544,0.5100,0.5175,0.4675
1.2933,0.7713,9.8253,0.5098,0.5172,0.4694
1.1519,0.8980,9.7761,0.5204,0.5256,0.4768
1.3480,0.9093,10.0651,0.5049,0.5249,0.4620
1.2366,0.7792,9.8094,0.5091,0.5124,0.4584
1.2756,0.9198,9.8588,0.4889,0.5277,0.4662
1.6107,0.8987,9.9256,0.4876,0.5163,0.4612
1.4873,0.9819,9.8455,0.4940,0.4924,0.4743
1.7207,1.1285,10.0017,0.4999,0.5239,0.4517
1.6123,1.0129,9.8424,0.4876,0.5151,0.4336
1.6534,1.1276,9.7091,0.4905,0.5161,0.4341
1.5511,0.9401,10.0018,0.4735,0.5158,0.4231
1.6595,0.9859,9.7791,0.4800,0.5117,0.4159
1.7440,1.1145,9.8067,0.4848,0.5079,0.4233
1.6052,1.3979,9.7077,0.4711,0.5116,0.4195
1.9004,1.0225,9.6657,0.4681,0.5076,0.4083
1.7918,1.1943,9.9059,0.4654,0.5257,0.4074
1.7983,1.3292,9.8971,0.4849,0.4945,0.4003
1.9522,1.4091,9.7514,0.4579,0.5063,0.3881
1.8355,1.5191,9.7928,0.4737,0.5213,0.3782
1.7539,1.4670,9.8582,0.4639,0.4967,0.3882
2.0569,1.4884,9.7484,0.4496,0.4843,0.3448
2.0576,1.5830,9.7852,0.4394,0.5080,0.3604
2.0153,1.4112,9.6306,0.4543,0.4951,0.3507
1.8748,1.4670,9.6575,0.4379,0.4950,0.3235
2.0682,1.6167,9.8340,0.4243,0.5117,0.3381
1.8631,1.5825,9.7995,0.4449,0.4962,0.3244
1.9130,1.4646,9.7664,0.4371,0.4838,0.2968
1.9367,1.5501,9.7998,0.4408,0.5052,0.3177
2.0260,1.6832,9.8737,0.4183,0.5052,0.3001
2.0963,1.7126,9.7856,0.4269,0.4979,0.2847
1.7035,1.7116,10.0343,0.4171,0.4963,0.3005
1.7974,1.7212,9.9695,0.4290,0.5037,0.2672
1.9265,1.7095,9.8375,0.4142,0.4895,0.2689
2.0406,1.6400,9.7837,0.4128,0.4920,0.2696
2.1117,1.5409,9.8594,0.3952,0.5037,0.2630
1.9033,1.7327,9.9095,0.3951,0.4859,0.2521
2.0051,1.7135,9.8005,0.3974,0.5014,0.2308
2.0238,1.8257,9.9248,0.3816,0.4890,0.2536
1.8589,1.9110,9.9049,0.3873,0.4789,0.2293
1.8545,1.8675,9.9242,0.3691,0.4682,0.2049
1.8601,1.7354,9.7731,0.3707,0.4808,0.1946
1.8936,1.7521,9.7890,0.3592,0.4906,0.1974
1.7969,1.8727,9.8500,0.3748,0.4803,0.1926
1.8344,1.8481,9.8505,0.3538,0.4641,0.1741
1.7434,1.9963,9.9234,0.3401,0.4862,0.1639
1.6361,1.9373,9.6946,0.3403,0.4611,0.1491
1.5024,1.8696,9.7556,0.3406,0.4812,0.1562
1.5931,1.9618,9.9045,0.3490,0.4804,0.1392
1.7282,1.9195,9.6428,0.3295,0.4691,0.1397
1.4243,1.8071,9.7970,0.3188,0.4726,0.1127
1.5300,1.9435,9.8324,0.3248,0.4706,0.1034
1.4910,1.9822,9.8079,0.3300,0.4573,0.1047
1.4822,1.8761,9.8428,0.3106,0.4666,0.0908
1.4036,1.9089,9.8706,0.3046,0.4667,0.0804
1.4230,1.9578,9.7627,0.3024,0.4769,0.0557
1.2226,1.9379,9.9187,0.2947,0.4586,0.0632
1.0861,1.9540,9.8637,0.2714,0.4636,0.0416
1.3485,2.1175,9.9140,0.2784,0.4632,0.0408
1.1000,1.9389,9.9634,0.2874,0.4523,0.0313
1.0100,2.0666,9.7102,0.2930,0.4693,0.0316
1.0067,1.9902,9.7660,0.2746,0.4644,0.0130
1.1752,2.0449,9.9046,0.2510,0.4562,0.0126
0.9955,1.9030,9.8090,0.2490,0.4514,0.0122
0.9865,1.9163,9.6972,0.2460,0.4450,-0.0146
1.1471,1.9908,9.7801,0.2453,0.4428,-0.0165
0.7716,1.9526,9.8359,0.2418,0.4439,-0.0326
0.8859,2.1146,9.6517,0.2287,0.4380,-0.0719
0.6641,1.9515,9.6700,0.2365,0.4416,-0.0510
0.7099,2.0460,9.7273,0.2325,0.4424,-0.0744
0.6067,2.0393,9.8625,0.1884,0.4596,-0.0592
0.4912,1.7202,9.7086,0.2158,0.4592,-0.0783
0.3283,1.7597,9.9756,0.2036,0.4560,-0.0991
0.2484,1.9119,9.7653,0.2205,0.4322,-0.1003
0.2948,1.7682,9.8315,0.2019,0.4493,-0.1181
0.2604,1.8137,9.8464,0.1966,0.4265,-0.1262
0.1450,1.9481,9.8840,0.1898,0.4378,-0.1560
0.1448,2.0541,9.5323,0.1759,0.4347,-0.1517
-0.0039,2.0578,9.8420,0.1677,0.4352,-0.1454
-0.0023,1.9738,9.8653,0.1705,0.4285,-0.1566
-0.2290,2.0852,9.7639,0.1696,0.4252,-0.1716
-0.0778,1.8348,9.7391,0.1529,0.4416,-0.1709
-0.0266,1.7912,9.8641,0.1311,0.4189,-0.1866
-0.2735,1.8854,9.8501,0.1270,0.4057,-0.2031
-0.3418,1.6135,9.6563,0.1368,0.4138,-0.2041
-0.4242,1.8898,9.7937,0.1348,0.4115,-0.2203
-0.2965,1.6888,9.8590,0.1099,0.3835,-0.2341
-0.5083,1.8188,9.7401,0.1218,0.4095,-0.2446
-0.4235,1.7725,9.6919,0.0864,0.4025,-0.2406
-0.6390,1.7475,9.8623,0.1106,0.4177,-0.2478
-0.5384,1.6942,9.7833,0.0862,0.4212,-0.2734
-0.6676,1.7166,9.6638,0.0697,0.3897,-0.2740
-0.7830,1.7581,9.5859,0.0727,0.3937,-0.2837
-0.9250,1.5710,9.6889,0.0630,0.3998,-0.2655
-0.8564,1.7337,9.8608,0.0573,0.3818,-0.2898
-0.9852,1.5857,9.6433,0.0640,0.4035,-0.3062
-0.9495,1.7988,9.6212,0.0575,0.4092,-0.3248
-1.1954,1.4733,9.8975,0.0313,0.3947,-0.3399
-1.0975,1.5318,9.8441,0.0317,0.3838,-0.3273
-1.1457,1.4673,9.7418,0.0296,0.3959,-0.3299
-1.2259,1.5194,9.9091,0.0313,0.3754,-0.3506
-1.3604,1.5778,9.6102,0.0355,0.3764,-0.3578
-1.3148,1.4191,9.8047,0.0177,0.3667,-0.3581
-1.2350,1.4465,9.8362,0.0098,0.3628,-0.3570
-1.3967,1.2319,9.8496,0.0080,0.3500,-0.3865
-1.4686,1.3651,9.6570,-0.0143,0.3717,-0.3755
-1.5439,1.3902,9.8322,-0.0107,0.3596,-0.3776
-1.4861,1.3478,9.7186,-0.0343,0.3628,-0.3890
-1.5640,1.3379,9.8498,-0.0332,0.3583,-0.3896
-1.5662,1.3094,9.8751,-0.0364,0.3484,-0.3945
-1.5729,1.1652,9.7274,-0.0435,0.3558,-0.4258
-1.5979,1.2395,9.8876,-0.0366,0.3326,-0.4140
-1.5614,1.1769,9.7429,-0.0514,0.3360,-0.4334
-1.7885,1.2526,9.7345,-0.0624,0.3552,-0.4210
-1.6516,1.1192,9.9102,-0.0547,0.3506,-0.4277
-1.8246,1.1459,9.7888,-0.0690,0.3342,-0.4275
-1.9107,1.2098,9.6229,-0.0784,0.3377,-0.4486
-1.7865,1.1052,9.6401,-0.0945,0.3222,-0.4408
-1.8292,0.9633,9.5968,-0.1078,0.3492,-0.4338
-1.7985,0.9807,9.8999,-0.0911,0.3418,-0.4745
-1.8748,0.9063,9.7241,-0.0993,0.3121,-0.4599
-1.9305,0.8382,9.7382,-0.1098,0.3432,-0.4645
-2.0360,0.8500,9.8521,-0.1190,0.3176,-0.4618
-1.9778,0.7813,9.7880,-0.1142,0.3138,-0.4928
-1.9471,0.8448,9.8196,-0.1533,0.3359,-0.4570
-1.9538,0.7560,9.5348,-0.1544,0.3149,-0.4956
-2.0293,0.6401,9.7605,-0.1337,0.3195,-0.4941
-1.9521,0.7240,9.8358,-0.1438,0.3222,-0.4833
-1.9992,0.6816,9.8524,-0.1574,0.3176,-0.4965
-2.0220,0.7253,9.8624,-0.1729,0.3057,-0.5024
-1.9932,0.7153,9.9017,-0.1732,0.3024,-0.5081
-2.0847,0.5071,9.8207,-0.1716,0.2961,-0.5130
-1.8957,0.5497,9.9338,-0.1764,0.2861,-0.4947
-2.2361,0.6320,9.8267,-0.1805,0.3088,-0.4934
-1.9442,0.4429,9.7001,-0.2004,0.3187,-0.5154
-2.0460,0.5194,9.9246,-0.1982,0.3067,-0.5022
-1.9876,0.3612,9.7326,-0.2069,0.2780,-0.5013
-2.1515,0.1887,9.8149,-0.2257,0.2877,-0.5173
-1.9947,0.4107,9.9948,-0.2288,0.2838,-0.5088
-1.7658,0.1571,9.8226,-0.2421,0.2770,-0.5104
-1.8962,0.3112,9.8170,-0.2282,0.2961,-0.5283
-1.9317,0.1736,9.6680,-0.2300,0.2663,-0.5232
-1.8146,0.0305,9.8620,-0.2492,0.2783,-0.5297
-1.7257,0.0347,9.7282,-0.2488,0.2478,-0.5220
-1.7429,0.0314,9.7211,-0.2452,0.2583,-0.5030
-1.7111,0.1165,9.8188,-0.2439,0.2550,-0.5259
-1.8175,0.0256,9.6962,-0.2588,0.2515,-0.5283
-1.6785,-0.0492,9.7880,-0.2812,0.2704,-0.5231
-1.5908,-0.1884,9.8823,-0.2611,0.2565,-0.5343
-1.7590,0.0500,9.6347,-0.2819,0.2509,-0.5087
-1.6066,-0.1679,9.8804,-0.3074,0.2455,-0.5255
-1.4370,-0.3863,9.8362,-0.2936,0.2568,-0.5286
-1.4979,-0.3348,9.8153,-0.3034,0.2534,-0.5249
-1.5497,-0.2974,9.8001,-0.3045,0.2284,-0.5271
-1.4367,-0.2599,9.8161,-0.3083,0.2368,-0.5155
-1.3418,-0.5525,9.8199,-0.2931,0.2418,-0.5298
-1.2803,-0.3651,9.7601,-0.3243,0.2199,-0.5164
-1.3641,-0.5518,9.6988,-0.3225,0.2185,-0.5065
-1.3775,-0.4266,9.5713,-0.3334,0.2266,-0.5128
-1.0345,-0.4418,9.7943,-0.3251,0.2002,-0.5174
-1.1915,-0.5515,9.9140,-0.3205,0.2102,-0.5034
-1.0349,-0.5048,9.7414,-0.3585,0.2210,-0.4933
-0.9305,-0.5358,10.0041,-0.3555,0.2114,-0.5088
-0.9782,-0.5622,9.6632,-0.3618,0.2003,-0.5041
-0.8107,-0.7307,9.8617,-0.3538,0.2240,-0.4856
-0.9591,-0.6849,9.6937,-0.3552,0.2091,-0.4792
-0.7576,-0.6807,9.6727,-0.3618,0.2052,-0.4843
-0.6013,-0.7803,9.4784,-0.3877,0.2028,-0.4889
-0.6359,-0.8235,9.5643,-0.3658,0.1989,-0.4583
-0.4674,-0.8498,9.8347,-0.3902,0.1906,-0.4826
-0.6736,-0.8799,9.9426,-0.3977,0.1707,-0.4748
-0.5727,-0.8286,9.7827,-0.3867,0.1854,-0.4771
-0.3356,-0.9542,9.7588,-0.3891,0.1897,-0.4762
-0.2536,-0.9758,9.8511,-0.3958,0.1630,-0.4727
-0.2300,-0.9823,9.9311,-0.3904,0.1766,-0.4520
-0.2220,-0.9696,9.7680,-0.4061,0.1748,-0.4293
-0.1609,-1.0472,9.8856,-0.4218,0.1561,-0.4511
-0.1205,-1.0038,9.7595,-0.4406,0.1651,-0.4448
0.0379,-1.1769,9.8806,-0.4012,0.1803,-0.4338
-0.0869,-1.2141,9.7721,-0.4112,0.1651,-0.4177
0.0816,-1.1372,9.7759,-0.4272,0.1457,-0.4304
0.0084,-1.0545,9.9484,-0.4396,0.1592,-0.4190
0.2475,-1.1771,9.9100,-0.4269,0.1474,-0.4221
0.3034,-1.3285,9.7652,-0.4433,0.1531,-0.4031
0.2791,-1.3314,9.6544,-0.4518,0.1392,-0.3850
0.3415,-1.3927,9.8783,-0.4610,0.1647,-0.3877
0.3983,-1.4473,9.9056,-0.4553,0.1326,-0.3760
0.5597,-1.3934,9.6213,-0.4516,0.1294,-0.3733
0.6267,-1.4644,9.8435,-0.4715,0.1300,-0.3581
0.6689,-1.4306,9.7969,-0.4692,0.1502,-0.3600
0.7539,-1.5808,9.8576,-0.4675,0.1379,-0.3601
0.5217,-1.6368,9.8094,-0.4510,0.1235,-0.3471
0.9645,-1.6094,9.8725,-0.4812,0.1234,-0.3307
0.8280,-1.6243,9.7282,-0.4669,0.1143,-0.3262
0.9402,-1.7892,9.7229,-0.4825,0.1110,-0.3238
0.8551,-1.5567,9.7579,-0.4849,0.1249,-0.2974
0.9686,-1.3348,9.7068,-0.4904,0.1099,-0.3151
0.8720,-1.4407,9.6866,-0.4787,0.1108,-0.2835
1.0495,-1.7133,9.8177,-0.5058,0.1008,-0.2916
1.2579,-1.6752,9.8414,-0.5141,0.0921,-0.2650
1.1142,-1.7328,10.0534,-0.4974,0.0966,-0.2863
1.2513,-1.8391,9.8153,-0.5002,0.0972,-0.2745
1.2484,-1.7684,9.7464,-0.4908,0.1019,-0.2402
1.2070,-1.8307,9.8981,-0.5067,0.1083,-0.2373
1.5355,-1.7620,9.6688,-0.5126,0.0838,-0.2278
1.6128,-1.6359,9.9023,-0.4887,0.0821,-0.2399
1.5114,-1.6574,9.8453,-0.4903,0.0841,-0.2351
1.3654,-1.8622,9.9159,-0.4963,0.0726,-0.2249
1.6524,-1.8502,10.0157,-0.5124,0.0665,-0.1971
1.7403,-1.9966,9.7554,-0.5030,0.0647,-0.1769
1.8026,-2.0526,9.8104,-0.4974,0.0705,-0.1987
1.6700,-2.1450,9.8928,-0.5115,0.0682,-0.1751
1.7508,-1.9062,9.6800,-0.5312,0.0433,-0.1527
1.8188,-1.6968,9.6532,-0.4939,0.0436,-0.1780
1.8019,-2.0164,9.9194,-0.5140,0.0396,-0.1521
1.7385,-1.8969,10.0954,-0.5133,0.0412,-0.1439
1.7618,-1.9791,9.8175,-0.5240,0.0389,-0.1353
1.8846,-2.1838,9.7350,-0.5269,0.0274,-0.1102
1.9919,-1.8341,9.9759,-0.5176,0.0396,-0.1329
1.9520,-1.9830,9.7705,-0.5194,0.0294,-0.1017
2.0804,-1.8758,9.8006,-0.5327,0.0309,-0.0751
1.8937,-1.8343,9.8925,-0.5237,0.0187,-0.0723
1.8470,-1.8799,9.8718,-0.5191,0.0193,-0.0738
2.2320,-1.9708,9.7329,-0.5354,0.0280,-0.0491
2.0395,-2.0397,9.7959,-0.5297,0.0085,-0.0300
2.1077,-1.8283,9.9523,-0.5255,0.0285,-0.0580
2.0179,-1.9477,9.7335,-0.5397,-0.0045,-0.0249
2.0485,-1.8772,9.8753,-0.5315,0.0135,-0.0070
2.0597,-1.9324,9.6300,-0.5266,0.0038,-0.0159
2.0127,-2.0244,9.8519,-0.5184,0.0041,0.0104
1.8994,-1.8808,9.6886,-0.5189,-0.0119,0.0321
1.9565,-2.0700,9.9791,-0.5371,-0.0091,0.0227
2.0152,-2.0742,9.8648,-0.5184,-0.0173,0.0500
1.9596,-1.9711,9.9219,-0.5204,-0.0322,0.0445
2.0127,-2.0426,9.8822,-0.5146,-0.0209,0.0610
1.9844,-1.9147,9.8059,-0.5216,-0.0312,0.0637
2.0345,-1.9794,9.6854,-0.5264,-0.0273,0.0605
1.7905,-2.1299,9.6317,-0.5058,-0.0435,0.0789
1.9215,-2.0838,9.8028,-0.5133,-0.0327,0.0920
1.9516,-1.7963,9.7423,-0.5221,-0.0414,0.1219
2.0429,-1.9007,9.8082,-0.5099,-0.0465,0.1098
1.7484,-2.0465,9.8516,-0.5033,-0.0525,0.1118
1.6396,-1.9907,9.8512,-0.5121,-0.0414,0.1432
1.8222,-1.8757,9.7122,-0.5124,-0.0479,0.1546
1.5947,-1.8928,9.7706,-0.5174,-0.0467,0.1429
1.4939,-1.8816,9.7988,-0.5209,-0.0617,0.1757
1.8531,-1.9763,9.8987,-0.5272,-0.0430,0.1589
1.7391,-1.9974,9.8354,-0.4948,-0.0750,0.1765
1.4898,-1.9071,9.8659,-0.5036,-0.0389,0.1835
1.6548,-1.8230,9.7739,-0.5194,-0.0766,0.1811
1.5060,-1.8957,9.9182,-0.5115,-0.0708,0.2081
1.5319,-1.9150,9.5318,-0.4990,-0.0706,0.2163
1.4259,-1.7748,9.8684,-0.5064,-0.0892,0.2233
1.4120,-1.6596,9.6919,-0.4960,-0.0872,0.2498
1.3590,-1.7861,9.8365,-0.4974,-0.1032,0.2481
1.4095,-1.9081,9.7270,-0.5062,-0.0793,0.2639
1.3909,-1.7182,9.9907,-0.4702,-0.1046,0.2588
1.1596,-1.7472,10.0019,-0.4892,-0.0887,0.2681
1.1895,-1.8480,9.8892,-0.4848,-0.1099,0.2710
1.2755,-1.5388,10.0055,-0.4795,-0.1100,0.2765
1.1889,-1.6548,9.7049,-0.4793,-0.1098,0.2885
0.8802,-1.4298,9.9186,-0.4851,-0.0969,0.3005
0.8591,-1.6408,9.9993,-0.4824,-0.1075,0.3044
0.8516,-1.6565,9.8464,-0.4625,-0.1056,0.3148
0.9151,-1.6226,9.8779,-0.4979,-0.1219,0.3068
1.0351,-1.5483,9.6013,-0.4674,-0.1057,0.3302
0.9588,-1.4394,9.6889,-0.4753,-0.1212,0.3297
0.7250,-1.4967,9.7614,-0.4543,-0.1034,0.3547
0.7077,-1.5123,9.8637,-0.4363,-0.1317,0.3407
0.5573,-1.4253,9.8036,-0.4472,-0.1435,0.3552
0.6010,-1.5208,9.6417,-0.4515,-0.1310,0.3607
0.4105,-1.3839,9.7959,-0.4437,-0.1445,0.3948
0.5122,-1.4028,9.9233,-0.4258,-0.1566,0.3780
0.4487,-1.4393,9.8991,-0.4449,-0.1283,0.3986
0.3489,-1.2798,9.7623,-0.4482,-0.1334,0.3922
0.2836,-1.1998,9.8052,-0.4327,-0.1590,0.4130
0.0179,-1.4116,9.8110,-0.4404,-0.1607,0.4168
0.0850,-1.1944,9.9791,-0.4322,-0.1610,0.4107
0.0858,-1.2681,9.9171,-0.4171,-0.1669,0.4154
-0.0917,-1.1328,9.9900,-0.4129,-0.1654,0.4204
-0.0028,-1.1220,9.9982,-0.4308,-0.1640,0.4417
0.1049,-0.9577,9.8165,-0.4262,-0.1702,0.4387
-0.4832,-1.1126,9.7795,-0.4116,-0.1740,0.4501
-0.2065,-1.0823,9.9302,-0.3929,-0.1758,0.4333
-0.4467,-1.0329,9.8117,-0.3947,-0.1831,0.4641
-0.5323,-0.9616,9.6444,-0.3989,-0.1833,0.4403
-0.3910,-1.0217,9.8698,-0.3926,-0.1710,0.4487
-0.4808,-0.8305,9.6835,-0.3942,-0.1832,0.4600
-0.5790,-0.8267,9.8590,-0.3943,-0.1848,0.4790
-0.7274,-0.8947,9.7833,-0.3709,-0.1792,0.4735
-0.5795,-0.8857,9.7403,-0.3855,-0.2031,0.4747
-0.6628,-0.7647,9.7175,-0.3724,-0.2079,0.4908
-0.8577,-0.7145,9.8112,-0.3697,-0.1976,0.4793
-0.6939,-0.4882,9.8391,-0.3595,-0.2070,0.4968
-0.9459,-0.6029,9.8503,-0.3536,-0.1960,0.4958
-0.9017,-0.6156,9.8470,-0.3630,-0.2153,0.5018
-1.0849,-0.5826,9.8159,-0.3521,-0.2108,0.4898
-1.1484,-0.5409,9.7102,-0.3472,-0.2197,0.5079
-1.1600,-0.6958,9.7323,-0.3507,-0.2268,0.5058
-1.1430,-0.6583,9.6523,-0.3374,-0.2436,0.5089
-1.3063,-0.5134,9.6983,-0.3220,-0.2178,0.5075
-1.3088,-0.3972,9.9764,-0.3204,-0.2153,0.5352
-1.3492,-0.5793,9.9220,-0.3198,-0.2412,0.5249
-1.4597,-0.3213,9.8889,-0.3183,-0.2438,0.5015
-1.5058,-0.1670,9.8513,-0.2993,-0.2429,0.5277
-1.7377,-0.1701,9.8287,-0.2856,-0.2429,0.5408
-1.6375,-0.2307,9.7823,-0.2958,-0.2496,0.5117
-1.6316,-0.0711,9.6602,-0.3022,-0.2619,0.5176
-1.4681,0.0265,9.9870,-0.2801,-0.2611,0.5078
-1.6217,-0.1371,9.9885,-0.2746,-0.2573,0.5456
-1.6764,-0.1415,9.5104,-0.2632,-0.2759,0.5162
-1.7522,0.0585,9.7807,-0.2559,-0.2747,0.4993
-1.6772,0.0963,9.9046,-0.2689,-0.2562,0.5328
-1.7531,-0.0900,9.9614,-0.2504,-0.2549,0.5080
-1.9446,0.1205,9.8405,-0.2311,-0.2798,0.5281
-1.6201,0.0865,9.8489,-0.2397,-0.2689,0.5275
-1.7439,0.0674,9.8975,-0.2461,-0.2682,0.5182
-1.9552,0.0286,9.9489,-0.2394,-0.2788,0.5336
-2.0503,0.0990,9.8181,-0.2129,-0.2662,0.5151
-1.9072,0.1711,9.7324,-0.2419,-0.2768,0.5374
-1.9771,0.1758,9.8837,-0.2150,-0.2775,0.5173
-2.1326,0.3452,9.6438,-0.2279,-0.2813,0.5379
-1.7005,0.5533,9.8458,-0.2094,-0.2897,0.5122
-2.1211,0.4062,9.9082,-0.1924,-0.2868,0.4926
-2.0157,0.4091,9.7404,-0.1875,-0.2873,0.5021
-2.0981,0.5912,9.8751,-0.1813,-0.3160,0.5129
-2.0528,0.7190,9.7993,-0.1787,-0.2892,0.5069
-2.0104,0.3801,9.8635,-0.1596,-0.2928,0.5006
-2.0338,0.5143,9.5776,-0.1694,-0.3089,0.5104
-1.9320,0.5927,9.7052,-0.1536,-0.2991,0.4931
-1.8985,0.8596,9.7326,-0.1589,-0.2960,0.5077
-2.0974,0.8424,9.6699,-0.1619,-0.3131,0.4889
-1.7911,0.9207,10.0077,-0.1367,-0.3095,0.4861
-1.9689,0.7455,9.8031,-0.1388,-0.3161,0.4657
-1.8283,0.8079,9.8653,-0.1197,-0.3254,0.4946
-1.9330,0.7565,9.7546,-0.1046,-0.3184,0.4838
-2.2259,0.7072,9.7219,-0.1170,-0.3338,0.4718
-1.9189,0.9609,9.7512,-0.1021,-0.3325,0.4717
-1.9270,1.0234,9.7880,-0.0996,-0.3384,0.4512
-1.9336,1.1668,9.6711,-0.0970,-0.3437,0.4455
-2.0326,0.9749,9.7576,-0.0898,-0.3424,0.4410
-2.1127,1.0555,9.7053,-0.0784,-0.3469,0.4425
-1.8162,1.0992,10.0460,-0.0673,-0.3442,0.4467
-1.8084,0.9829,9.7107,-0.0555,-0.3394,0.4410
-1.7066,1.0721,9.8431,-0.0734,-0.3443,0.4379
-1.6802,1.3000,9.9216,-0.0546,-0.3536,0.4181
-1.7522,1.2076,9.8046,-0.0628,-0.3439,0.4055
-1.7085,1.1146,9.7353,-0.0289,-0.3671,0.4072
-1.8083,1.2150,9.8397,-0.0439,-0.3537,0.4115
-1.8144,1.3540,9.8674,-0.0253,-0.3561,0.4168
-1.6252,1.3200,9.7591,-0.0060,-0.3740,0.3907
-1.3728,1.2531,9.8228,-0.0077,-0.3612,0.3754
-1.5242,1.4726,9.9397,0.0045,-0.3597,0.3746
-1.4501,1.3497,9.6108,-0.0103,-0.3749,0.3669
-1.3567,1.4694,9.9390,0.0126,-0.3514,0.3759
-1.3775,1.5244,9.8409,0.0056,-0.3769,0.3590
-1.4119,1.3346,9.7043,0.0172,-0.3708,0.3559
-1.0575,1.5171,9.6224,0.0176,-0.3699,0.3289
-1.0952,1.5172,9.7514,0.0303,-0.3851,0.3282
-1.1514,1.5566,9.9231,0.0233,-0.3839,0.3334
-1.0127,1.6735,9.9284,0.0445,-0.3842,0.3195
-1.0558,1.5364,9.7726,0.0577,-0.3873,0.3037
-1.0096,1.5441,9.8385,0.0606,-0.3898,0.3099
-0.9653,1.6182,9.7957,0.0611,-0.3856,0.2931
-0.9421,1.7463,9.8958,0.0673,-0.4051,0.2927
-0.7978,1.7311,9.9865,0.0773,-0.3951,0.2668
-0.7403,1.6937,9.5497,0.0629,-0.4040,0.2557
-0.8179,1.7238,9.8389,0.0882,-0.4198,0.2523
-0.5895,1.6406,9.8802,0.1044,-0.3988,0.2548
-0.5894,1.7374,9.9387,0.1067,-0.4020,0.2694
-0.4354,1.6634,9.9177,0.0932,-0.4245,0.2378
-0.3982,1.7617,9.6883,0.1140,-0.4172,0.2259
-0.3230,1.8873,9.8173,0.1169,-0.4105,0.2198
-0.2479,1.7780,9.8324,0.1345,-0.4124,0.2145
-0.2825,1.7161,9.7474,0.1258,-0.3976,0.1937
-0.0931,1.9073,9.9795,0.1230,-0.4138,0.2016
-0.3070,1.9572,9.8184,0.1466,-0.4352,0.1813
-0.2077,1.7826,9.7691,0.1399,-0.4176,0.1647
0.0129,1.9286,9.8477,0.1624,-0.4239,0.1729
0.0702,1.7667,9.7120,0.1556,-0.4164,0.1551
-0.0172,1.8242,9.7187,0.1819,-0.4166,0.1517
0.1286,1.8880,9.7134,0.1711,-0.4296,0.1380
0.2832,1.8947,9.9303,0.1726,-0.4426,0.1339
0.3981,1.9941,9.7075,0.1956,-0.4467,0.1082
0.2402,1.9023,9.7559,0.1938,-0.4400,0.1075
0.4252,1.8318,9.7107,0.1842,-0.4270,0.0981
0.4303,1.9051,9.8059,0.2003,-0.4346,0.0967
0.5309,1.9874,9.7849,0.2057,-0.4566,0.0882
0.6713,2.0718,9.7889,0.2282,-0.4393,0.0798
0.8132,2.1131,9.9231,0.2323,-0.4259,0.0603
0.5740,2.0006,9.8023,0.2219,-0.4445,0.0461
0.6128,2.0397,9.7726,0.2547,-0.4533,0.0228
0.8527,2.1081,9.8471,0.2481,-0.4466,0.0454
1.0122,1.9585,9.9239,0.2578,-0.4362,0.0251
0.9384,2.0539,9.5787,0.2509,-0.4489,0.0127
1.1496,2.0273,9.7722,0.2624,-0.4393,0.0099
1.1128,2.0840,9.6194,0.2669,-0.4539,-0.0162
1.3125,2.0084,9.8759,0.2757,-0.4467,-0.0068
1.1127,1.9630,9.7773,0.2661,-0.4755,-0.0339
1.1732,1.9731,9.7289,0.2781,-0.4407,-0.0412
1.3404,1.9995,9.8502,0.2940,-0.4577,-0.0481
1.1833,1.9362,9.8470,0.3016,-0.4493,-0.0564
1.3678,1.9359,9.8478,0.2834,-0.4677,-0.0492
1.4123,2.0098,9.9101,0.3137,-0.4649,-0.0499
1.3687,2.1478,9.8064,0.2979,-0.4679,-0.0822
1.4893,2.0664,9.8317,0.3261,-0.4777,-0.0887
1.4895,1.8871,9.8913,0.3019,-0.4578,-0.1174
1.5549,1.9430,9.8073,0.3327,-0.4679,-0.1267
1.5578,1.7723,9.8868,0.3342,-0.4579,-0.1278
1.5339,1.8678,9.7938,0.3262,-0.4727,-0.1332
1.6544,1.8252,9.8510,0.3461,-0.4730,-0.1471
1.7168,2.0445,9.8189,0.3420,-0.4848,-0.1707
1.6993,1.9074,9.7304,0.3577,-0.4648,-0.1411
1.7498,1.8589,9.8075,0.3592,-0.4656,-0.1815
1.9087,1.8070,9.7506,0.3606,-0.4774,-0.1789
1.8364,1.9111,9.8386,0.3705,-0.4811,-0.1835
1.7523,1.7784,9.8507,0.3699,-0.4799,-0.2135
1.7577,1.8187,9.5967,0.3912,-0.4946,-0.2224
1.8910,1.8604,9.8428,0.4083,-0.4855,-0.2204
2.0415,1.8753,9.8296,0.3926,-0.4782,-0.2453
1.8249,1.7807,9.8332,0.4047,-0.4924,-0.2472
1.9440,1.7599,9.6835,0.3864,-0.4907,-0.2536
2.1672,1.6911,9.7828,0.3866,-0.4822,-0.2521
1.9224,1.8117,9.9207,0.3997,-0.5032,-0.2446
1.9664,1.7758,9.8015,0.4128,-0.4838,-0.2926
1.8488,1.7890,9.7206,0.4100,-0.4830,-0.2717
2.1497,1.5794,9.8944,0.4094,-0.5152,-0.2776
2.0345,1.7999,9.7917,0.4176,-0.4916,-0.2903
2.0713,1.4506,9.7832,0.4157,-0.5010,-0.2870
2.0210,1.5247,9.9569,0.4213,-0.5075,-0.3051
2.0803,1.6452,9.8481,0.4311,-0.5087,-0.3267
1.9946,1.5538,9.7240,0.4335,-0.4871,-0.3319
1.7942,1.5265,9.8666,0.4492,-0.5027,-0.3427
1.9105,1.4840,9.8942,0.4331,-0.4942,-0.3409
1.9090,1.4933,9.7915,0.4353,-0.5164,-0.3605
1.9505,1.5427,9.7786,0.4395,-0.5111,-0.3490
1.8842,1.5586,9.6752,0.4594,-0.4973,-0.3705
1.8411,1.3853,9.7264,0.4362,-0.5084,-0.3563
1.8812,1.5413,9.9731,0.4634,-0.4915,-0.3821
1.7774,1.5576,9.6731,0.4615,-0.5158,-0.3887
1.9584,1.4618,10.0690,0.4623,-0.5146,-0.3928
1.8319,1.0548,9.8596,0.4710,-0.5116,-0.3776
1.8407,1.0594,9.8475,0.4781,-0.5237,-0.4168
1.6809,1.3744,9.6686,0.4739,-0.5105,-0.3980
1.5334,1.2761,9.8013,0.4643,-0.5282,-0.4105
1.6328,0.9937,9.6527,0.4776,-0.5235,-0.4565
1.7844,1.0752,9.9368,0.4846,-0.5212,-0.4209
1.7463,1.1068,9.8652,0.4687,-0.5104,-0.4383
1.6150,1.0842,9.6554,0.5180,-0.5049,-0.4395
1.6805,1.1106,9.9002,0.4922,-0.5164,-0.4376
1.4880,1.0791,9.7305,0.4837,-0.4924,-0.4526
1.5820,0.7786,9.6605,0.4921,-0.5178,-0.4632
1.6178,0.7890,9.8038,0.5031,-0.5211,-0.4509
1.3917,0.8082,9.7811,0.4977,-0.4961,-0.4712
1.4333,0.9962,9.9029,0.5027,-0.5169,-0.4757
1.2866,0.7290,9.8661,0.5112,-0.5239,-0.4641
1.1953,0.7955,9.8133,0.5130,-0.5215,-0.4683
1.2600,0.8241,9.8815,0.5067,-0.5219,-0.4809
1.2085,0.7790,9.8266,0.5146,-0.4954,-0.4779
1.2496,0.5920,9.7778,0.5019,-0.5151,-0.4830
1.0901,0.6428,9.6702,0.5250,-0.5197,-0.5075
1.0893,0.4827,9.7599,0.5109,-0.5176,-0.5055
0.9158,0.4480,9.8994,0.5122,-0.5357,-0.5026
0.9686,0.6159,9.8793,0.4951,-0.5168,-0.4928
0.9339,0.5437,9.8974,0.5188,-0.5095,-0.4901
1.0455,0.3621,9.7263,0.5244,-0.5173,-0.4946
0.8891,0.4862,9.8216,0.5145,-0.5232,-0.4925
0.6613,0.4525,9.5847,0.5139,-0.5021,-0.5015
0.6172,0.4583,10.0105,0.5322,-0.5025,-0.5185
0.4721,0.3956,9.7386,0.5223,-0.5253,-0.5155
0.6617,0.3463,9.8310,0.5245,-0.5185,-0.5058
0.4576,0.1510,9.9300,0.5327,-0.5238,-0.5231
0.1944,0.1852,9.8822,0.5283,-0.5295,-0.5354
0.3318,0.2595,9.6669,0.5316,-0.5166,-0.5176
0.4042,0.0565,9.7849,0.5227,-0.5163,-0.5453
0.0117,0.2795,9.8107,0.5358,-0.5177,-0.5296
0.3777,0.1291,9.8901,0.5283,-0.5155,-0.5115
0.0748,0.1145,9.6527,0.5406,-0.5251,-0.5131
0.1750,-0.0518,9.8993,0.5365,-0.5278,-0.5359
-0.2395,-0.0142,9.6946,0.5192,-0.5381,-0.5303
-0.0559,-0.1289,9.6044,0.5146,-0.5268,-0.5134
-0.2519,-0.2483,9.8417,0.5282,-0.5268,-0.5256
-0.1194,-0.1387,9.9287,0.5338,-0.5109,-0.5254
-0.3042,0.0606,9.8177,0.5126,-0.5358,-0.5152
-0.3359,-0.0566,9.9100,0.5188,-0.5461,-0.5187
-0.4195,-0.4518,9.7124,0.5060,-0.5129,-0.5191
-0.4960,-0.2142,9.6810,0.5220,-0.5233,-0.5251
-0.5421,-0.2200,9.8839,0.5188,-0.5274,-0.5101
-0.5647,-0.2440,9.8426,0.5166,-0.5237,-0.5183
-0.6046,-0.5037,9.7296,0.5238,-0.5291,-0.5205
-0.8907,-0.2755,9.8723,0.5096,-0.5217,-0.5066
-0.6950,-0.5051,9.8159,0.5164,-0.5298,-0.5286
-0.8781,-0.4106,9.8182,0.4999,-0.5262,-0.4931
-0.8388,-0.5935,9.5066,0.4931,-0.5305,-0.5001
-0.9814,-0.7031,9.7774,0.5164,-0.5159,-0.5061
-1.1044,-0.6847,9.8117,0.5182,-0.5254,-0.4957
-0.9443,-0.7599,9.8945,0.5355,-0.5338,-0.5001
-0.9845,-0.4375,9.7883,0.5132,-0.5195,-0.4850
-1.1028,-0.6840,9.6491,0.5014,-0.5212,-0.5010
-1.1388,-0.9226,9.8167,0.5005,-0.5034,-0.4830
-1.1455,-0.7948,9.6829,0.5107,-0.5205,-0.4919
-1.4978,-0.9250,9.7459,0.4959,-0.5122,-0.4570
-1.5250,-0.8221,9.8115,0.5084,-0.5160,-0.4645
-1.3640,-1.0408,9.9385,0.5070,-0.5158,-0.4810
-1.4384,-0.9334,9.7361,0.4997,-0.5162,-0.4707
-1.4519,-1.1629,9.6125,0.4905,-0.5125,-0.4476
-1.4615,-0.7595,9.7277,0.4993,-0.5055,-0.4567
-1.5987,-1.0115,9.7859,0.4899,-0.5178,-0.4561
-1.7183,-1.1154,9.7914,0.4810,-0.5192,-0.4410
-1.6549,-1.1182,9.7263,0.4738,-0.4976,-0.4379
-1.6635,-1.2102,9.8319,0.4480,-0.5166,-0.4357
-1.6340,-1.0461,9.8482,0.4863,-0.5090,-0.4235
-1.6521,-1.0629,9.6740,0.4812,-0.5147,-0.4120
-1.5748,-1.1225,9.7862,0.4593,-0.5117,-0.4129
-1.7739,-1.3706,9.8362,0.4742,-0.5127,-0.4223
-1.7885,-1.2813,9.7001,0.4797,-0.5012,-0.3974
-1.9081,-1.1395,9.9298,0.4619,-0.4925,-0.3962
-1.8002,-1.4153,9.7069,0.4585,-0.5074,-0.3964
-1.9858,-1.5045,10.0314,0.4640,-0.5090,-0.3830
-1.9414,-1.3113,9.7598,0.4652,-0.5025,-0.3743
-2.0329,-1.3270,9.7422,0.4642,-0.5045,-0.3935
-1.9193,-1.4316,9.7979,0.4619,-0.5107,-0.3824
-2.0149,-1.4036,9.7819,0.4583,-0.5255,-0.3411
-1.8668,-1.5055,9.8449,0.4450,-0.4895,-0.3647
-1.8092,-1.4451,9.8427,0.4566,-0.4802,-0.3573
-2.0393,-1.6525,9.8255,0.4569,-0.5061,-0.3585
-1.9110,-1.6071,9.6916,0.4345,-0.5038,-0.3195
-1.9689,-1.4395,9.7982,0.4295,-0.4974,-0.3104
-2.0227,-1.4233,9.7191,0.4111,-0.4948,-0.3194
-1.9108,-1.5180,9.7492,0.3933,-0.5103,-0.2925
-2.0033,-1.4841,9.9280,0.4168,-0.4913,-0.3111
-2.0639,-1.6385,9.6122,0.4276,-0.5057,-0.2831
-1.9671,-1.7933,9.7548,0.4072,-0.4944,-0.3064
-2.3435,-1.7725,9.7095,0.3896,-0.4946,-0.2599
-1.9373,-1.6131,9.8591,0.3872,-0.4982,-0.2554
-2.0652,-1.6564,9.8019,0.4057,-0.4843,-0.2556
-1.8087,-1.7073,9.6641,0.3758,-0.5044,-0.2378
-1.9215,-1.7845,9.8431,0.4033,-0.4879,-0.2399
-1.9485,-1.7895,9.7061,0.3801,-0.4649,-0.2252
-2.0075,-2.1018,9.9450,0.3865,-0.4672,-0.2411
-1.9547,-1.9684,9.8301,0.3862,-0.4882,-0.2022
-1.9457,-1.7713,9.8411,0.3624,-0.4942,-0.2072
-1.8806,-1.7189,9.8990,0.3562,-0.4886,-0.1899
-1.9628,-2.0899,9.7594,0.3547,-0.4888,-0.1888
-1.7071,-1.8692,9.8883,0.3406,-0.4734,-0.1758
-1.7342,-1.7850,9.7701,0.3417,-0.4697,-0.1691
-1.7059,-1.9566,9.7697,0.3518,-0.4748,-0.1489
-1.6945,-1.9075,9.8036,0.3333,-0.4852,-0.1242
-1.7981,-1.9358,9.9925,0.3344,-0.4721,-0.1366
-1.7638,-2.0369,9.6597,0.3310,-0.4770,-0.1154
-1.4450,-2.0105,9.8557,0.3229,-0.4664,-0.1001
-1.7111,-2.1139,10.0162,0.3143,-0.4717,-0.1084
-1.4241,-2.0999,9.8032,0.3175,-0.4712,-0.0999
-1.5063,-1.9877,9.7796,0.3107,-0.4745,-0.1001
-1.4157,-1.9015,9.8751,0.3034,-0.4673,-0.0729
-1.2718,-2.0832,9.7848,0.3111,-0.4637,-0.0749
-1.1911,-1.9631,9.8797,0.3031,-0.4550,-0.0489
-1.1340,-2.0453,9.6761,0.2908,-0.4636,-0.0303
-1.2882,-2.0334,9.7898,0.2904,-0.4638,-0.0393
-1.2972,-1.8904,9.7711,0.2770,-0.4628,-0.0187
-1.0603,-1.9874,9.7830,0.2677,-0.4626,-0.0014
-1.0358,-2.0615,9.8303,0.2678,-0.4548,-0.0155
-1.0769,-2.0406,9.7527,0.2757,-0.4463,-0.0114
-0.9549,-2.1433,9.7213,0.2634,-0.4639,0.0055
-0.7071,-2.1147,9.6039,0.2207,-0.4361,0.0337
-0.7686,-1.8468,9.5855,0.2491,-0.4565,0.0328
-0.6672,-2.1988,9.9549,0.2126,-0.4392,0.0351
-0.5833,-1.9331,9.7014,0.2137,-0.4537,0.0499
-0.5500,-1.9878,9.8272,0.2128,-0.4434,0.0590
-0.5554,-1.8575,9.9129,0.2249,-0.4336,0.0576
-0.4601,-1.8530,9.9199,0.2195,-0.4376,0.0756
-0.6083,-1.8193,9.8853,0.2130,-0.4452,0.0968
-0.4344,-1.7786,9.7190,0.2184,-0.4159,0.0802
-0.4033,-1.8860,9.6071,0.1819,-0.4340,0.0887
-0.3594,-2.0079,9.8525,0.1820,-0.4388,0.1310
-0.2113,-1.8946,9.7321,0.1774,-0.4341,0.1181
-0.1437,-1.8939,9.7631,0.1607,-0.4447,0.1466
-0.0007,-1.9317,9.7531,0.1553,-0.4263,0.1283
-0.0255,-1.9331,9.7495,0.1767,-0.4343,0.1606
0.1774,-2.0333,9.8153,0.1616,-0.4389,0.1719
0.0628,-1.8462,9.8505,0.1443,-0.4281,0.1794
0.4115,-1.7277,9.6290,0.1292,-0.4143,0.1889
0.2493,-1.7486,9.8816,0.1284,-0.4178,0.2077
0.3688,-2.0206,9.7575,0.1173,-0.4239,0.2023
0.4084,-1.8446,9.8494,0.1350,-0.4100,0.2301
0.1604,-1.8254,9.8196,0.1273,-0.3938,0.2243
0.5695,-1.9964,9.9188,0.1086,-0.4082,0.2393
0.6459,-1.7134,9.8474,0.1021,-0.4123,0.2314
0.5907,-1.7923,9.8986,0.1130,-0.3927,0.2577
0.6815,-1.7315,9.8771,0.0861,-0.3980,0.2653
0.6759,-1.7845,9.8636,0.0702,-0.4014,0.2395
0.5759,-1.5231,9.9957,0.0922,-0.3958,0.2820
0.9469,-1.6806,9.9061,0.1019,-0.4004,0.2896
0.9680,-1.5711,10.0779,0.0664,-0.3851,0.2745
0.7975,-1.7095,9.7851,0.0465,-0.3997,0.2968
0.9295,-1.6565,9.8640,0.0372,-0.3984,0.2891
0.9080,-1.4485,9.7508,0.0281,-0.3983,0.3160
0.8832,-1.4708,9.7898,0.0412,-0.3801,0.3285
1.2661,-1.7400,9.6966,0.0345,-0.3888,0.3514
1.1580,-1.5012,9.8156,0.0210,-0.3750,0.3397
1.2972,-1.4758,10.0592,0.0075,-0.3590,0.3428
1.3788,-1.5550,9.7531,0.0145,-0.3807,0.3675
1.2848,-1.5635,9.7013,0.0187,-0.3549,0.3613
1.5221,-1.2691,9.8520,0.0086,-0.3698,0.3667
1.4876,-1.3162,10.0307,-0.0118,-0.3705,0.3686
1.4780,-1.4651,9.7902,-0.0151,-0.3756,0.3693
1.5608,-1.4294,9.8807,-0.0264,-0.3879,0.4086
1.4456,-1.3552,9.8612,-0.0180,-0.3658,0.4196
1.5916,-1.1941,9.7955,-0.0333,-0.3678,0.4148
1.7221,-1.2933,9.7869,-0.0363,-0.3623,0.4254
1.6873,-1.3671,9.8476,-0.0324,-0.3777,0.4046
1.4723,-1.0375,9.6938,-0.0674,-0.3468,0.4153
1.7858,-1.1858,9.8270,-0.0490,-0.3536,0.4244
1.8058,-1.1890,9.7610,-0.0740,-0.3639,0.4477
1.7833,-1.0376,9.6509,-0.0643,-0.3459,0.4500
1.8061,-1.0921,9.7600,-0.0736,-0.3406,0.4345
1.7967,-0.7713,9.7853,-0.0761,-0.3374,0.4595
1.9269,-1.0218,9.7193,-0.0894,-0.3614,0.4497
1.8993,-1.1040,9.7353,-0.1049,-0.3259,0.4430
1.9045,-0.9550,9.8195,-0.1124,-0.3634,0.4694
1.9790,-0.9007,9.7065,-0.0883,-0.3195,0.4494
1.8497,-0.8568,10.0151,-0.1068,-0.3383,0.4779
1.9482,-0.7503,9.7407,-0.1366,-0.3165,0.4740
2.0717,-0.8354,9.8662,-0.1313,-0.3205,0.4867
1.9246,-0.8714,9.6897,-0.1299,-0.3138,0.4740
2.0887,-0.6861,9.9104,-0.1411,-0.3123,0.4842
2.0488,-0.6736,9.5770,-0.1459,-0.3136,0.4989
1.9081,-0.5068,9.8421,-0.1533,-0.3230,0.4820
2.2043,-0.5882,9.7479,-0.1523,-0.2929,0.5006
1.8530,-0.6217,9.8354,-0.1538,-0.3047,0.4808
2.0061,-0.5514,9.7690,-0.1630,-0.3088,0.4698
1.9426,-0.4758,9.6412,-0.1828,-0.3000,0.5049
2.0061,-0.6499,9.7133,-0.1720,-0.2846,0.4995
1.9430,-0.4996,9.7354,-0.1975,-0.2926,0.4997
1.9660,-0.4669,9.9314,-0.1851,-0.3117,0.5109
2.0377,-0.2088,9.7315,-0.2126,-0.2918,0.5035
1.8707,-0.2963,9.7657,-0.2120,-0.2899,0.5320
1.8975,-0.1735,9.6082,-0.2147,-0.2691,0.5035
1.6995,-0.2870,9.8305,-0.2065,-0.2797,0.5411
1.9692,-0.1369,9.7809,-0.2134,-0.2878,0.5086
1.8280,-0.2264,9.9251,-0.2300,-0.2863,0.5343
1.8422,-0.0235,9.8915,-0.2483,-0.2814,0.5166
1.8163,-0.1503,9.7615,-0.2482,-0.2699,0.5169
1.7979,-0.0308,9.8095,-0.2401,-0.2677,0.5349
1.6891,-0.1041,9.6936,-0.2552,-0.2508,0.5338
1.6367,-0.1539,10.0188,-0.2617,-0.2699,0.5118
1.5248,-0.0100,9.8428,-0.2772,-0.2597,0.5199
1.6279,0.0937,9.7686,-0.2554,-0.2706,0.5167
1.7101,0.2631,9.8015,-0.2601,-0.2417,0.5195
1.6666,-0.0054,9.8171,-0.2827,-0.2455,0.5206
1.5333,0.2290,9.6634,-0.2890,-0.2382,0.5241
1.5864,0.0828,9.7643,-0.3110,-0.2493,0.5121
1.5057,0.0915,9.7708,-0.2944,-0.2441,0.5106
1.4999,0.2488,9.8770,-0.3251,-0.2544,0.5083
1.3992,0.3386,9.9583,-0.3125,-0.2523,0.5162
1.2466,0.4359,9.8533,-0.3174,-0.2418,0.5201
1.2523,0.4042,9.7380,-0.3079,-0.2356,0.5229
1.1273,0.3689,9.5811,-0.3440,-0.2289,0.5249
1.3277,0.4154,9.7785,-0.3196,-0.2251,0.4923
0.9508,0.4673,9.8303,-0.3323,-0.1925,0.4952
1.1441,0.4779,9.9619,-0.3566,-0.2199,0.5103
1.0356,0.4835,9.8106,-0.3513,-0.2185,0.5058
1.0358,0.5366,9.7512,-0.3269,-0.1980,0.4933
0.9171,0.6661,9.8250,-0.3714,-0.2143,0.5058
1.0815,0.7510,9.6734,-0.3799,-0.1999,0.4851
0.7276,0.6819,9.7563,-0.3668,-0.1757,0.4790
0.7804,0.8422,9.8857,-0.3758,-0.2037,0.4843
0.7816,0.6756,9.6966,-0.3849,-0.1912,0.4691
0.5825,0.8817,9.6642,-0.3766,-0.1916,0.4918
0.5232,0.8789,9.8767,-0.3820,-0.1945,0.4727
0.6152,1.0896,9.7983,-0.3927,-0.1823,0.4684
0.3144,1.0569,9.7578,-0.3788,-0.1675,0.4661
0.3515,1.0863,9.8602,-0.3951,-0.1791,0.4608
0.2408,1.1557,9.7840,-0.4002,-0.1674,0.4466
0.1707,1.0362,9.7561,-0.4043,-0.1640,0.4443
0.1453,1.1119,9.7987,-0.3915,-0.1778,0.4387
0.0892,1.1836,10.1025,-0.4211,-0.1750,0.4510
0.0389,1.1930,9.6645,-0.4063,-0.1458,0.4166
-0.0031,1.2136,9.8874,-0.4281,-0.1537,0.4282
0.0389,1.1426,9.8476,-0.4227,-0.1669,0.4213
0.0931,1.0768,9.8288,-0.4123,-0.1607,0.4023
0.0570,1.1827,9.6933,-0.4334,-0.1685,0.4050
-0.3263,1.2937,9.7918,-0.4348,-0.1433,0.4105
-0.4304,1.2813,9.6327,-0.4430,-0.1474,0.3898
-0.3386,1.3660,9.7712,-0.4486,-0.1435,0.3754
-0.3534,1.3519,9.6010,-0.4586,-0.1393,0.3852
-0.4380,1.5208,9.7112,-0.4478,-0.1255,0.3601
-0.6071,1.2785,9.8614,-0.4204,-0.1495,0.3678
-0.6526,1.4662,9.8364,-0.4536,-0.1284,0.3424
-0.6670,1.4151,9.8336,-0.4709,-0.1306,0.3621
-0.6382,1.4063,9.8528,-0.4657,-0.1159,0.3464
-0.6907,1.4767,9.9188,-0.4810,-0.1273,0.3474
-0.8698,1.5694,9.7457,-0.4907,-0.1041,0.3289
-0.8614,1.5433,9.8151,-0.4815,-0.1101,0.3243
-0.9796,1.5560,9.8156,-0.4867,-0.1030,0.3079
-1.1233,1.5632,9.6380,-0.4585,-0.1036,0.3094
-0.9161,1.6626,9.8700,-0.4928,-0.1079,0.3000
-1.2988,1.6536,9.8326,-0.4798,-0.0778,0.2834
-1.1023,1.7980,9.7476,-0.4868,-0.1006,0.2766
-1.2952,1.6842,10.0263,-0.4761,-0.1097,0.2859
-1.3650,1.6772,9.9183,-0.4949,-0.0824,0.2802
-1.5289,1.8998,9.7988,-0.4778,-0.1077,0.2579
-1.2197,1.7816,9.5374,-0.4941,-0.0874,0.2526
-1.4933,1.7800,9.8041,-0.4914,-0.1073,0.2522
-1.5156,1.7833,9.7147,-0.4963,-0.0692,0.2376
-1.3265,1.5606,9.8549,-0.5012,-0.0730,0.2274
-1.4855,1.7163,9.6325,-0.5050,-0.0743,0.2251
-1.5960,1.8507,9.7619,-0.4992,-0.0598,0.1982
-1.6862,2.0403,9.7395,-0.5012,-0.0643,0.2028
-1.7579,1.8295,9.8411,-0.5041,-0.0830,0.1859
-1.5936,1.9912,9.7410,-0.5079,-0.0780,0.1589
-1.6770,1.8948,9.9097,-0.5035,-0.0517,0.1622
-1.6032,1.9651,9.8812,-0.5024,-0.0586,0.1644
-1.8965,1.8191,10.0144,-0.5311,-0.0521,0.1395
-1.7462,2.0172,9.7599,-0.5201,-0.0491,0.1289
-1.8387,2.0301,9.6901,-0.5378,-0.0496,0.1248
-1.7686,2.0517,9.7715,-0.5208,-0.0364,0.1030
-1.8725,1.9521,9.8246,-0.5121,-0.0561,0.1003
-1.7592,2.0265,9.7755,-0.5237,-0.0181,0.1118
-2.0245,1.8618,9.6423,-0.5255,-0.0577,0.1019
-1.9144,2.0495,9.8728,-0.5162,-0.0285,0.0748
-2.0897,1.9142,9.5988,-0.5296,-0.0354,0.0825
-1.8576,2.1416,9.8263,-0.5276,-0.0180,0.0564
-2.0665,1.8565,9.7416,-0.5117,-0.0119,0.0526
-1.9847,2.0381,9.8568,-0.5295,-0.0125,0.0438
-1.9601,1.9623,9.9348,-0.5215,-0.0051,0.0397
-2.2232,2.1302,9.9815,-0.5045,-0.0187,0.0314
-2.0786,1.9110,9.8491,-0.5212,0.0033,0.0350
-2.1416,1.9869,9.9891,-0.5236,-0.0251,-0.0068
-1.9428,1.9491,9.7204,-0.5214,0.0166,-0.0001
-2.0141,2.0855,9.6304,-0.5170,0.0151,-0.0237
-2.0411,1.8586,9.9010,-0.5199,0.0100,-0.0251
-1.8840,1.9306,9.9678,-0.5163,0.0049,-0.0268
-1.9800,2.1162,9.9182,-0.5040,0.0143,-0.0633
-1.9375,2.1745,9.7988,-0.5325,0.0201,-0.0573
-1.9825,1.9311,9.6091,-0.5259,0.0155,-0.0572
-2.0837,2.0493,9.8006,-0.5247,0.0163,-0.0711
-2.0204,1.9040,10.0628,-0.5113,0.0479,-0.0956
-1.9846,1.7539,9.9096,-0.5187,0.0304,-0.0956
-1.9157,2.0299,9.9656,-0.5018,0.0231,-0.1028
-1.9222,1.8301,9.8304,-0.5084,0.0228,-0.1187
-1.7873,1.9601,9.8854,-0.5230,0.0411,-0.1282
-1.7940,1.9940,10.0628,-0.5169,0.0471,-0.1230
-1.8413,1.9386,9.8273,-0.5155,0.0603,-0.1319
-1.6825,1.8259,9.9237,-0.5144,0.0438,-0.1431
-1.8257,1.8718,9.7662,-0.4945,0.0590,-0.1722
-1.7080,1.7945,9.7147,-0.5169,0.0558,-0.1377
-1.8532,1.8281,9.6654,-0.5102,0.0685,-0.1807
-1.4954,1.8268,9.9457,-0.5170,0.0466,-0.1824
-1.6593,1.6464,9.9880,-0.5174,0.0710,-0.2041
-1.4401,1.6941,9.6683,-0.5228,0.0715,-0.2113
-1.6636,1.6994,9.7031,-0.5043,0.0827,-0.2290
-1.5521,1.7265,9.6853,-0.5036,0.0807,-0.2188
-1.4947,1.8315,10.0011,-0.5047,0.0904,-0.2349
-1.3982,1.6206,9.9312,-0.5044,0.0889,-0.2178
-1.3688,1.6050,9.9831,-0.4951,0.0872,-0.2678
-1.2123,1.7227,9.9395,-0.5087,0.0949,-0.2537
-1.3517,1.6358,9.5740,-0.5004,0.0919,-0.2746
-1.1564,1.7982,9.9864,-0.5053,0.1038,-0.2789
-1.2941,1.7163,10.0220,-0.4908,0.0985,-0.2832
-0.9422,1.5732,9.8212,-0.4988,0.0829,-0.2928
-1.1525,1.6820,9.8262,-0.4824,0.0903,-0.3129
-0.9422,1.6759,9.9039,-0.4793,0.1137,-0.3052
-1.0548,1.4561,9.9366,-0.4629,0.1085,-0.3219
-0.8365,1.5060,9.7804,-0.4644,0.1205,-0.3213
-0.7825,1.3406,9.8215,-0.4797,0.1058,-0.3484
-0.5138,1.5157,9.8143,-0.4569,0.1111,-0.3546
-0.6756,1.3495,9.8024,-0.4669,0.1403,-0.3524
-0.5142,1.4347,9.8300,-0.4821,0.1442,-0.3482
-0.5925,1.4274,9.6695,-0.4761,0.1246,-0.3577
-0.4735,1.5228,9.7448,-0.4618,0.1205,-0.3424
-0.6183,1.4773,9.7213,-0.4518,0.1407,-0.3898
-0.4556,1.3024,9.7716,-0.4358,0.1424,-0.3946
-0.3586,1.3234,9.6743,-0.4412,0.1378,-0.3828
-0.3279,1.4197,9.7410,-0.4254,0.1722,-0.4070
-0.2148,1.5463,9.7907,-0.4309,0.1505,-0.4148
-0.0752,1.2685,9.8017,-0.4202,0.1646,-0.3986
-0.0147,1.2509,9.9612,-0.4176,0.1465,-0.4172
-0.2038,1.1629,9.7617,-0.4259,0.1560,-0.4226
-0.2047,1.2450,9.7966,-0.4175,0.1763,-0.4474
0.1477,1.0877,9.7250,-0.4263,0.1806,-0.4400
0.2900,1.1157,9.9369,-0.4157,0.1786,-0.4239
0.2917,1.0609,9.8216,-0.4014,0.1722,-0.4545
0.2735,1.1243,9.8135,-0.4169,0.1693,-0.4548
0.2128,1.0204,9.8316,-0.4015,0.1847,-0.4460
0.3675,0.7307,9.8707,-0.3917,0.1815,-0.4672
0.4356,0.9742,9.9723,-0.3858,0.2006,-0.4607
0.4902,0.9119,9.8461,-0.3900,0.1839,-0.4705
0.6567,0.7695,9.8907,-0.4019,0.1831,-0.4642
0.8177,0.9318,9.8123,-0.3624,0.1955,-0.4689
0.7643,0.9408,9.9402,-0.3835,0.2017,-0.4846
0.8022,0.9475,9.8406,-0.3540,0.1781,-0.4847
0.7816,0.5958,9.9465,-0.3698,0.2230,-0.5026
0.9939,0.6298,9.7889,-0.3668,0.2107,-0.4757
1.0304,0.8058,9.7788,-0.3515,0.1937,-0.4949
0.8644,0.6221,9.6200,-0.3551,0.2178,-0.4855
1.1610,0.5569,9.6923,-0.3374,0.2117,-0.5085
0.9342,0.7020,9.9417,-0.3448,0.2271,-0.5019
1.1075,0.7466,9.6802,-0.3539,0.2189,-0.5218
1.0984,0.4707,9.8666,-0.3428,0.2174,-0.5058
1.1406,0.2835,9.7633,-0.3397,0.2306,-0.5140
1.4163,0.4199,9.6724,-0.3114,0.2381,-0.5020
1.2520,0.5289,9.7866,-0.3269,0.2212,-0.5072
1.3770,0.4440,9.7791,-0.3044,0.2461,-0.5060
1.2241,0.3680,9.9823,-0.3155,0.2440,-0.5044
1.4864,0.2746,9.7466,-0.3100,0.2149,-0.5289
1.5317,0.0982,9.7668,-0.2827,0.2293,-0.5202
1.5961,0.3382,9.6133,-0.2920,0.2592,-0.5095
1.5742,0.1935,9.7300,-0.2802,0.2519,-0.5238
1.7075,0.0840,9.5330,-0.2948,0.2602,-0.5188
1.7908,0.0923,9.6707,-0.2576,0.2641,-0.5256
1.6041,0.1889,9.8273,-0.2722,0.2657,-0.5284
1.7324,-0.0392,9.8122,-0.2623,0.2646,-0.5202
1.6843,-0.0743,9.8484,-0.2496,0.2792,-0.5041
1.7976,-0.1066,9.8118,-0.2438,0.2811,-0.5368
1.7609,-0.1871,9.7932,-0.2343,0.2890,-0.5190
1.7319,-0.2361,9.8219,-0.2162,0.2738,-0.5162
1.9443,-0.2500,9.8074,-0.2481,0.2805,-0.5338
1.8420,-0.1744,9.7142,-0.2125,0.2878,-0.5074
1.8622,-0.3483,9.8628,-0.2215,0.2998,-0.5167
1.8976,-0.3950,9.9415,-0.2154,0.2753,-0.5113
1.9701,-0.1620,9.7204,-0.1940,0.2764,-0.5202
2.0367,-0.4601,9.8148,-0.2058,0.2852,-0.5134
2.0610,-0.5138,9.8599,-0.2008,0.2754,-0.5229
1.9705,-0.4498,9.6856,-0.1983,0.2902,-0.5114
2.0135,-0.4546,9.9156,-0.1639,0.3134,-0.4884
1.9541,-0.4544,9.8236,-0.1721,0.3095,-0.5130
1.8722,-0.5070,9.8302,-0.1619,0.2876,-0.5011
1.8098,-0.5299,9.8369,-0.1493,0.3017,-0.4953
2.2368,-0.8016,9.8140,-0.1441,0.3007,-0.4820
2.1170,-0.6515,9.8535,-0.1466,0.3038,-0.4867
1.9924,-0.7534,9.9164,-0.1598,0.3240,-0.4838
1.9517,-0.9018,9.8443,-0.1584,0.3206,-0.4913
2.0587,-0.6928,9.7882,-0.1392,0.3211,-0.4732
1.9713,-0.8947,9.7594,-0.1300,0.3195,-0.4579
2.1496,-0.7608,9.9343,-0.1155,0.3349,-0.4655
1.8908,-1.1452,9.7747,-0.1206,0.3262,-0.4742
2.0090,-0.9318,9.8276,-0.1084,0.3301,-0.4810
1.8145,-0.9459,9.6980,-0.1077,0.3340,-0.4648
1.7574,-0.9927,9.6616,-0.1080,0.3167,-0.4428
1.7608,-1.0817,9.8149,-0.0724,0.3311,-0.4535
1.8826,-1.2800,9.9385,-0.0842,0.3374,-0.4346
1.9238,-1.1639,9.8436,-0.0580,0.3350,-0.4519
1.8235,-0.9818,9.7617,-0.0608,0.3518,-0.4220
1.7951,-0.9682,9.8906,-0.0527,0.3486,-0.4065
1.8089,-1.1443,9.9011,-0.0713,0.3715,-0.4300
1.4689,-1.1564,9.8713,-0.0649,0.3644,-0.4248
1.5389,-1.3220,9.9515,-0.0291,0.3486,-0.4137
1.4682,-1.2912,9.7596,-0.0330,0.3608,-0.3970
1.7565,-1.1328,9.9625,-0.0149,0.3507,-0.3883
1.6802,-1.3181,9.7870,-0.0214,0.3500,-0.4004
1.5234,-1.3419,9.7742,-0.0128,0.3622,-0.3874
1.6258,-1.3711,9.6864,-0.0160,0.3882,-0.3741
1.3034,-1.4572,9.9288,-0.0209,0.3770,-0.3836
1.4864,-1.6283,9.8578,-0.0023,0.3780,-0.3697
1.2498,-1.5283,9.8360,0.0116,0.3830,-0.3511
1.1834,-1.4986,9.7007,0.0177,0.3751,-0.3519
1.3398,-1.3987,9.8181,0.0213,0.3939,-0.3299
1.1339,-1.6283,9.7634,0.0469,0.3747,-0.3395
1.0000,-1.5395,9.7777,0.0409,0.3709,-0.3321
0.9425,-1.6062,9.8223,0.0503,0.3706,-0.3063
0.8595,-1.7676,9.7135,0.0471,0.3782,-0.2938
1.0869,-1.7054,9.7536,0.0469,0.3859,-0.3103
1.0129,-1.5888,9.7980,0.0477,0.3976,-0.3105
0.8061,-1.7621,9.6777,0.0686,0.3856,-0.2953
0.8030,-1.6592,9.7518,0.0828,0.4020,-0.2896
0.8354,-1.7303,9.8206,0.0733,0.4186,-0.2453
0.7775,-1.9087,9.9283,0.1008,0.4015,-0.2584
0.7533,-1.7224,9.7515,0.0812,0.4078,-0.2404
0.6842,-1.7900,9.8079,0.1083,0.4031,-0.2563
0.6053,-1.7579,10.1280,0.1076,0.4267,-0.2339
0.4326,-1.8301,9.7108,0.1123,0.4146,-0.2338
0.3500,-1.9093,9.8608,0.1345,0.4082,-0.2278
0.2628,-1.7533,9.6874,0.1315,0.4119,-0.1814
0.2194,-1.9537,9.8015,0.1412,0.4414,-0.2101
0.1518,-1.6794,9.9256,0.1528,0.4280,-0.2047
0.2011,-1.8255,10.0262,0.1496,0.4313,-0.1731
0.0838,-1.8311,9.8344,0.1505,0.4444,-0.1520
0.0116,-1.8904,9.7941,0.1599,0.4209,-0.1517
0.0960,-1.7390,9.7081,0.1733,0.4400,-0.1552
-0.3019,-1.9026,9.9070,0.1697,0.4084,-0.1353
-0.2391,-1.9042,9.8236,0.1802,0.4064,-0.1296
-0.1728,-1.9042,9.8186,0.1833,0.4132,-0.1263
-0.1274,-1.9178,9.8281,0.1940,0.4413,-0.1086
-0.2584,-1.8148,9.8475,0.1990,0.4290,-0.1122
-0.2366,-1.9343,9.6879,0.2088,0.4553,-0.0993
-0.4773,-2.0040,9.9119,0.2142,0.4395,-0.0975
-0.5855,-2.1484,9.9526,0.2280,0.4466,-0.0699
-0.8043,-2.0934,9.8448,0.2189,0.4393,-0.0526
-0.5401,-1.9802,9.8493,0.2419,0.4443,-0.0241
-0.7450,-2.0474,9.6993,0.2358,0.4458,-0.0434
-0.7268,-1.9015,9.7289,0.2481,0.4508,-0.0353
-0.8376,-1.9070,9.9612,0.2390,0.4444,-0.0306
-0.8008,-2.0388,9.8791,0.2613,0.4629,-0.0217
-0.8885,-2.1499,9.7555,0.2502,0.4459,-0.0019
-1.0206,-2.0278,9.8779,0.2421,0.4432,0.0304
-0.9692,-1.8912,9.8917,0.2645,0.4570,0.0005
-1.0330,-1.9819,9.8523,0.2781,0.4707,0.0097
-1.2447,-2.2019,9.7789,0.2622,0.4725,0.0212
-1.3465,-2.0525,9.8223,0.2928,0.4561,0.0566
-1.3089,-2.1923,9.6975,0.2881,0.4639,0.0321
-1.4177,-2.0349,9.8565,0.2923,0.4581,0.0791
-1.4422,-2.0542,9.8887,0.3135,0.4348,0.0639
-1.3019,-2.0223,9.9166,0.3093,0.4784,0.0890
-1.4536,-1.9616,9.6590,0.3315,0.4623,0.1039
-1.4357,-1.8803,9.7821,0.3156,0.4692,0.0869
-1.6191,-2.0042,9.7596,0.3484,0.4759,0.0987
-1.6113,-1.8878,9.7514,0.3286,0.4696,0.1175
-1.6668,-1.9417,9.8060,0.3424,0.4839,0.1361
-1.7495,-1.9048,9.6243,0.3426,0.4680,0.1398
-1.7176,-1.8378,9.8640,0.3430,0.4808,0.1430
-1.7286,-1.8171,9.9183,0.3577,0.4778,0.1603
-1.6761,-1.8959,9.8645,0.3616,0.4702,0.1749
-1.7121,-1.9312,9.5500,0.3589,0.4811,0.1763
-1.7411,-1.9392,9.9538,0.3760,0.4843,0.1748
-1.7238,-1.8945,9.7477,0.3634,0.4759,0.1967
-1.7183,-1.9460,9.8449,0.3745,0.4867,0.1783
-1.8707,-2.0139,9.7465,0.3654,0.4958,0.2170
-1.9437,-1.8773,9.7208,0.3908,0.4862,0.2185
-1.9518,-1.7434,9.8426,0.3796,0.4656,0.2373
-1.9275,-1.5271,9.8533,0.3979,0.4889,0.2256
-1.8492,-1.9316,9.7289,0.3830,0.4884,0.2603
-1.9657,-1.8979,9.8291,0.3999,0.4781,0.2567
-2.0486,-1.5877,9.7409,0.3966,0.4858,0.2762
-2.0734,-1.4605,9.7770,0.4073,0.4901,0.2996
-1.8879,-1.7215,9.8804,0.4143,0.4935,0.2751
-1.9103,-1.4370,9.7713,0.4146,0.5065,0.2931
-1.9581,-1.5771,9.8229,0.4241,0.4717,0.2955
-1.9975,-1.6600,9.8283,0.4255,0.4951,0.2895
-2.0827,-1.6568,9.8226,0.4306,0.4901,0.3222
-2.1907,-1.5172,9.9319,0.4407,0.5071,0.3215
-1.9417,-1.5873,9.7179,0.4279,0.5007,0.3327
-2.0689,-1.4842,9.7465,0.4367,0.5085,0.3385
-2.0707,-1.4727,9.8726,0.4216,0.5012,0.3366
-2.0569,-1.4894,9.8004,0.4478,0.5088,0.3602
-1.8653,-1.4571,9.7655,0.4451,0.5028,0.3692
-2.0668,-1.3039,9.8131,0.4363,0.5088,0.3677
-1.8711,-1.5173,9.7413,0.4600,0.5115,0.3571
-1.8553,-1.1808,9.8176,0.4802,0.4857,0.3854
-1.8162,-1.2383,9.7755,0.4458,0.5123,0.3896
-1.9727,-1.2815,9.8339,0.4573,0.5122,0.4041
-1.9261,-1.2877,9.8927,0.4854,0.5018,0.3981
-1.9122,-1.2372,9.8915,0.4759,0.5222,0.4021
-1.7399,-1.2328,9.8718,0.4740,0.4915,0.4004
-1.8446,-1.2568,9.7598,0.4678,0.5100,0.4139
-1.6441,-1.2153,9.7346,0.4933,0.5233,0.4234
-1.7550,-1.2071,9.6889,0.4766,0.5089,0.4372
-1.7315,-0.9493,9.7957,0.4675,0.5009,0.4256
-1.7404,-1.1154,9.9481,0.4816,0.5028,0.4414
-1.7103,-1.0169,9.7709,0.4955,0.5166,0.4403
-1.5575,-1.1736,9.8089,0.5012,0.5127,0.4557
-1.3977,-1.1053,9.8782,0.4978,0.5098,0.4286
-1.5330,-0.9069,9.6423,0.4825,0.4958,0.4673
-1.4364,-0.9599,9.6939,0.4865,0.5344,0.4537
-1.3431,-0.6982,9.8718,0.5018,0.5227,0.4641
-1.3231,-0.9129,9.7842,0.5178,0.5229,0.4792
-1.3810,-0.8239,9.7582,0.4950,0.5476,0.4909
-1.1520,-0.9615,9.6452,0.4991,0.5177,0.4836
-1.3123,-0.8211,9.7311,0.5089,0.5142,0.4702
-1.1059,-0.5422,9.8717,0.5045,0.5259,0.4852
-1.0750,-0.5714,9.9038,0.5204,0.5026,0.4928
-0.9054,-0.7494,9.8464,0.5112,0.5264,0.5041
-0.9790,-0.4958,9.9639,0.5017,0.5148,0.5056
-0.8292,-0.3406,9.9316,0.5176,0.5333,0.5123
-0.7904,-0.6198,9.9792,0.5205,0.5241,0.4964
-1.0081,-0.3123,9.8671,0.5073,0.5194,0.5093
-0.7430,-0.4396,9.8466,0.5226,0.5196,0.5299
-0.6466,-0.4224,9.8066,0.5233,0.5231,0.5238
-0.4774,-0.3831,9.7127,0.5215,0.5326,0.5111
-0.6244,-0.1819,9.9149,0.5232,0.4991,0.5301
-0.3889,-0.3657,9.7770,0.5408,0.5307,0.5024
-0.4529,-0.4040,9.8012,0.5123,0.5030,0.5301
-0.3695,-0.1941,9.8014,0.5175,0.5206,0.5083
-0.3919,-0.0400,9.6989,0.5170,0.5230,0.5147
-0.2326,-0.0416,9.6411,0.5065,0.5268,0.5343
-0.2979,-0.1677,9.7544,0.5104,0.5237,0.5174
-0.2659,-0.0820,9.7672,0.5266,0.5066,0.5260
-0.1413,0.1116,9.7634,0.5237,0.5263,0.5443
-0.0483,-0.0268,9.7611,0.5235,0.5277,0.5284
