0.000000,-0.845510,-0.363851,-0.599531,0.796648,0.107863,-0.872986
0.010000,-0.835372,-0.361571,-0.593558,0.791555,0.107642,-0.862119
0.020000,-0.825493,-0.359310,-0.587708,0.786454,0.107420,-0.851545
0.030000,-0.815863,-0.357070,-0.581976,0.781346,0.107199,-0.841250
0.040000,-0.806470,-0.354848,-0.576360,0.776229,0.106979,-0.831221
0.050000,-0.797305,-0.352646,-0.570854,0.771105,0.106759,-0.821447
0.060000,-0.788357,-0.350463,-0.565454,0.765974,0.106540,-0.811917
0.070000,-0.779619,-0.348298,-0.560156,0.760834,0.106321,-0.802620
0.080000,-0.771081,-0.346152,-0.554958,0.755688,0.106103,-0.793547
0.090000,-0.762736,-0.344023,-0.549856,0.750534,0.105885,-0.784688
0.100000,-0.754577,-0.341913,-0.544847,0.745372,0.105667,-0.776034
0.110000,-0.746595,-0.339820,-0.539927,0.740204,0.105450,-0.767578
0.120000,-0.738785,-0.337745,-0.535093,0.735028,0.105234,-0.759311
0.130000,-0.731141,-0.335687,-0.530344,0.729846,0.105018,-0.751226
0.140000,-0.723655,-0.333645,-0.525676,0.724656,0.104802,-0.743317
0.150000,-0.716323,-0.331621,-0.521087,0.719460,0.104587,-0.735577
0.160000,-0.709139,-0.329613,-0.516575,0.714257,0.104372,-0.728000
0.170000,-0.702098,-0.327621,-0.512136,0.709047,0.104158,-0.720579
0.180000,-0.695195,-0.325646,-0.507770,0.703831,0.103944,-0.713309
0.190000,-0.688425,-0.323686,-0.503473,0.698608,0.103731,-0.706185
0.200000,-0.681784,-0.321743,-0.499244,0.693379,0.103518,-0.699202
0.210000,-0.675267,-0.319814,-0.495081,0.688144,0.103306,-0.692355
0.220000,-0.668871,-0.317901,-0.490982,0.682902,0.103094,-0.685639
0.230000,-0.662592,-0.316003,-0.486946,0.677655,0.102883,-0.679051
0.240000,-0.656426,-0.314120,-0.482970,0.672401,0.102672,-0.672585
0.250000,-0.650370,-0.312252,-0.479053,0.667142,0.102461,-0.666239
0.260000,-0.644420,-0.310399,-0.475194,0.661877,0.102251,-0.660007
0.270000,-0.638572,-0.308560,-0.471391,0.656606,0.102042,-0.653887
0.280000,-0.632825,-0.306735,-0.467642,0.651330,0.101832,-0.647875
0.290000,-0.627175,-0.304924,-0.463946,0.646048,0.101624,-0.641969
0.300000,-0.621618,-0.303127,-0.460302,0.640761,0.101415,-0.636163
0.310000,-0.616154,-0.301344,-0.456708,0.635468,0.101208,-0.630457
0.320000,-0.610778,-0.299575,-0.453164,0.630171,0.101000,-0.624846
0.330000,-0.605488,-0.297819,-0.449668,0.624868,0.100793,-0.619328
0.340000,-0.600282,-0.296076,-0.446218,0.619561,0.100587,-0.613901
0.350000,-0.595158,-0.294346,-0.442815,0.614249,0.100381,-0.608561
0.360000,-0.590114,-0.292630,-0.439456,0.608932,0.100175,-0.603307
0.370000,-0.585146,-0.290926,-0.436141,0.603611,0.099970,-0.598135
0.380000,-0.580255,-0.289235,-0.432868,0.598285,0.099765,-0.593045
0.390000,-0.575436,-0.287556,-0.429637,0.592955,0.099561,-0.588033
0.400000,-0.570689,-0.285890,-0.426447,0.587620,0.099357,-0.583097
0.410000,-0.566011,-0.284236,-0.423297,0.582281,0.099154,-0.578236
0.420000,-0.561401,-0.282595,-0.420185,0.576939,0.098951,-0.573447
0.430000,-0.556858,-0.280965,-0.417112,0.571592,0.098748,-0.568729
0.440000,-0.552379,-0.279347,-0.414076,0.566242,0.098546,-0.564080
0.450000,-0.547963,-0.277741,-0.411077,0.560888,0.098345,-0.559498
0.460000,-0.543608,-0.276147,-0.408113,0.555531,0.098143,-0.554982
0.470000,-0.539313,-0.274564,-0.405185,0.550170,0.097943,-0.550529
0.480000,-0.535077,-0.272992,-0.402290,0.544806,0.097742,-0.546139
0.490000,-0.530898,-0.271432,-0.399430,0.539438,0.097542,-0.541810
0.500000,-0.526775,-0.269883,-0.396602,0.534068,0.097343,-0.537539
0.510000,-0.522706,-0.268345,-0.393806,0.528695,0.097144,-0.533327
0.520000,-0.518691,-0.266818,-0.391042,0.523319,0.096945,-0.529172
0.530000,-0.514728,-0.265301,-0.388309,0.517940,0.096747,-0.525072
0.540000,-0.510816,-0.263795,-0.385607,0.512559,0.096549,-0.521025
0.550000,-0.506954,-0.262300,-0.382934,0.507175,0.096352,-0.517032
0.560000,-0.503140,-0.260816,-0.380290,0.501789,0.096155,-0.513090
0.570000,-0.499375,-0.259341,-0.377676,0.496400,0.095958,-0.509199
0.580000,-0.495656,-0.257877,-0.375089,0.491010,0.095762,-0.505357
0.590000,-0.491982,-0.256423,-0.372530,0.485618,0.095566,-0.501564
0.600000,-0.488354,-0.254979,-0.369998,0.480224,0.095371,-0.497818
0.610000,-0.484769,-0.253546,-0.367493,0.474828,0.095176,-0.494118
0.620000,-0.481227,-0.252121,-0.365013,0.469431,0.094982,-0.490464
0.630000,-0.477728,-0.250707,-0.362560,0.464032,0.094788,-0.486854
0.640000,-0.474269,-0.249302,-0.360132,0.458632,0.094594,-0.483287
0.650000,-0.470851,-0.247907,-0.357728,0.453231,0.094401,-0.479763
0.660000,-0.467473,-0.246522,-0.355349,0.447829,0.094208,-0.476280
0.670000,-0.464133,-0.245146,-0.352994,0.442426,0.094016,-0.472839
0.680000,-0.460832,-0.243779,-0.350662,0.437022,0.093824,-0.469437
0.690000,-0.457567,-0.242421,-0.348354,0.431618,0.093632,-0.466075
0.700000,-0.454340,-0.241072,-0.346068,0.426213,0.093441,-0.462752
0.710000,-0.451148,-0.239733,-0.343805,0.420808,0.093250,-0.459466
0.720000,-0.447991,-0.238402,-0.341564,0.415402,0.093060,-0.456217
0.730000,-0.444870,-0.237080,-0.339344,0.409996,0.092870,-0.453004
0.740000,-0.441782,-0.235767,-0.337145,0.404591,0.092681,-0.449827
0.750000,-0.438727,-0.234463,-0.334968,0.399185,0.092491,-0.446685
0.760000,-0.435705,-0.233167,-0.332811,0.393780,0.092303,-0.443578
0.770000,-0.432716,-0.231880,-0.330675,0.388376,0.092114,-0.440504
0.780000,-0.429757,-0.230601,-0.328558,0.382972,0.091926,-0.437463
0.790000,-0.426830,-0.229331,-0.326461,0.377568,0.091739,-0.434454
0.800000,-0.423934,-0.228069,-0.324383,0.372166,0.091552,-0.431478
0.810000,-0.421067,-0.226815,-0.322325,0.366764,0.091365,-0.428533
0.820000,-0.418230,-0.225569,-0.320285,0.361364,0.091179,-0.425619
0.830000,-0.415422,-0.224331,-0.318264,0.355965,0.090993,-0.422735
0.840000,-0.412642,-0.223102,-0.316261,0.350567,0.090807,-0.419880
0.850000,-0.409890,-0.221880,-0.314276,0.345171,0.090622,-0.417055
0.860000,-0.407165,-0.220666,-0.312308,0.339776,0.090437,-0.414259
0.870000,-0.404468,-0.219460,-0.310358,0.334383,0.090253,-0.411490
0.880000,-0.401797,-0.218262,-0.308426,0.328993,0.090069,-0.408750
0.890000,-0.399152,-0.217071,-0.306510,0.323604,0.089885,-0.406037
0.900000,-0.396534,-0.215888,-0.304610,0.318217,0.089702,-0.403351
0.910000,-0.393940,-0.214713,-0.302728,0.312833,0.089519,-0.400691
0.920000,-0.391371,-0.213545,-0.300861,0.307451,0.089337,-0.398057
0.930000,-0.388827,-0.212384,-0.299010,0.302072,0.089155,-0.395449
0.940000,-0.386307,-0.211231,-0.297175,0.296696,0.088973,-0.392866
0.950000,-0.383811,-0.210085,-0.295356,0.291322,0.088792,-0.390307
0.960000,-0.381338,-0.208946,-0.293552,0.285952,0.088611,-0.387773
0.970000,-0.378888,-0.207814,-0.291763,0.280585,0.088430,-0.385263
0.980000,-0.376461,-0.206689,-0.289989,0.275221,0.088250,-0.382777
0.990000,-0.374057,-0.205572,-0.288230,0.269860,0.088071,-0.380314
1.000000,-0.371674,-0.204461,-0.286486,0.264503,0.087891,-0.377873
1.010000,-0.369313,-0.203357,-0.284755,0.259150,0.087712,-0.375456
1.020000,-0.366973,-0.202260,-0.283039,0.253801,0.087534,-0.373060
1.030000,-0.364655,-0.201170,-0.281337,0.248455,0.087355,-0.370687
1.040000,-0.362357,-0.200087,-0.279648,0.243114,0.087178,-0.368334
1.050000,-0.360079,-0.199010,-0.277974,0.237777,0.087000,-0.366004
1.060000,-0.357822,-0.197940,-0.276312,0.232444,0.086823,-0.363694
1.070000,-0.355585,-0.196877,-0.274664,0.227116,0.086646,-0.361404
1.080000,-0.353367,-0.195820,-0.273029,0.221793,0.086470,-0.359136
1.090000,-0.351169,-0.194769,-0.271407,0.216474,0.086294,-0.356887
1.100000,-0.348989,-0.193725,-0.269797,0.211160,0.086118,-0.354657
1.110000,-0.346828,-0.192688,-0.268201,0.205851,0.085943,-0.352448
1.120000,-0.344686,-0.191656,-0.266616,0.200548,0.085768,-0.350257
1.130000,-0.342563,-0.190631,-0.265044,0.195250,0.085594,-0.348086
1.140000,-0.340457,-0.189612,-0.263485,0.189957,0.085420,-0.345933
1.150000,-0.338369,-0.188599,-0.261937,0.184670,0.085246,-0.343798
1.160000,-0.336298,-0.187593,-0.260401,0.179388,0.085072,-0.341682
1.170000,-0.334245,-0.186592,-0.258877,0.174113,0.084899,-0.339584
1.180000,-0.332209,-0.185598,-0.257364,0.168843,0.084727,-0.337503
1.190000,-0.330189,-0.184609,-0.255863,0.163580,0.084554,-0.335440
1.200000,-0.328187,-0.183626,-0.254373,0.158322,0.084382,-0.333394
1.210000,-0.326201,-0.182650,-0.252894,0.153071,0.084211,-0.331364
1.220000,-0.324231,-0.181679,-0.251427,0.147827,0.084040,-0.329352
1.230000,-0.322276,-0.180714,-0.249970,0.142589,0.083869,-0.327356
1.240000,-0.320338,-0.179754,-0.248524,0.137358,0.083698,-0.325377
1.250000,-0.318416,-0.178800,-0.247089,0.132134,0.083528,-0.323414
1.260000,-0.316508,-0.177852,-0.245665,0.126917,0.083358,-0.321466
1.270000,-0.314616,-0.176910,-0.244250,0.121707,0.083189,-0.319534
1.280000,-0.312739,-0.175973,-0.242847,0.116504,0.083020,-0.317618
1.290000,-0.310877,-0.175042,-0.241453,0.111309,0.082851,-0.315717
1.300000,-0.309030,-0.174116,-0.240070,0.106121,0.082683,-0.313832
1.310000,-0.307196,-0.173196,-0.238696,0.100940,0.082515,-0.311961
1.320000,-0.305378,-0.172281,-0.237333,0.095768,0.082347,-0.310105
1.330000,-0.303573,-0.171371,-0.235979,0.090603,0.082180,-0.308263
1.340000,-0.301782,-0.170467,-0.234635,0.085447,0.082013,-0.306436
1.350000,-0.300006,-0.169568,-0.233300,0.080298,0.081846,-0.304623
1.360000,-0.298242,-0.168674,-0.231975,0.075158,0.081680,-0.302825
1.370000,-0.296492,-0.167786,-0.230659,0.070026,0.081514,-0.301040
1.380000,-0.294756,-0.166902,-0.229353,0.064902,0.081348,-0.299268
1.390000,-0.293033,-0.166024,-0.228056,0.059787,0.081183,-0.297511
1.400000,-0.291322,-0.165151,-0.226768,0.054681,0.081018,-0.295767
1.410000,-0.289625,-0.164283,-0.225488,0.049583,0.080854,-0.294036
1.420000,-0.287940,-0.163420,-0.224218,0.044495,0.080690,-0.292318
1.430000,-0.286268,-0.162562,-0.222957,0.039415,0.080526,-0.290613
1.440000,-0.284608,-0.161709,-0.221704,0.034345,0.080362,-0.288921
1.450000,-0.282961,-0.160860,-0.220460,0.029284,0.080199,-0.287241
1.460000,-0.281326,-0.160017,-0.219224,0.024232,0.080036,-0.285574
1.470000,-0.279702,-0.159179,-0.217997,0.019190,0.079874,-0.283920
1.480000,-0.278091,-0.158345,-0.216778,0.014157,0.079712,-0.282277
1.490000,-0.276491,-0.157516,-0.215568,0.009134,0.079550,-0.280647
1.500000,-0.274903,-0.156692,-0.214366,0.004121,0.079389,-0.279029
1.510000,-0.273327,-0.155872,-0.213172,-0.000882,0.079228,-0.277422
1.520000,-0.271761,-0.155058,-0.211986,-0.005875,0.079067,-0.275827
1.530000,-0.270208,-0.154248,-0.210807,-0.010858,0.078906,-0.274244
1.540000,-0.268665,-0.153442,-0.209637,-0.015831,0.078746,-0.272672
1.550000,-0.267133,-0.152641,-0.208475,-0.020794,0.078586,-0.271112
1.560000,-0.265612,-0.151845,-0.207320,-0.025746,0.078427,-0.269563
1.570000,-0.264102,-0.151053,-0.206173,-0.030687,0.078268,-0.268025
1.580000,-0.262603,-0.150266,-0.205034,-0.035618,0.078109,-0.266497
1.590000,-0.261114,-0.149483,-0.203902,-0.040539,0.077951,-0.264981
1.600000,-0.259635,-0.148704,-0.202778,-0.045448,0.077793,-0.263475
1.610000,-0.258167,-0.147930,-0.201661,-0.050346,0.077635,-0.261980
1.620000,-0.256710,-0.147160,-0.200551,-0.055234,0.077477,-0.260496
1.630000,-0.255262,-0.146395,-0.199449,-0.060110,0.077320,-0.259022
1.640000,-0.253824,-0.145634,-0.198354,-0.064975,0.077164,-0.257558
1.650000,-0.252397,-0.144877,-0.197266,-0.069829,0.077007,-0.256105
1.660000,-0.250979,-0.144125,-0.196185,-0.074672,0.076851,-0.254661
1.670000,-0.249571,-0.143376,-0.195111,-0.079503,0.076695,-0.253228
1.680000,-0.248172,-0.142632,-0.194043,-0.084322,0.076540,-0.251804
1.690000,-0.246783,-0.141892,-0.192983,-0.089130,0.076384,-0.250390
1.700000,-0.245404,-0.141156,-0.191930,-0.093926,0.076230,-0.248986
1.710000,-0.244033,-0.140424,-0.190883,-0.098710,0.076075,-0.247592
1.720000,-0.242673,-0.139697,-0.189843,-0.103482,0.075921,-0.246207
1.730000,-0.241321,-0.138973,-0.188810,-0.108242,0.075767,-0.244831
1.740000,-0.239978,-0.138253,-0.187783,-0.112991,0.075614,-0.243465
1.750000,-0.238645,-0.137538,-0.186763,-0.117727,0.075460,-0.242108
1.760000,-0.237320,-0.136826,-0.185749,-0.122451,0.075307,-0.240760
1.770000,-0.236004,-0.136118,-0.184741,-0.127162,0.075155,-0.239421
1.780000,-0.234697,-0.135415,-0.183740,-0.131861,0.075003,-0.238091
1.790000,-0.233399,-0.134715,-0.182745,-0.136548,0.074851,-0.236770
1.800000,-0.232109,-0.134019,-0.181757,-0.141222,0.074699,-0.235458
1.810000,-0.230827,-0.133327,-0.180774,-0.145883,0.074548,-0.234154
1.820000,-0.229554,-0.132638,-0.179798,-0.150532,0.074397,-0.232860
1.830000,-0.228290,-0.131954,-0.178828,-0.155168,0.074246,-0.231573
1.840000,-0.227034,-0.131273,-0.177864,-0.159791,0.074096,-0.230295
1.850000,-0.225785,-0.130596,-0.176906,-0.164401,0.073945,-0.229026
1.860000,-0.224545,-0.129923,-0.175954,-0.168999,0.073796,-0.227765
1.870000,-0.223314,-0.129253,-0.175007,-0.173583,0.073646,-0.226512
1.880000,-0.222090,-0.128587,-0.174067,-0.178154,0.073497,-0.225267
1.890000,-0.220874,-0.127925,-0.173132,-0.182712,0.073348,-0.224031
1.900000,-0.219665,-0.127266,-0.172203,-0.187257,0.073200,-0.222802
1.910000,-0.218465,-0.126611,-0.171280,-0.191788,0.073052,-0.221581
1.920000,-0.217272,-0.125959,-0.170362,-0.196306,0.072904,-0.220369
1.930000,-0.216087,-0.125311,-0.169450,-0.200811,0.072756,-0.219164
1.940000,-0.214909,-0.124667,-0.168543,-0.205302,0.072609,-0.217966
1.950000,-0.213739,-0.124026,-0.167642,-0.209780,0.072462,-0.216777
1.960000,-0.212577,-0.123389,-0.166747,-0.214244,0.072315,-0.215595
1.970000,-0.211421,-0.122755,-0.165857,-0.218694,0.072169,-0.214421
1.980000,-0.210273,-0.122124,-0.164972,-0.223131,0.072023,-0.213254
1.990000,-0.209133,-0.121497,-0.164092,-0.227554,0.071877,-0.212094
2.000000,-0.207999,-0.120873,-0.163218,-0.231963,0.071732,-0.210942
2.010000,-0.206873,-0.120253,-0.162349,-0.236358,0.071586,-0.209797
2.020000,-0.205753,-0.119636,-0.161486,-0.240739,0.071442,-0.208659
2.030000,-0.204641,-0.119023,-0.160627,-0.245107,0.071297,-0.207529
2.040000,-0.203536,-0.118412,-0.159774,-0.249460,0.071153,-0.206405
2.050000,-0.202437,-0.117805,-0.158926,-0.253799,0.071009,-0.205289
2.060000,-0.201345,-0.117202,-0.158082,-0.258124,0.070865,-0.204179
2.070000,-0.200260,-0.116601,-0.157244,-0.262435,0.070722,-0.203077
2.080000,-0.199182,-0.116004,-0.156411,-0.266732,0.070579,-0.201981
2.090000,-0.198110,-0.115410,-0.155582,-0.271015,0.070436,-0.200892
2.100000,-0.197045,-0.114819,-0.154759,-0.275283,0.070293,-0.199810
2.110000,-0.195987,-0.114232,-0.153941,-0.279537,0.070151,-0.198734
2.120000,-0.194935,-0.113647,-0.153127,-0.283777,0.070009,-0.197665
2.130000,-0.193889,-0.113066,-0.152318,-0.288002,0.069868,-0.196603
2.140000,-0.192850,-0.112488,-0.151514,-0.292213,0.069727,-0.195547
2.150000,-0.191817,-0.111912,-0.150714,-0.296409,0.069586,-0.194498
2.160000,-0.190791,-0.111340,-0.149919,-0.300591,0.069445,-0.193455
2.170000,-0.189771,-0.110772,-0.149129,-0.304759,0.069304,-0.192419
2.180000,-0.188756,-0.110206,-0.148344,-0.308911,0.069164,-0.191389
2.190000,-0.187748,-0.109643,-0.147563,-0.313050,0.069024,-0.190365
2.200000,-0.186747,-0.109083,-0.146786,-0.317173,0.068885,-0.189347
2.210000,-0.185751,-0.108526,-0.146014,-0.321282,0.068746,-0.188335
2.220000,-0.184761,-0.107972,-0.145247,-0.325376,0.068607,-0.187330
2.230000,-0.183777,-0.107421,-0.144484,-0.329456,0.068468,-0.186331
2.240000,-0.182799,-0.106873,-0.143725,-0.333521,0.068330,-0.185337
2.250000,-0.181827,-0.106328,-0.142971,-0.337571,0.068191,-0.184350
2.260000,-0.180860,-0.105786,-0.142221,-0.341606,0.068054,-0.183368
2.270000,-0.179900,-0.105247,-0.141476,-0.345626,0.067916,-0.182393
2.280000,-0.178945,-0.104710,-0.140734,-0.349632,0.067779,-0.181423
2.290000,-0.177996,-0.104177,-0.139997,-0.353623,0.067642,-0.180459
2.300000,-0.177052,-0.103646,-0.139265,-0.357599,0.067505,-0.179501
2.310000,-0.176114,-0.103118,-0.138536,-0.361560,0.067369,-0.178548
2.320000,-0.175182,-0.102593,-0.137812,-0.365506,0.067233,-0.177602
2.330000,-0.174255,-0.102070,-0.137091,-0.369437,0.067097,-0.176660
2.340000,-0.173333,-0.101551,-0.136375,-0.373354,0.066961,-0.175725
2.350000,-0.172417,-0.101034,-0.135663,-0.377255,0.066826,-0.174795
2.360000,-0.171507,-0.100520,-0.134955,-0.381141,0.066691,-0.173870
2.370000,-0.170601,-0.100008,-0.134251,-0.385013,0.066556,-0.172951
2.380000,-0.169701,-0.099500,-0.133551,-0.388869,0.066422,-0.172037
2.390000,-0.168807,-0.098994,-0.132855,-0.392711,0.066288,-0.171129
2.400000,-0.167917,-0.098490,-0.132163,-0.396537,0.066154,-0.170225
2.410000,-0.167033,-0.097990,-0.131475,-0.400349,0.066020,-0.169328
2.420000,-0.166154,-0.097492,-0.130790,-0.404145,0.065887,-0.168435
2.430000,-0.165279,-0.096996,-0.130110,-0.407926,0.065754,-0.167548
2.440000,-0.164410,-0.096504,-0.129433,-0.411693,0.065621,-0.166665
2.450000,-0.163546,-0.096013,-0.128761,-0.415444,0.065488,-0.165788
2.460000,-0.162688,-0.095526,-0.128092,-0.419180,0.065356,-0.164916
2.470000,-0.161833,-0.095041,-0.127426,-0.422902,0.065224,-0.164050
2.480000,-0.160984,-0.094558,-0.126765,-0.426608,0.065092,-0.163188
2.490000,-0.160140,-0.094078,-0.126107,-0.430299,0.064961,-0.162331
2.500000,-0.159301,-0.093601,-0.125453,-0.433975,0.064830,-0.161479
2.510000,-0.158466,-0.093126,-0.124802,-0.437636,0.064699,-0.160632
2.520000,-0.157637,-0.092653,-0.124155,-0.441282,0.064568,-0.159790
2.530000,-0.156812,-0.092183,-0.123512,-0.444913,0.064438,-0.158952
2.540000,-0.155991,-0.091716,-0.122872,-0.448529,0.064308,-0.158120
2.550000,-0.155176,-0.091251,-0.122236,-0.452130,0.064178,-0.157292
2.560000,-0.154365,-0.090788,-0.121604,-0.455715,0.064049,-0.156469
2.570000,-0.153559,-0.090328,-0.120975,-0.459286,0.063919,-0.155651
2.580000,-0.152757,-0.089870,-0.120349,-0.462842,0.063790,-0.154837
2.590000,-0.151960,-0.089415,-0.119727,-0.466383,0.063662,-0.154028
2.600000,-0.151167,-0.088962,-0.119108,-0.469909,0.063533,-0.153224
2.610000,-0.150379,-0.088511,-0.118493,-0.473419,0.063405,-0.152424
2.620000,-0.149595,-0.088063,-0.117881,-0.476915,0.063277,-0.151629
2.630000,-0.148816,-0.087617,-0.117272,-0.480396,0.063149,-0.150838
2.640000,-0.148041,-0.087173,-0.116667,-0.483862,0.063022,-0.150052
2.650000,-0.147271,-0.086732,-0.116065,-0.487312,0.062895,-0.149270
2.660000,-0.146505,-0.086293,-0.115467,-0.490748,0.062768,-0.148492
2.670000,-0.145743,-0.085856,-0.114872,-0.494169,0.062641,-0.147719
2.680000,-0.144985,-0.085422,-0.114280,-0.497575,0.062515,-0.146951
2.690000,-0.144232,-0.084989,-0.113691,-0.500966,0.062389,-0.146186
2.700000,-0.143483,-0.084559,-0.113106,-0.504343,0.062263,-0.145426
2.710000,-0.142738,-0.084132,-0.112523,-0.507704,0.062137,-0.144671
2.720000,-0.141997,-0.083706,-0.111944,-0.511050,0.062012,-0.143919
2.730000,-0.141261,-0.083283,-0.111368,-0.514382,0.061887,-0.143172
2.740000,-0.140528,-0.082862,-0.110795,-0.517699,0.061762,-0.142429
2.750000,-0.139800,-0.082443,-0.110226,-0.521001,0.061637,-0.141690
2.760000,-0.139076,-0.082026,-0.109659,-0.524288,0.061513,-0.140955
2.770000,-0.138355,-0.081612,-0.109096,-0.527560,0.061389,-0.140224
2.780000,-0.137639,-0.081199,-0.108535,-0.530818,0.061265,-0.139497
2.790000,-0.136927,-0.080789,-0.107978,-0.534061,0.061142,-0.138775
2.800000,-0.136219,-0.080381,-0.107424,-0.537289,0.061018,-0.138056
2.810000,-0.135514,-0.079975,-0.106872,-0.540503,0.060895,-0.137342
2.820000,-0.134814,-0.079571,-0.106324,-0.543702,0.060772,-0.136631
2.830000,-0.134117,-0.079169,-0.105779,-0.546886,0.060650,-0.135924
2.840000,-0.133424,-0.078769,-0.105236,-0.550056,0.060528,-0.135221
2.850000,-0.132735,-0.078372,-0.104697,-0.553211,0.060406,-0.134523
2.860000,-0.132050,-0.077976,-0.104160,-0.556351,0.060284,-0.133828
2.870000,-0.131369,-0.077582,-0.103626,-0.559477,0.060162,-0.133136
2.880000,-0.130691,-0.077191,-0.103096,-0.562589,0.060041,-0.132449
2.890000,-0.130017,-0.076801,-0.102568,-0.565686,0.059920,-0.131765
2.900000,-0.129347,-0.076414,-0.102042,-0.568768,0.059799,-0.131086
2.910000,-0.128680,-0.076028,-0.101520,-0.571836,0.059679,-0.130409
2.920000,-0.128017,-0.075645,-0.101001,-0.574890,0.059558,-0.129737
2.930000,-0.127358,-0.075263,-0.100484,-0.577929,0.059438,-0.129068
2.940000,-0.126703,-0.074883,-0.099970,-0.580954,0.059318,-0.128403
2.950000,-0.126050,-0.074506,-0.099459,-0.583965,0.059199,-0.127742
2.960000,-0.125402,-0.074130,-0.098951,-0.586961,0.059080,-0.127084
2.970000,-0.124757,-0.073756,-0.098445,-0.589943,0.058961,-0.126430
2.980000,-0.124116,-0.073385,-0.097942,-0.592911,0.058842,-0.125780
2.990000,-0.123478,-0.073015,-0.097442,-0.595865,0.058723,-0.125133
3.000000,-0.122843,-0.072647,-0.096944,-0.598804,0.058605,-0.124489
3.010000,-0.122212,-0.072281,-0.096449,-0.601730,0.058487,-0.123849
3.020000,-0.121584,-0.071916,-0.095957,-0.604641,0.058369,-0.123213
3.030000,-0.120960,-0.071554,-0.095467,-0.607538,0.058251,-0.122579
3.040000,-0.120339,-0.071193,-0.094980,-0.610422,0.058134,-0.121950
3.050000,-0.119722,-0.070835,-0.094496,-0.613291,0.058017,-0.121324
3.060000,-0.119108,-0.070478,-0.094014,-0.616146,0.057900,-0.120701
3.070000,-0.118497,-0.070123,-0.093535,-0.618987,0.057783,-0.120082
3.080000,-0.117890,-0.069770,-0.093058,-0.621815,0.057667,-0.119465
3.090000,-0.117285,-0.069419,-0.092584,-0.624628,0.057551,-0.118853
3.100000,-0.116685,-0.069069,-0.092112,-0.627428,0.057435,-0.118243
3.110000,-0.116087,-0.068721,-0.091643,-0.630214,0.057319,-0.117637
3.120000,-0.115492,-0.068375,-0.091176,-0.632986,0.057203,-0.117034
3.130000,-0.114901,-0.068031,-0.090712,-0.635745,0.057088,-0.116435
3.140000,-0.114313,-0.067689,-0.090250,-0.638489,0.056973,-0.115839
3.150000,-0.113728,-0.067348,-0.089791,-0.641221,0.056859,-0.115245
3.160000,-0.113146,-0.067009,-0.089334,-0.643938,0.056744,-0.114655
3.170000,-0.112568,-0.066672,-0.088879,-0.646642,0.056630,-0.114069
3.180000,-0.111992,-0.066336,-0.088427,-0.649333,0.056516,-0.113485
3.190000,-0.111420,-0.066003,-0.087977,-0.652010,0.056402,-0.112905
3.200000,-0.110850,-0.065671,-0.087530,-0.654673,0.056288,-0.112327
3.210000,-0.110284,-0.065340,-0.087085,-0.657324,0.056175,-0.111753
3.220000,-0.109721,-0.065012,-0.086642,-0.659960,0.056062,-0.111182
3.230000,-0.109160,-0.064685,-0.086202,-0.662584,0.055949,-0.110614
3.240000,-0.108603,-0.064359,-0.085764,-0.665194,0.055836,-0.110049
3.250000,-0.108049,-0.064036,-0.085329,-0.667791,0.055724,-0.109486
3.260000,-0.107497,-0.063714,-0.084895,-0.670375,0.055612,-0.108927
3.270000,-0.106949,-0.063393,-0.084464,-0.672946,0.055500,-0.108371
3.280000,-0.106403,-0.063075,-0.084035,-0.675503,0.055388,-0.107818
3.290000,-0.105861,-0.062758,-0.083609,-0.678048,0.055276,-0.107268
3.300000,-0.105321,-0.062442,-0.083184,-0.680579,0.055165,-0.106721
3.310000,-0.104784,-0.062128,-0.082762,-0.683097,0.055054,-0.106177
3.320000,-0.104250,-0.061816,-0.082342,-0.685603,0.054943,-0.105635
3.330000,-0.103719,-0.061506,-0.081925,-0.688095,0.054833,-0.105097
3.340000,-0.103191,-0.061196,-0.081509,-0.690575,0.054722,-0.104561
3.350000,-0.102665,-0.060889,-0.081096,-0.693042,0.054612,-0.104028
3.360000,-0.102142,-0.060583,-0.080685,-0.695496,0.054502,-0.103498
3.370000,-0.101622,-0.060279,-0.080276,-0.697937,0.054392,-0.102971
3.380000,-0.101105,-0.059976,-0.079869,-0.700366,0.054283,-0.102447
3.390000,-0.100591,-0.059675,-0.079464,-0.702782,0.054174,-0.101925
3.400000,-0.100079,-0.059375,-0.079062,-0.705185,0.054065,-0.101406
3.410000,-0.099570,-0.059077,-0.078661,-0.707576,0.053956,-0.100890
3.420000,-0.099063,-0.058780,-0.078263,-0.709954,0.053847,-0.100377
3.430000,-0.098560,-0.058485,-0.077866,-0.712320,0.053739,-0.099866
3.440000,-0.098059,-0.058191,-0.077472,-0.714674,0.053631,-0.099358
3.450000,-0.097560,-0.057899,-0.077080,-0.717015,0.053523,-0.098853
3.460000,-0.097064,-0.057608,-0.076690,-0.719343,0.053415,-0.098350
3.470000,-0.096571,-0.057319,-0.076301,-0.721660,0.053308,-0.097850
3.480000,-0.096081,-0.057031,-0.075915,-0.723964,0.053200,-0.097353
3.490000,-0.095593,-0.056745,-0.075531,-0.726256,0.053093,-0.096858
3.500000,-0.095107,-0.056460,-0.075149,-0.728535,0.052987,-0.096366
3.510000,-0.094624,-0.056177,-0.074769,-0.730803,0.052880,-0.095877
3.520000,-0.094144,-0.055895,-0.074391,-0.733058,0.052774,-0.095390
3.530000,-0.093666,-0.055614,-0.074015,-0.735302,0.052667,-0.094906
3.540000,-0.093191,-0.055335,-0.073640,-0.737534,0.052561,-0.094424
3.550000,-0.092718,-0.055058,-0.073268,-0.739753,0.052456,-0.093944
3.560000,-0.092248,-0.054781,-0.072898,-0.741961,0.052350,-0.093468
3.570000,-0.091780,-0.054507,-0.072529,-0.744157,0.052245,-0.092993
3.580000,-0.091315,-0.054233,-0.072163,-0.746341,0.052140,-0.092522
3.590000,-0.090852,-0.053961,-0.071798,-0.748513,0.052035,-0.092052
3.600000,-0.090391,-0.053690,-0.071435,-0.750674,0.051930,-0.091586
3.610000,-0.089933,-0.053421,-0.071075,-0.752823,0.051826,-0.091121
3.620000,-0.089477,-0.053153,-0.070716,-0.754960,0.051722,-0.090659
3.630000,-0.089024,-0.052887,-0.070358,-0.757086,0.051618,-0.090200
3.640000,-0.088573,-0.052621,-0.070003,-0.759200,0.051514,-0.089743
3.650000,-0.088124,-0.052357,-0.069650,-0.761303,0.051410,-0.089288
3.660000,-0.087678,-0.052095,-0.069298,-0.763394,0.051307,-0.088835
3.670000,-0.087234,-0.051834,-0.068948,-0.765474,0.051204,-0.088385
3.680000,-0.086792,-0.051574,-0.068600,-0.767543,0.051101,-0.087938
3.690000,-0.086353,-0.051315,-0.068254,-0.769601,0.050998,-0.087492
3.700000,-0.085916,-0.051058,-0.067910,-0.771647,0.050895,-0.087049
3.710000,-0.085481,-0.050802,-0.067567,-0.773682,0.050793,-0.086609
3.720000,-0.085049,-0.050547,-0.067226,-0.775705,0.050691,-0.086170
3.730000,-0.084618,-0.050294,-0.066887,-0.777718,0.050589,-0.085734
3.740000,-0.084190,-0.050042,-0.066550,-0.779720,0.050487,-0.085300
3.750000,-0.083764,-0.049791,-0.066214,-0.781710,0.050386,-0.084869
3.760000,-0.083341,-0.049541,-0.065880,-0.783690,0.050284,-0.084439
3.770000,-0.082919,-0.049293,-0.065548,-0.785659,0.050183,-0.084012
3.780000,-0.082500,-0.049046,-0.065218,-0.787617,0.050082,-0.083587
3.790000,-0.082083,-0.048800,-0.064889,-0.789564,0.049982,-0.083165
3.800000,-0.081668,-0.048556,-0.064562,-0.791500,0.049881,-0.082744
3.810000,-0.081256,-0.048312,-0.064237,-0.793425,0.049781,-0.082326
3.820000,-0.080845,-0.048070,-0.063913,-0.795340,0.049681,-0.081910
3.830000,-0.080437,-0.047829,-0.063591,-0.797244,0.049581,-0.081496
3.840000,-0.080030,-0.047590,-0.063270,-0.799138,0.049481,-0.081084
3.850000,-0.079626,-0.047351,-0.062952,-0.801021,0.049382,-0.080674
3.860000,-0.079224,-0.047114,-0.062635,-0.802894,0.049282,-0.080267
3.870000,-0.078824,-0.046878,-0.062319,-0.804756,0.049183,-0.079861
3.880000,-0.078426,-0.046643,-0.062005,-0.806608,0.049085,-0.079458
3.890000,-0.078030,-0.046410,-0.061693,-0.808449,0.048986,-0.079057
3.900000,-0.077636,-0.046177,-0.061382,-0.810280,0.048887,-0.078658
3.910000,-0.077244,-0.045946,-0.061073,-0.812101,0.048789,-0.078260
3.920000,-0.076854,-0.045716,-0.060766,-0.813911,0.048691,-0.077865
3.930000,-0.076467,-0.045487,-0.060460,-0.815712,0.048593,-0.077472
3.940000,-0.076081,-0.045259,-0.060156,-0.817502,0.048496,-0.077081
3.950000,-0.075697,-0.045032,-0.059853,-0.819282,0.048398,-0.076692
3.960000,-0.075315,-0.044807,-0.059552,-0.821052,0.048301,-0.076305
3.970000,-0.074935,-0.044583,-0.059252,-0.822813,0.048204,-0.075920
3.980000,-0.074557,-0.044359,-0.058954,-0.824563,0.048107,-0.075537
3.990000,-0.074181,-0.044137,-0.058657,-0.826303,0.048010,-0.075156
4.000000,-0.073807,-0.043916,-0.058362,-0.828034,0.047914,-0.074777
4.010000,-0.073435,-0.043696,-0.058069,-0.829754,0.047818,-0.074400
4.020000,-0.073065,-0.043478,-0.057777,-0.831465,0.047721,-0.074025
4.030000,-0.072697,-0.043260,-0.057486,-0.833166,0.047626,-0.073652
4.040000,-0.072330,-0.043043,-0.057197,-0.834858,0.047530,-0.073281
4.050000,-0.071966,-0.042828,-0.056909,-0.836540,0.047434,-0.072911
4.060000,-0.071603,-0.042614,-0.056623,-0.838212,0.047339,-0.072544
4.070000,-0.071243,-0.042400,-0.056339,-0.839875,0.047244,-0.072178
4.080000,-0.070884,-0.042188,-0.056055,-0.841528,0.047149,-0.071814
4.090000,-0.070527,-0.041977,-0.055774,-0.843172,0.047054,-0.071453
4.100000,-0.070171,-0.041767,-0.055493,-0.844806,0.046960,-0.071093
4.110000,-0.069818,-0.041558,-0.055214,-0.846432,0.046865,-0.070735
4.120000,-0.069466,-0.041350,-0.054937,-0.848047,0.046771,-0.070378
4.130000,-0.069117,-0.041143,-0.054661,-0.849654,0.046677,-0.070024
4.140000,-0.068769,-0.040937,-0.054386,-0.851251,0.046584,-0.069671
4.150000,-0.068422,-0.040732,-0.054113,-0.852839,0.046490,-0.069320
4.160000,-0.068078,-0.040528,-0.053841,-0.854418,0.046397,-0.068971
4.170000,-0.067735,-0.040325,-0.053570,-0.855988,0.046303,-0.068624
4.180000,-0.067394,-0.040124,-0.053301,-0.857549,0.046210,-0.068279
4.190000,-0.067055,-0.039923,-0.053034,-0.859101,0.046118,-0.067935
4.200000,-0.066718,-0.039723,-0.052767,-0.860644,0.046025,-0.067593
4.210000,-0.066382,-0.039524,-0.052502,-0.862178,0.045932,-0.067253
4.220000,-0.066048,-0.039327,-0.052239,-0.863703,0.045840,-0.066914
4.230000,-0.065716,-0.039130,-0.051976,-0.865219,0.045748,-0.066578
4.240000,-0.065385,-0.038934,-0.051715,-0.866727,0.045656,-0.066243
4.250000,-0.065056,-0.038739,-0.051456,-0.868226,0.045565,-0.065909
4.260000,-0.064729,-0.038546,-0.051197,-0.869716,0.045473,-0.065578
4.270000,-0.064404,-0.038353,-0.050940,-0.871197,0.045382,-0.065248
4.280000,-0.064080,-0.038161,-0.050684,-0.872670,0.045291,-0.064920
4.290000,-0.063758,-0.037970,-0.050430,-0.874134,0.045200,-0.064593
4.300000,-0.063437,-0.037780,-0.050177,-0.875590,0.045109,-0.064268
4.310000,-0.063118,-0.037591,-0.049925,-0.877038,0.045018,-0.063945
4.320000,-0.062801,-0.037403,-0.049675,-0.878476,0.044928,-0.063624
4.330000,-0.062485,-0.037216,-0.049425,-0.879907,0.044838,-0.063304
4.340000,-0.062171,-0.037030,-0.049177,-0.881329,0.044748,-0.062986
4.350000,-0.061859,-0.036845,-0.048930,-0.882743,0.044658,-0.062669
4.360000,-0.061548,-0.036661,-0.048685,-0.884148,0.044568,-0.062354
4.370000,-0.061239,-0.036477,-0.048441,-0.885546,0.044479,-0.062041
4.380000,-0.060931,-0.036295,-0.048198,-0.886935,0.044389,-0.061729
4.390000,-0.060625,-0.036113,-0.047956,-0.888316,0.044300,-0.061419
4.400000,-0.060320,-0.035933,-0.047715,-0.889689,0.044211,-0.061110
4.410000,-0.060017,-0.035753,-0.047476,-0.891054,0.044122,-0.060803
4.420000,-0.059716,-0.035574,-0.047238,-0.892411,0.044034,-0.060497
4.430000,-0.059416,-0.035396,-0.047001,-0.893760,0.043946,-0.060194
4.440000,-0.059117,-0.035219,-0.046765,-0.895100,0.043857,-0.059891
4.450000,-0.058820,-0.035043,-0.046531,-0.896434,0.043769,-0.059590
4.460000,-0.058525,-0.034868,-0.046297,-0.897759,0.043681,-0.059291
4.470000,-0.058231,-0.034694,-0.046065,-0.899076,0.043594,-0.058993
4.480000,-0.057939,-0.034520,-0.045834,-0.900386,0.043506,-0.058697
4.490000,-0.057648,-0.034348,-0.045604,-0.901688,0.043419,-0.058402
4.500000,-0.057358,-0.034176,-0.045376,-0.902982,0.043332,-0.058109
4.510000,-0.057070,-0.034005,-0.045148,-0.904269,0.043245,-0.057817
4.520000,-0.056784,-0.033835,-0.044922,-0.905547,0.043158,-0.057527
4.530000,-0.056499,-0.033666,-0.044697,-0.906819,0.043071,-0.057238
4.540000,-0.056215,-0.033498,-0.044473,-0.908083,0.042985,-0.056951
4.550000,-0.055933,-0.033330,-0.044250,-0.909339,0.042899,-0.056665
4.560000,-0.055653,-0.033164,-0.044028,-0.910588,0.042812,-0.056381
4.570000,-0.055373,-0.032998,-0.043807,-0.911830,0.042726,-0.056098
4.580000,-0.055095,-0.032833,-0.043588,-0.913064,0.042641,-0.055816
4.590000,-0.054819,-0.032669,-0.043369,-0.914291,0.042555,-0.055536
4.600000,-0.054544,-0.032506,-0.043152,-0.915510,0.042470,-0.055257
4.610000,-0.054270,-0.032343,-0.042936,-0.916722,0.042384,-0.054980
4.620000,-0.053998,-0.032182,-0.042721,-0.917928,0.042299,-0.054704
4.630000,-0.053727,-0.032021,-0.042507,-0.919125,0.042215,-0.054430
4.640000,-0.053458,-0.031861,-0.042294,-0.920316,0.042130,-0.054157
4.650000,-0.053190,-0.031701,-0.042082,-0.921500,0.042045,-0.053885
4.660000,-0.052923,-0.031543,-0.041871,-0.922676,0.041961,-0.053615
4.670000,-0.052657,-0.031385,-0.041661,-0.923846,0.041877,-0.053346
4.680000,-0.052393,-0.031229,-0.041453,-0.925009,0.041793,-0.053078
4.690000,-0.052131,-0.031073,-0.041245,-0.926164,0.041709,-0.052812
4.700000,-0.051869,-0.030917,-0.041038,-0.927313,0.041625,-0.052547
4.710000,-0.051609,-0.030763,-0.040833,-0.928455,0.041542,-0.052284
4.720000,-0.051350,-0.030609,-0.040628,-0.929590,0.041458,-0.052021
4.730000,-0.051093,-0.030456,-0.040425,-0.930718,0.041375,-0.051760
4.740000,-0.050837,-0.030304,-0.040222,-0.931840,0.041292,-0.051501
4.750000,-0.050582,-0.030153,-0.040021,-0.932954,0.041209,-0.051243
4.760000,-0.050328,-0.030002,-0.039821,-0.934063,0.041126,-0.050986
4.770000,-0.050076,-0.029852,-0.039621,-0.935164,0.041044,-0.050730
4.780000,-0.049825,-0.029703,-0.039423,-0.936259,0.040962,-0.050476
4.790000,-0.049575,-0.029554,-0.039225,-0.937347,0.040879,-0.050223
4.800000,-0.049327,-0.029407,-0.039029,-0.938429,0.040797,-0.049971
4.810000,-0.049080,-0.029260,-0.038834,-0.939504,0.040716,-0.049721
4.820000,-0.048834,-0.029114,-0.038639,-0.940573,0.040634,-0.049471
4.830000,-0.048589,-0.028968,-0.038446,-0.941635,0.040552,-0.049224
4.840000,-0.048345,-0.028823,-0.038253,-0.942691,0.040471,-0.048977
4.850000,-0.048103,-0.028679,-0.038062,-0.943740,0.040390,-0.048731
4.860000,-0.047862,-0.028536,-0.037871,-0.944783,0.040309,-0.048487
4.870000,-0.047622,-0.028394,-0.037682,-0.945820,0.040228,-0.048244
4.880000,-0.047384,-0.028252,-0.037493,-0.946851,0.040147,-0.048003
4.890000,-0.047146,-0.028111,-0.037305,-0.947875,0.040067,-0.047762
4.900000,-0.046910,-0.027970,-0.037119,-0.948893,0.039986,-0.047523
4.910000,-0.046675,-0.027831,-0.036933,-0.949906,0.039906,-0.047285
4.920000,-0.046441,-0.027692,-0.036748,-0.950911,0.039826,-0.047048
4.930000,-0.046209,-0.027553,-0.036564,-0.951911,0.039746,-0.046812
4.940000,-0.045977,-0.027416,-0.036381,-0.952905,0.039666,-0.046578
4.950000,-0.045747,-0.027279,-0.036199,-0.953893,0.039587,-0.046344
4.960000,-0.045518,-0.027142,-0.036018,-0.954875,0.039507,-0.046112
4.970000,-0.045290,-0.027007,-0.035838,-0.955850,0.039428,-0.045881
4.980000,-0.045063,-0.026872,-0.035659,-0.956820,0.039349,-0.045651
4.990000,-0.044838,-0.026738,-0.035480,-0.957784,0.039270,-0.045423
5.000000,-0.044613,-0.026604,-0.035303,-0.958743,0.039191,-0.045195
5.010000,-0.044390,-0.026471,-0.035126,-0.959695,0.039113,-0.044969
5.020000,-0.044167,-0.026339,-0.034950,-0.960642,0.039034,-0.044744
5.030000,-0.043946,-0.026208,-0.034775,-0.961582,0.038956,-0.044520
5.040000,-0.043726,-0.026077,-0.034601,-0.962517,0.038878,-0.044297
5.050000,-0.043507,-0.025946,-0.034428,-0.963447,0.038800,-0.044075
5.060000,-0.043290,-0.025817,-0.034256,-0.964371,0.038722,-0.043854
5.070000,-0.043073,-0.025688,-0.034085,-0.965289,0.038645,-0.043635
5.080000,-0.042857,-0.025560,-0.033914,-0.966201,0.038567,-0.043416
5.090000,-0.042643,-0.025432,-0.033745,-0.967108,0.038490,-0.043199
5.100000,-0.042429,-0.025305,-0.033576,-0.968010,0.038413,-0.042983
5.110000,-0.042217,-0.025179,-0.033408,-0.968906,0.038335,-0.042768
5.120000,-0.042006,-0.025053,-0.033241,-0.969796,0.038259,-0.042554
5.130000,-0.041795,-0.024928,-0.033075,-0.970681,0.038182,-0.042341
5.140000,-0.041586,-0.024803,-0.032909,-0.971561,0.038105,-0.042129
5.150000,-0.041378,-0.024679,-0.032745,-0.972435,0.038029,-0.041918
5.160000,-0.041171,-0.024556,-0.032581,-0.973304,0.037953,-0.041708
5.170000,-0.040965,-0.024434,-0.032418,-0.974167,0.037877,-0.041499
5.180000,-0.040760,-0.024312,-0.032256,-0.975026,0.037801,-0.041292
5.190000,-0.040556,-0.024190,-0.032094,-0.975879,0.037725,-0.041085
5.200000,-0.040353,-0.024069,-0.031934,-0.976727,0.037649,-0.040879
5.210000,-0.040151,-0.023949,-0.031774,-0.977569,0.037574,-0.040675
5.220000,-0.039950,-0.023830,-0.031615,-0.978407,0.037498,-0.040471
5.230000,-0.039750,-0.023711,-0.031457,-0.979239,0.037423,-0.040269
5.240000,-0.039551,-0.023592,-0.031300,-0.980066,0.037348,-0.040067
5.250000,-0.039354,-0.023474,-0.031144,-0.980889,0.037273,-0.039867
5.260000,-0.039157,-0.023357,-0.030988,-0.981706,0.037199,-0.039667
5.270000,-0.038961,-0.023241,-0.030833,-0.982518,0.037124,-0.039469
5.280000,-0.038766,-0.023125,-0.030679,-0.983325,0.037050,-0.039271
5.290000,-0.038572,-0.023009,-0.030525,-0.984127,0.036975,-0.039075
5.300000,-0.038379,-0.022894,-0.030373,-0.984924,0.036901,-0.038879
5.310000,-0.038187,-0.022780,-0.030221,-0.985717,0.036827,-0.038685
5.320000,-0.037996,-0.022666,-0.030070,-0.986504,0.036753,-0.038491
5.330000,-0.037806,-0.022553,-0.029920,-0.987287,0.036680,-0.038299
5.340000,-0.037617,-0.022440,-0.029770,-0.988065,0.036606,-0.038107
5.350000,-0.037429,-0.022328,-0.029621,-0.988838,0.036533,-0.037917
5.360000,-0.037242,-0.022217,-0.029473,-0.989606,0.036459,-0.037727
5.370000,-0.037055,-0.022106,-0.029326,-0.990369,0.036386,-0.037538
5.380000,-0.036870,-0.021996,-0.029179,-0.991128,0.036313,-0.037351
5.390000,-0.036686,-0.021886,-0.029033,-0.991882,0.036241,-0.037164
5.400000,-0.036502,-0.021777,-0.028888,-0.992632,0.036168,-0.036978
5.410000,-0.036320,-0.021668,-0.028744,-0.993377,0.036096,-0.036793
5.420000,-0.036138,-0.021560,-0.028600,-0.994117,0.036023,-0.036609
5.430000,-0.035957,-0.021452,-0.028457,-0.994853,0.035951,-0.036426
5.440000,-0.035777,-0.021345,-0.028315,-0.995584,0.035879,-0.036244
5.450000,-0.035599,-0.021238,-0.028174,-0.996310,0.035807,-0.036063
5.460000,-0.035421,-0.021132,-0.028033,-0.997033,0.035735,-0.035882
5.470000,-0.035243,-0.021027,-0.027893,-0.997750,0.035664,-0.035703
5.480000,-0.035067,-0.020922,-0.027753,-0.998464,0.035592,-0.035524
5.490000,-0.034892,-0.020817,-0.027615,-0.999172,0.035521,-0.035347
5.500000,-0.034718,-0.020714,-0.027477,-0.999877,0.035450,-0.035170
5.510000,-0.034544,-0.020610,-0.027339,-1.000577,0.035379,-0.034994
5.520000,-0.034371,-0.020507,-0.027203,-1.001273,0.035308,-0.034819
5.530000,-0.034199,-0.020405,-0.027067,-1.001964,0.035237,-0.034645
5.540000,-0.034028,-0.020303,-0.026932,-1.002651,0.035166,-0.034472
5.550000,-0.033858,-0.020202,-0.026797,-1.003334,0.035096,-0.034299
5.560000,-0.033689,-0.020101,-0.026663,-1.004013,0.035025,-0.034128
5.570000,-0.033521,-0.020001,-0.026530,-1.004687,0.034955,-0.033957
5.580000,-0.033353,-0.019901,-0.026397,-1.005358,0.034885,-0.033788
5.590000,-0.033186,-0.019801,-0.026265,-1.006024,0.034815,-0.033619
5.600000,-0.033021,-0.019703,-0.026134,-1.006686,0.034745,-0.033451
5.610000,-0.032855,-0.019604,-0.026004,-1.007344,0.034676,-0.033283
5.620000,-0.032691,-0.019506,-0.025874,-1.007998,0.034606,-0.033117
5.630000,-0.032528,-0.019409,-0.025744,-1.008647,0.034537,-0.032952
5.640000,-0.032365,-0.019312,-0.025616,-1.009293,0.034468,-0.032787
5.650000,-0.032204,-0.019216,-0.025488,-1.009935,0.034399,-0.032623
5.660000,-0.032043,-0.019120,-0.025361,-1.010573,0.034330,-0.032460
5.670000,-0.031882,-0.019024,-0.025234,-1.011206,0.034261,-0.032298
5.680000,-0.031723,-0.018929,-0.025108,-1.011836,0.034192,-0.032136
5.690000,-0.031565,-0.018835,-0.024982,-1.012462,0.034124,-0.031976
5.700000,-0.031407,-0.018741,-0.024858,-1.013084,0.034055,-0.031816
5.710000,-0.031250,-0.018647,-0.024733,-1.013702,0.033987,-0.031657
5.720000,-0.031094,-0.018554,-0.024610,-1.014316,0.033919,-0.031499
5.730000,-0.030938,-0.018462,-0.024487,-1.014927,0.033851,-0.031341
5.740000,-0.030784,-0.018370,-0.024365,-1.015534,0.033783,-0.031185
5.750000,-0.030630,-0.018278,-0.024243,-1.016136,0.033716,-0.031029
5.760000,-0.030477,-0.018187,-0.024122,-1.016736,0.033648,-0.030874
5.770000,-0.030325,-0.018096,-0.024001,-1.017331,0.033581,-0.030720
5.780000,-0.030173,-0.018006,-0.023881,-1.017923,0.033513,-0.030566
5.790000,-0.030022,-0.017916,-0.023762,-1.018511,0.033446,-0.030413
5.800000,-0.029872,-0.017826,-0.023644,-1.019095,0.033379,-0.030261
5.810000,-0.029723,-0.017737,-0.023525,-1.019676,0.033312,-0.030110
5.820000,-0.029575,-0.017649,-0.023408,-1.020253,0.033246,-0.029960
5.830000,-0.029427,-0.017561,-0.023291,-1.020826,0.033179,-0.029810
5.840000,-0.029280,-0.017473,-0.023175,-1.021396,0.033113,-0.029661
5.850000,-0.029133,-0.017386,-0.023059,-1.021962,0.033046,-0.029513
5.860000,-0.028988,-0.017299,-0.022944,-1.022525,0.032980,-0.029365
5.870000,-0.028843,-0.017213,-0.022829,-1.023084,0.032914,-0.029219
5.880000,-0.028699,-0.017127,-0.022715,-1.023640,0.032848,-0.029073
5.890000,-0.028556,-0.017041,-0.022602,-1.024192,0.032782,-0.028927
5.900000,-0.028413,-0.016956,-0.022489,-1.024741,0.032716,-0.028783
5.910000,-0.028271,-0.016872,-0.022377,-1.025287,0.032651,-0.028639
5.920000,-0.028130,-0.016788,-0.022265,-1.025829,0.032586,-0.028496
5.930000,-0.027989,-0.016704,-0.022154,-1.026367,0.032520,-0.028354
5.940000,-0.027850,-0.016620,-0.022043,-1.026902,0.032455,-0.028212
5.950000,-0.027710,-0.016538,-0.021933,-1.027434,0.032390,-0.028071
5.960000,-0.027572,-0.016455,-0.021823,-1.027963,0.032325,-0.027931
5.970000,-0.027434,-0.016373,-0.021714,-1.028488,0.032260,-0.027791
5.980000,-0.027297,-0.016291,-0.021606,-1.029010,0.032196,-0.027653
5.990000,-0.027161,-0.016210,-0.021498,-1.029529,0.032131,-0.027514
6.000000,-0.027025,-0.016129,-0.021391,-1.030044,0.032067,-0.027377
6.010000,-0.026890,-0.016049,-0.021284,-1.030556,0.032003,-0.027240
6.020000,-0.026756,-0.015968,-0.021178,-1.031065,0.031939,-0.027104
6.030000,-0.026622,-0.015889,-0.021072,-1.031571,0.031875,-0.026969
6.040000,-0.026489,-0.015809,-0.020967,-1.032074,0.031811,-0.026834
6.050000,-0.026357,-0.015731,-0.020862,-1.032573,0.031747,-0.026700
6.060000,-0.026225,-0.015652,-0.020758,-1.033070,0.031683,-0.026567
6.070000,-0.026094,-0.015574,-0.020654,-1.033563,0.031620,-0.026434
6.080000,-0.025964,-0.015496,-0.020551,-1.034053,0.031557,-0.026302
6.090000,-0.025834,-0.015419,-0.020449,-1.034540,0.031493,-0.026171
6.100000,-0.025705,-0.015342,-0.020346,-1.035024,0.031430,-0.026040
6.110000,-0.025577,-0.015265,-0.020245,-1.035505,0.031367,-0.025910
6.120000,-0.025449,-0.015189,-0.020144,-1.035983,0.031305,-0.025781
6.130000,-0.025322,-0.015113,-0.020043,-1.036458,0.031242,-0.025652
6.140000,-0.025196,-0.015038,-0.019943,-1.036930,0.031179,-0.025524
6.150000,-0.025070,-0.014963,-0.019844,-1.037399,0.031117,-0.025396
6.160000,-0.024945,-0.014888,-0.019745,-1.037865,0.031055,-0.025269
6.170000,-0.024820,-0.014814,-0.019646,-1.038328,0.030992,-0.025143
6.180000,-0.024696,-0.014740,-0.019548,-1.038788,0.030930,-0.025018
6.190000,-0.024573,-0.014667,-0.019450,-1.039246,0.030868,-0.024893
6.200000,-0.024450,-0.014593,-0.019353,-1.039700,0.030807,-0.024768
6.210000,-0.024328,-0.014521,-0.019257,-1.040152,0.030745,-0.024645
6.220000,-0.024207,-0.014448,-0.019160,-1.040600,0.030683,-0.024522
6.230000,-0.024086,-0.014376,-0.019065,-1.041046,0.030622,-0.024399
6.240000,-0.023965,-0.014304,-0.018970,-1.041489,0.030561,-0.024277
6.250000,-0.023846,-0.014233,-0.018875,-1.041930,0.030499,-0.024156
6.260000,-0.023727,-0.014162,-0.018781,-1.042367,0.030438,-0.024036
6.270000,-0.023608,-0.014091,-0.018687,-1.042802,0.030377,-0.023916
6.280000,-0.023490,-0.014021,-0.018594,-1.043234,0.030316,-0.023796
6.290000,-0.023373,-0.013951,-0.018501,-1.043663,0.030256,-0.023677
6.300000,-0.023256,-0.013881,-0.018408,-1.044090,0.030195,-0.023559
6.310000,-0.023140,-0.013812,-0.018317,-1.044514,0.030135,-0.023441
6.320000,-0.023025,-0.013743,-0.018225,-1.044935,0.030074,-0.023324
6.330000,-0.022910,-0.013675,-0.018134,-1.045354,0.030014,-0.023208
6.340000,-0.022795,-0.013606,-0.018044,-1.045770,0.029954,-0.023092
6.350000,-0.022682,-0.013539,-0.017954,-1.046183,0.029894,-0.022977
6.360000,-0.022568,-0.013471,-0.017864,-1.046594,0.029834,-0.022862
6.370000,-0.022456,-0.013404,-0.017775,-1.047002,0.029774,-0.022748
6.380000,-0.022344,-0.013337,-0.017686,-1.047407,0.029715,-0.022634
6.390000,-0.022232,-0.013270,-0.017598,-1.047810,0.029655,-0.022521
6.400000,-0.022121,-0.013204,-0.017510,-1.048211,0.029596,-0.022409
6.410000,-0.022011,-0.013138,-0.017423,-1.048609,0.029537,-0.022297
6.420000,-0.021901,-0.013073,-0.017336,-1.049004,0.029478,-0.022186
6.430000,-0.021791,-0.013008,-0.017249,-1.049397,0.029418,-0.022075
6.440000,-0.021683,-0.012943,-0.017163,-1.049787,0.029360,-0.021965
6.450000,-0.021574,-0.012878,-0.017077,-1.050175,0.029301,-0.021855
6.460000,-0.021467,-0.012814,-0.016992,-1.050561,0.029242,-0.021746
6.470000,-0.021360,-0.012750,-0.016907,-1.050944,0.029184,-0.021637
6.480000,-0.021253,-0.012686,-0.016823,-1.051325,0.029125,-0.021529
6.490000,-0.021147,-0.012623,-0.016739,-1.051703,0.029067,-0.021422
6.500000,-0.021041,-0.012560,-0.016655,-1.052079,0.029009,-0.021315
6.510000,-0.020936,-0.012497,-0.016572,-1.052452,0.028951,-0.021209
6.520000,-0.020832,-0.012435,-0.016490,-1.052823,0.028893,-0.021103
6.530000,-0.020728,-0.012373,-0.016407,-1.053192,0.028835,-0.020997
6.540000,-0.020624,-0.012311,-0.016325,-1.053559,0.028777,-0.020893
6.550000,-0.020521,-0.012250,-0.016244,-1.053923,0.028719,-0.020788
6.560000,-0.020419,-0.012189,-0.016163,-1.054285,0.028662,-0.020684
6.570000,-0.020317,-0.012128,-0.016082,-1.054644,0.028605,-0.020581
6.580000,-0.020215,-0.012067,-0.016002,-1.055001,0.028547,-0.020478
6.590000,-0.020115,-0.012007,-0.015922,-1.055356,0.028490,-0.020376
6.600000,-0.020014,-0.011947,-0.015843,-1.055709,0.028433,-0.020275
6.610000,-0.019914,-0.011888,-0.015764,-1.056060,0.028376,-0.020173
6.620000,-0.019815,-0.011828,-0.015685,-1.056408,0.028319,-0.020073
6.630000,-0.019716,-0.011769,-0.015607,-1.056754,0.028263,-0.019972
6.640000,-0.019618,-0.011711,-0.015529,-1.057098,0.028206,-0.019873
6.650000,-0.019520,-0.011652,-0.015451,-1.057440,0.028150,-0.019774
6.660000,-0.019422,-0.011594,-0.015374,-1.057779,0.028093,-0.019675
6.670000,-0.019325,-0.011536,-0.015297,-1.058117,0.028037,-0.019577
6.680000,-0.019229,-0.011479,-0.015221,-1.058452,0.027981,-0.019479
6.690000,-0.019133,-0.011421,-0.015145,-1.058785,0.027925,-0.019382
6.700000,-0.019037,-0.011364,-0.015069,-1.059116,0.027869,-0.019285
6.710000,-0.018942,-0.011308,-0.014994,-1.059445,0.027813,-0.019189
6.720000,-0.018848,-0.011251,-0.014919,-1.059772,0.027757,-0.019093
6.730000,-0.018754,-0.011195,-0.014845,-1.060097,0.027702,-0.018998
6.740000,-0.018660,-0.011139,-0.014771,-1.060419,0.027646,-0.018903
6.750000,-0.018567,-0.011084,-0.014697,-1.060740,0.027591,-0.018808
6.760000,-0.018474,-0.011028,-0.014624,-1.061059,0.027536,-0.018715
6.770000,-0.018382,-0.010973,-0.014551,-1.061375,0.027481,-0.018621
6.780000,-0.018290,-0.010919,-0.014478,-1.061690,0.027426,-0.018528
6.790000,-0.018199,-0.010864,-0.014406,-1.062003,0.027371,-0.018436
6.800000,-0.018108,-0.010810,-0.014334,-1.062313,0.027316,-0.018344
6.810000,-0.018018,-0.010756,-0.014263,-1.062622,0.027261,-0.018252
6.820000,-0.017928,-0.010702,-0.014191,-1.062929,0.027207,-0.018161
6.830000,-0.017838,-0.010649,-0.014121,-1.063233,0.027152,-0.018071
6.840000,-0.017749,-0.010596,-0.014050,-1.063536,0.027098,-0.017980
6.850000,-0.017661,-0.010543,-0.013980,-1.063837,0.027044,-0.017891
6.860000,-0.017573,-0.010490,-0.013910,-1.064136,0.026990,-0.017801
6.870000,-0.017485,-0.010438,-0.013841,-1.064433,0.026936,-0.017712
6.880000,-0.017398,-0.010386,-0.013772,-1.064728,0.026882,-0.017624
6.890000,-0.017311,-0.010334,-0.013703,-1.065022,0.026828,-0.017536
6.900000,-0.017225,-0.010283,-0.013635,-1.065313,0.026774,-0.017449
6.910000,-0.017139,-0.010231,-0.013567,-1.065603,0.026721,-0.017362
6.920000,-0.017053,-0.010180,-0.013499,-1.065890,0.026667,-0.017275
6.930000,-0.016968,-0.010130,-0.013432,-1.066176,0.026614,-0.017189
6.940000,-0.016883,-0.010079,-0.013365,-1.066460,0.026560,-0.017103
6.950000,-0.016799,-0.010029,-0.013298,-1.066743,0.026507,-0.017018
6.960000,-0.016715,-0.009979,-0.013232,-1.067023,0.026454,-0.016933
6.970000,-0.016632,-0.009929,-0.013166,-1.067302,0.026401,-0.016848
6.980000,-0.016549,-0.009879,-0.013100,-1.067579,0.026348,-0.016764
6.990000,-0.016466,-0.009830,-0.013034,-1.067854,0.026296,-0.016680
7.000000,-0.016384,-0.009781,-0.012969,-1.068128,0.026243,-0.016597
7.010000,-0.016302,-0.009732,-0.012905,-1.068399,0.026191,-0.016514
7.020000,-0.016221,-0.009684,-0.012840,-1.068669,0.026138,-0.016432
7.030000,-0.016140,-0.009635,-0.012776,-1.068938,0.026086,-0.016350
7.040000,-0.016059,-0.009587,-0.012713,-1.069204,0.026034,-0.016268
7.050000,-0.015979,-0.009540,-0.012649,-1.069469,0.025982,-0.016187
7.060000,-0.015900,-0.009492,-0.012586,-1.069732,0.025930,-0.016106
7.070000,-0.015820,-0.009445,-0.012523,-1.069994,0.025878,-0.016026
7.080000,-0.015741,-0.009398,-0.012461,-1.070253,0.025826,-0.015946
7.090000,-0.015663,-0.009351,-0.012399,-1.070512,0.025774,-0.015866
7.100000,-0.015585,-0.009304,-0.012337,-1.070768,0.025723,-0.015787
7.110000,-0.015507,-0.009258,-0.012275,-1.071023,0.025671,-0.015708
7.120000,-0.015429,-0.009211,-0.012214,-1.071276,0.025620,-0.015630
7.130000,-0.015352,-0.009165,-0.012153,-1.071528,0.025568,-0.015552
7.140000,-0.015276,-0.009120,-0.012092,-1.071778,0.025517,-0.015475
7.150000,-0.015200,-0.009074,-0.012032,-1.072027,0.025466,-0.015397
7.160000,-0.015124,-0.009029,-0.011972,-1.072273,0.025415,-0.015320
7.170000,-0.015048,-0.008984,-0.011912,-1.072519,0.025364,-0.015244
7.180000,-0.014973,-0.008939,-0.011853,-1.072762,0.025314,-0.015168
7.190000,-0.014899,-0.008895,-0.011794,-1.073005,0.025263,-0.015092
7.200000,-0.014824,-0.008850,-0.011735,-1.073245,0.025212,-0.015017
7.210000,-0.014750,-0.008806,-0.011676,-1.073484,0.025162,-0.014942
7.220000,-0.014677,-0.008762,-0.011618,-1.073722,0.025112,-0.014867
7.230000,-0.014603,-0.008718,-0.011560,-1.073958,0.025061,-0.014793
7.240000,-0.014531,-0.008675,-0.011502,-1.074193,0.025011,-0.014719
7.250000,-0.014458,-0.008632,-0.011445,-1.074426,0.024961,-0.014646
7.260000,-0.014386,-0.008589,-0.011388,-1.074657,0.024911,-0.014573
7.270000,-0.014314,-0.008546,-0.011331,-1.074887,0.024861,-0.014500
7.280000,-0.014243,-0.008503,-0.011275,-1.075116,0.024812,-0.014428
7.290000,-0.014172,-0.008461,-0.011218,-1.075343,0.024762,-0.014356
7.300000,-0.014101,-0.008418,-0.011162,-1.075569,0.024712,-0.014284
7.310000,-0.014031,-0.008376,-0.011107,-1.075793,0.024663,-0.014213
7.320000,-0.013961,-0.008335,-0.011051,-1.076016,0.024614,-0.014142
7.330000,-0.013891,-0.008293,-0.010996,-1.076238,0.024564,-0.014072
7.340000,-0.013822,-0.008252,-0.010941,-1.076458,0.024515,-0.014001
7.350000,-0.013753,-0.008211,-0.010887,-1.076676,0.024466,-0.013931
7.360000,-0.013684,-0.008170,-0.010832,-1.076894,0.024417,-0.013862
7.370000,-0.013616,-0.008129,-0.010778,-1.077109,0.024368,-0.013793
7.380000,-0.013548,-0.008088,-0.010724,-1.077324,0.024320,-0.013724
7.390000,-0.013480,-0.008048,-0.010671,-1.077537,0.024271,-0.013655
7.400000,-0.013413,-0.008008,-0.010618,-1.077749,0.024222,-0.013587
7.410000,-0.013346,-0.007968,-0.010565,-1.077959,0.024174,-0.013520
7.420000,-0.013279,-0.007928,-0.010512,-1.078168,0.024126,-0.013452
7.430000,-0.013213,-0.007889,-0.010460,-1.078376,0.024077,-0.013385
7.440000,-0.013147,-0.007849,-0.010407,-1.078582,0.024029,-0.013318
7.450000,-0.013082,-0.007810,-0.010356,-1.078787,0.023981,-0.013252
7.460000,-0.013016,-0.007771,-0.010304,-1.078991,0.023933,-0.013186
7.470000,-0.012951,-0.007732,-0.010252,-1.079194,0.023885,-0.013120
7.480000,-0.012887,-0.007694,-0.010201,-1.079395,0.023837,-0.013054
7.490000,-0.012823,-0.007655,-0.010150,-1.079595,0.023790,-0.012989
7.500000,-0.012759,-0.007617,-0.010100,-1.079793,0.023742,-0.012924
7.510000,-0.012695,-0.007579,-0.010049,-1.079991,0.023695,-0.012860
7.520000,-0.012632,-0.007541,-0.009999,-1.080187,0.023647,-0.012796
7.530000,-0.012569,-0.007504,-0.009949,-1.080381,0.023600,-0.012732
7.540000,-0.012506,-0.007466,-0.009900,-1.080575,0.023553,-0.012668
7.550000,-0.012443,-0.007429,-0.009850,-1.080767,0.023505,-0.012605
7.560000,-0.012381,-0.007392,-0.009801,-1.080958,0.023458,-0.012542
7.570000,-0.012320,-0.007355,-0.009752,-1.081148,0.023411,-0.012480
7.580000,-0.012258,-0.007319,-0.009704,-1.081337,0.023365,-0.012418
7.590000,-0.012197,-0.007282,-0.009655,-1.081525,0.023318,-0.012356
7.600000,-0.012136,-0.007246,-0.009607,-1.081711,0.023271,-0.012294
7.610000,-0.012076,-0.007210,-0.009559,-1.081896,0.023225,-0.012233
7.620000,-0.012015,-0.007174,-0.009511,-1.082080,0.023178,-0.012172
7.630000,-0.011955,-0.007138,-0.009464,-1.082262,0.023132,-0.012111
7.640000,-0.011896,-0.007102,-0.009417,-1.082444,0.023086,-0.012050
7.650000,-0.011836,-0.007067,-0.009370,-1.082624,0.023039,-0.011990
7.660000,-0.011777,-0.007032,-0.009323,-1.082804,0.022993,-0.011930
7.670000,-0.011719,-0.006996,-0.009277,-1.082982,0.022947,-0.011871
7.680000,-0.011660,-0.006962,-0.009230,-1.083159,0.022901,-0.011812
7.690000,-0.011602,-0.006927,-0.009184,-1.083335,0.022856,-0.011753
7.700000,-0.011544,-0.006892,-0.009138,-1.083509,0.022810,-0.011694
7.710000,-0.011487,-0.006858,-0.009093,-1.083683,0.022764,-0.011636
7.720000,-0.011429,-0.006824,-0.009047,-1.083855,0.022719,-0.011578
7.730000,-0.011372,-0.006790,-0.009002,-1.084027,0.022673,-0.011520
7.740000,-0.011315,-0.006756,-0.008957,-1.084197,0.022628,-0.011463
7.750000,-0.011259,-0.006722,-0.008913,-1.084366,0.022583,-0.011405
7.760000,-0.011203,-0.006689,-0.008868,-1.084534,0.022537,-0.011348
7.770000,-0.011147,-0.006655,-0.008824,-1.084701,0.022492,-0.011292
7.780000,-0.011091,-0.006622,-0.008780,-1.084867,0.022447,-0.011236
7.790000,-0.011036,-0.006589,-0.008736,-1.085032,0.022402,-0.011179
7.800000,-0.010981,-0.006556,-0.008693,-1.085196,0.022358,-0.011124
7.810000,-0.010926,-0.006523,-0.008649,-1.085359,0.022313,-0.011068
7.820000,-0.010872,-0.006491,-0.008606,-1.085520,0.022268,-0.011013
7.830000,-0.010817,-0.006459,-0.008563,-1.085681,0.022224,-0.010958
7.840000,-0.010763,-0.006426,-0.008521,-1.085841,0.022179,-0.010903
7.850000,-0.010710,-0.006394,-0.008478,-1.085999,0.022135,-0.010849
7.860000,-0.010656,-0.006362,-0.008436,-1.086157,0.022091,-0.010795
7.870000,-0.010603,-0.006331,-0.008394,-1.086314,0.022046,-0.010741
7.880000,-0.010550,-0.006299,-0.008352,-1.086469,0.022002,-0.010687
7.890000,-0.010498,-0.006268,-0.008310,-1.086624,0.021958,-0.010634
7.900000,-0.010445,-0.006236,-0.008269,-1.086778,0.021914,-0.010581
7.910000,-0.010393,-0.006205,-0.008227,-1.086930,0.021871,-0.010528
7.920000,-0.010341,-0.006174,-0.008186,-1.087082,0.021827,-0.010476
7.930000,-0.010290,-0.006144,-0.008146,-1.087233,0.021783,-0.010424
7.940000,-0.010238,-0.006113,-0.008105,-1.087382,0.021740,-0.010372
7.950000,-0.010187,-0.006082,-0.008064,-1.087531,0.021696,-0.010320
7.960000,-0.010137,-0.006052,-0.008024,-1.087679,0.021653,-0.010268
7.970000,-0.010086,-0.006022,-0.007984,-1.087826,0.021609,-0.010217
7.980000,-0.010036,-0.005992,-0.007944,-1.087972,0.021566,-0.010166
7.990000,-0.009986,-0.005962,-0.007905,-1.088117,0.021523,-0.010115
8.000000,-0.009936,-0.005932,-0.007865,-1.088261,0.021480,-0.010065
8.010000,-0.009886,-0.005903,-0.007826,-1.088404,0.021437,-0.010015
8.020000,-0.009837,-0.005873,-0.007787,-1.088546,0.021394,-0.009965
8.030000,-0.009788,-0.005844,-0.007748,-1.088688,0.021351,-0.009915
8.040000,-0.009739,-0.005815,-0.007710,-1.088828,0.021309,-0.009866
8.050000,-0.009690,-0.005786,-0.007671,-1.088967,0.021266,-0.009816
8.060000,-0.009642,-0.005757,-0.007633,-1.089106,0.021223,-0.009767
8.070000,-0.009594,-0.005728,-0.007595,-1.089244,0.021181,-0.009719
8.080000,-0.009546,-0.005700,-0.007557,-1.089381,0.021139,-0.009670
8.090000,-0.009498,-0.005671,-0.007519,-1.089517,0.021096,-0.009622
8.100000,-0.009451,-0.005643,-0.007482,-1.089652,0.021054,-0.009574
8.110000,-0.009404,-0.005615,-0.007444,-1.089786,0.021012,-0.009526
8.120000,-0.009357,-0.005587,-0.007407,-1.089919,0.020970,-0.009479
8.130000,-0.009310,-0.005559,-0.007370,-1.090052,0.020928,-0.009431
8.140000,-0.009264,-0.005531,-0.007333,-1.090184,0.020886,-0.009384
8.150000,-0.009218,-0.005504,-0.007297,-1.090314,0.020844,-0.009338
8.160000,-0.009172,-0.005476,-0.007261,-1.090444,0.020803,-0.009291
8.170000,-0.009126,-0.005449,-0.007224,-1.090574,0.020761,-0.009245
8.180000,-0.009080,-0.005422,-0.007188,-1.090702,0.020720,-0.009198
8.190000,-0.009035,-0.005395,-0.007152,-1.090829,0.020678,-0.009153
8.200000,-0.008990,-0.005368,-0.007117,-1.090956,0.020637,-0.009107
8.210000,-0.008945,-0.005341,-0.007081,-1.091082,0.020595,-0.009062
8.220000,-0.008901,-0.005314,-0.007046,-1.091207,0.020554,-0.009016
8.230000,-0.008856,-0.005288,-0.007011,-1.091331,0.020513,-0.008971
8.240000,-0.008812,-0.005261,-0.006976,-1.091455,0.020472,-0.008927
8.250000,-0.008768,-0.005235,-0.006941,-1.091577,0.020431,-0.008882
8.260000,-0.008724,-0.005209,-0.006906,-1.091699,0.020390,-0.008838
8.270000,-0.008681,-0.005183,-0.006872,-1.091820,0.020350,-0.008794
8.280000,-0.008638,-0.005157,-0.006838,-1.091941,0.020309,-0.008750
8.290000,-0.008594,-0.005131,-0.006804,-1.092060,0.020268,-0.008706
8.300000,-0.008552,-0.005106,-0.006770,-1.092179,0.020228,-0.008663
8.310000,-0.008509,-0.005080,-0.006736,-1.092297,0.020187,-0.008620
8.320000,-0.008466,-0.005055,-0.006702,-1.092414,0.020147,-0.008577
8.330000,-0.008424,-0.005030,-0.006669,-1.092531,0.020107,-0.008534
8.340000,-0.008382,-0.005005,-0.006636,-1.092647,0.020066,-0.008491
8.350000,-0.008340,-0.004980,-0.006602,-1.092762,0.020026,-0.008449
8.360000,-0.008299,-0.004955,-0.006570,-1.092876,0.019986,-0.008407
8.370000,-0.008257,-0.004930,-0.006537,-1.092989,0.019946,-0.008365
8.380000,-0.008216,-0.004906,-0.006504,-1.093102,0.019906,-0.008323
8.390000,-0.008175,-0.004881,-0.006472,-1.093214,0.019867,-0.008281
8.400000,-0.008134,-0.004857,-0.006439,-1.093326,0.019827,-0.008240
8.410000,-0.008094,-0.004833,-0.006407,-1.093436,0.019787,-0.008199
8.420000,-0.008053,-0.004808,-0.006375,-1.093546,0.019748,-0.008158
8.430000,-0.008013,-0.004785,-0.006344,-1.093656,0.019708,-0.008117
8.440000,-0.007973,-0.004761,-0.006312,-1.093764,0.019669,-0.008077
8.450000,-0.007934,-0.004737,-0.006280,-1.093872,0.019629,-0.008037
8.460000,-0.007894,-0.004713,-0.006249,-1.093979,0.019590,-0.007997
8.470000,-0.007855,-0.004690,-0.006218,-1.094086,0.019551,-0.007957
8.480000,-0.007815,-0.004666,-0.006187,-1.094191,0.019512,-0.007917
8.490000,-0.007776,-0.004643,-0.006156,-1.094296,0.019473,-0.007878
8.500000,-0.007738,-0.004620,-0.006125,-1.094401,0.019434,-0.007838
8.510000,-0.007699,-0.004597,-0.006095,-1.094505,0.019395,-0.007799
8.520000,-0.007661,-0.004574,-0.006064,-1.094608,0.019356,-0.007760
8.530000,-0.007622,-0.004551,-0.006034,-1.094710,0.019317,-0.007722
8.540000,-0.007584,-0.004528,-0.006004,-1.094812,0.019279,-0.007683
8.550000,-0.007547,-0.004506,-0.005974,-1.094913,0.019240,-0.007645
8.560000,-0.007509,-0.004483,-0.005944,-1.095014,0.019202,-0.007607
8.570000,-0.007472,-0.004461,-0.005915,-1.095113,0.019163,-0.007569
8.580000,-0.007434,-0.004439,-0.005885,-1.095213,0.019125,-0.007531
8.590000,-0.007397,-0.004417,-0.005856,-1.095311,0.019087,-0.007493
8.600000,-0.007360,-0.004395,-0.005827,-1.095409,0.019049,-0.007456
8.610000,-0.007324,-0.004373,-0.005797,-1.095506,0.019011,-0.007419
8.620000,-0.007287,-0.004351,-0.005769,-1.095603,0.018973,-0.007382
8.630000,-0.007251,-0.004329,-0.005740,-1.095699,0.018935,-0.007345
8.640000,-0.007214,-0.004308,-0.005711,-1.095794,0.018897,-0.007308
8.650000,-0.007179,-0.004286,-0.005683,-1.095889,0.018859,-0.007272
8.660000,-0.007143,-0.004265,-0.005654,-1.095983,0.018821,-0.007236
8.670000,-0.007107,-0.004243,-0.005626,-1.096077,0.018784,-0.007199
8.680000,-0.007072,-0.004222,-0.005598,-1.096170,0.018746,-0.007164
8.690000,-0.007036,-0.004201,-0.005570,-1.096262,0.018709,-0.007128
8.700000,-0.007001,-0.004180,-0.005542,-1.096354,0.018671,-0.007092
8.710000,-0.006966,-0.004159,-0.005515,-1.096445,0.018634,-0.007057
8.720000,-0.006932,-0.004139,-0.005487,-1.096536,0.018597,-0.007022
8.730000,-0.006897,-0.004118,-0.005460,-1.096626,0.018559,-0.006987
8.740000,-0.006863,-0.004097,-0.005433,-1.096716,0.018522,-0.006952
8.750000,-0.006828,-0.004077,-0.005406,-1.096804,0.018485,-0.006917
8.760000,-0.006794,-0.004057,-0.005379,-1.096893,0.018448,-0.006883
8.770000,-0.006760,-0.004036,-0.005352,-1.096980,0.018411,-0.006848
8.780000,-0.006727,-0.004016,-0.005325,-1.097068,0.018375,-0.006814
8.790000,-0.006693,-0.003996,-0.005298,-1.097154,0.018338,-0.006780
8.800000,-0.006660,-0.003976,-0.005272,-1.097240,0.018301,-0.006746
8.810000,-0.006627,-0.003957,-0.005246,-1.097326,0.018264,-0.006713
8.820000,-0.006593,-0.003937,-0.005220,-1.097411,0.018228,-0.006679
8.830000,-0.006561,-0.003917,-0.005194,-1.097495,0.018192,-0.006646
8.840000,-0.006528,-0.003898,-0.005168,-1.097579,0.018155,-0.006613
8.850000,-0.006495,-0.003878,-0.005142,-1.097662,0.018119,-0.006580
8.860000,-0.006463,-0.003859,-0.005116,-1.097745,0.018083,-0.006547
8.870000,-0.006431,-0.003840,-0.005091,-1.097827,0.018046,-0.006514
8.880000,-0.006399,-0.003820,-0.005065,-1.097909,0.018010,-0.006482
8.890000,-0.006367,-0.003801,-0.005040,-1.097990,0.017974,-0.006449
8.900000,-0.006335,-0.003782,-0.005015,-1.098071,0.017938,-0.006417
8.910000,-0.006303,-0.003764,-0.004990,-1.098151,0.017903,-0.006385
8.920000,-0.006272,-0.003745,-0.004965,-1.098231,0.017867,-0.006353
8.930000,-0.006241,-0.003726,-0.004940,-1.098310,0.017831,-0.006322
8.940000,-0.006209,-0.003708,-0.004916,-1.098389,0.017795,-0.006290
8.950000,-0.006179,-0.003689,-0.004891,-1.098467,0.017760,-0.006259
8.960000,-0.006148,-0.003671,-0.004867,-1.098544,0.017724,-0.006228
8.970000,-0.006117,-0.003652,-0.004842,-1.098622,0.017689,-0.006197
8.980000,-0.006087,-0.003634,-0.004818,-1.098698,0.017653,-0.006166
8.990000,-0.006056,-0.003616,-0.004794,-1.098774,0.017618,-0.006135
9.000000,-0.006026,-0.003598,-0.004770,-1.098850,0.017583,-0.006104
9.010000,-0.005996,-0.003580,-0.004747,-1.098925,0.017548,-0.006074
9.020000,-0.005966,-0.003562,-0.004723,-1.099000,0.017513,-0.006044
9.030000,-0.005936,-0.003544,-0.004699,-1.099074,0.017478,-0.006013
9.040000,-0.005907,-0.003527,-0.004676,-1.099148,0.017443,-0.005983
9.050000,-0.005877,-0.003509,-0.004653,-1.099221,0.017408,-0.005954
9.060000,-0.005848,-0.003492,-0.004629,-1.099294,0.017373,-0.005924
9.070000,-0.005819,-0.003474,-0.004606,-1.099366,0.017338,-0.005894
9.080000,-0.005790,-0.003457,-0.004583,-1.099438,0.017304,-0.005865
9.090000,-0.005761,-0.003440,-0.004560,-1.099509,0.017269,-0.005836
9.100000,-0.005732,-0.003423,-0.004538,-1.099580,0.017235,-0.005807
9.110000,-0.005703,-0.003405,-0.004515,-1.099651,0.017200,-0.005778
9.120000,-0.005675,-0.003388,-0.004493,-1.099721,0.017166,-0.005749
9.130000,-0.005647,-0.003372,-0.004470,-1.099790,0.017131,-0.005720
9.140000,-0.005619,-0.003355,-0.004448,-1.099859,0.017097,-0.005692
9.150000,-0.005591,-0.003338,-0.004426,-1.099928,0.017063,-0.005663
9.160000,-0.005563,-0.003321,-0.004404,-1.099996,0.017029,-0.005635
9.170000,-0.005535,-0.003305,-0.004382,-1.100064,0.016995,-0.005607
9.180000,-0.005507,-0.003288,-0.004360,-1.100131,0.016961,-0.005579
9.190000,-0.005480,-0.003272,-0.004338,-1.100198,0.016927,-0.005551
9.200000,-0.005452,-0.003256,-0.004316,-1.100265,0.016893,-0.005523
9.210000,-0.005425,-0.003239,-0.004295,-1.100331,0.016859,-0.005496
9.220000,-0.005398,-0.003223,-0.004273,-1.100396,0.016826,-0.005468
9.230000,-0.005371,-0.003207,-0.004252,-1.100462,0.016792,-0.005441
9.240000,-0.005345,-0.003191,-0.004231,-1.100526,0.016758,-0.005414
9.250000,-0.005318,-0.003175,-0.004210,-1.100591,0.016725,-0.005387
9.260000,-0.005291,-0.003159,-0.004189,-1.100655,0.016691,-0.005360
9.270000,-0.005265,-0.003144,-0.004168,-1.100718,0.016658,-0.005333
9.280000,-0.005239,-0.003128,-0.004147,-1.100782,0.016625,-0.005307
9.290000,-0.005213,-0.003112,-0.004126,-1.100844,0.016591,-0.005280
9.300000,-0.005187,-0.003097,-0.004106,-1.100907,0.016558,-0.005254
9.310000,-0.005161,-0.003081,-0.004085,-1.100968,0.016525,-0.005228
9.320000,-0.005135,-0.003066,-0.004065,-1.101030,0.016492,-0.005202
9.330000,-0.005109,-0.003051,-0.004045,-1.101091,0.016459,-0.005176
9.340000,-0.005084,-0.003035,-0.004025,-1.101152,0.016426,-0.005150
9.350000,-0.005058,-0.003020,-0.004004,-1.101212,0.016393,-0.005124
9.360000,-0.005033,-0.003005,-0.003984,-1.101272,0.016361,-0.005099
9.370000,-0.005008,-0.002990,-0.003965,-1.101332,0.016328,-0.005073
9.380000,-0.004983,-0.002975,-0.003945,-1.101391,0.016295,-0.005048
9.390000,-0.004958,-0.002961,-0.003925,-1.101450,0.016263,-0.005023
9.400000,-0.004934,-0.002946,-0.003906,-1.101508,0.016230,-0.004998
9.410000,-0.004909,-0.002931,-0.003886,-1.101566,0.016198,-0.004973
9.420000,-0.004884,-0.002916,-0.003867,-1.101624,0.016165,-0.004948
9.430000,-0.004860,-0.002902,-0.003847,-1.101681,0.016133,-0.004923
9.440000,-0.004836,-0.002887,-0.003828,-1.101738,0.016101,-0.004899
9.450000,-0.004812,-0.002873,-0.003809,-1.101795,0.016069,-0.004874
9.460000,-0.004788,-0.002859,-0.003790,-1.101851,0.016036,-0.004850
9.470000,-0.004764,-0.002844,-0.003771,-1.101907,0.016004,-0.004826
9.480000,-0.004740,-0.002830,-0.003752,-1.101962,0.015972,-0.004802
9.490000,-0.004716,-0.002816,-0.003734,-1.102017,0.015940,-0.004778
9.500000,-0.004693,-0.002802,-0.003715,-1.102072,0.015909,-0.004754
9.510000,-0.004670,-0.002788,-0.003697,-1.102127,0.015877,-0.004730
9.520000,-0.004646,-0.002774,-0.003678,-1.102181,0.015845,-0.004707
9.530000,-0.004623,-0.002760,-0.003660,-1.102234,0.015813,-0.004683
9.540000,-0.004600,-0.002747,-0.003642,-1.102288,0.015782,-0.004660
9.550000,-0.004577,-0.002733,-0.003623,-1.102341,0.015750,-0.004637
9.560000,-0.004554,-0.002719,-0.003605,-1.102394,0.015719,-0.004613
9.570000,-0.004532,-0.002706,-0.003587,-1.102446,0.015687,-0.004590
9.580000,-0.004509,-0.002692,-0.003569,-1.102498,0.015656,-0.004568
9.590000,-0.004486,-0.002679,-0.003552,-1.102550,0.015625,-0.004545
9.600000,-0.004464,-0.002665,-0.003534,-1.102601,0.015593,-0.004522
9.610000,-0.004442,-0.002652,-0.003516,-1.102652,0.015562,-0.004500
9.620000,-0.004420,-0.002639,-0.003499,-1.102703,0.015531,-0.004477
9.630000,-0.004398,-0.002626,-0.003481,-1.102753,0.015500,-0.004455
9.640000,-0.004376,-0.002613,-0.003464,-1.102803,0.015469,-0.004433
9.650000,-0.004354,-0.002600,-0.003447,-1.102853,0.015438,-0.004410
9.660000,-0.004332,-0.002587,-0.003429,-1.102902,0.015407,-0.004388
9.670000,-0.004311,-0.002574,-0.003412,-1.102951,0.015376,-0.004367
9.680000,-0.004289,-0.002561,-0.003395,-1.103000,0.015346,-0.004345
9.690000,-0.004268,-0.002548,-0.003378,-1.103048,0.015315,-0.004323
9.700000,-0.004246,-0.002535,-0.003362,-1.103097,0.015284,-0.004302
9.710000,-0.004225,-0.002523,-0.003345,-1.103144,0.015254,-0.004280
9.720000,-0.004204,-0.002510,-0.003328,-1.103192,0.015223,-0.004259
9.730000,-0.004183,-0.002498,-0.003311,-1.103239,0.015193,-0.004237
9.740000,-0.004162,-0.002485,-0.003295,-1.103286,0.015163,-0.004216
9.750000,-0.004141,-0.002473,-0.003279,-1.103333,0.015132,-0.004195
9.760000,-0.004121,-0.002461,-0.003262,-1.103379,0.015102,-0.004174
9.770000,-0.004100,-0.002448,-0.003246,-1.103425,0.015072,-0.004154
9.780000,-0.004080,-0.002436,-0.003230,-1.103471,0.015042,-0.004133
9.790000,-0.004059,-0.002424,-0.003214,-1.103516,0.015012,-0.004112
9.800000,-0.004039,-0.002412,-0.003198,-1.103561,0.014982,-0.004092
9.810000,-0.004019,-0.002400,-0.003182,-1.103606,0.014952,-0.004071
9.820000,-0.003999,-0.002388,-0.003166,-1.103651,0.014922,-0.004051
9.830000,-0.003979,-0.002376,-0.003150,-1.103695,0.014892,-0.004031
9.840000,-0.003959,-0.002364,-0.003134,-1.103739,0.014862,-0.004011
9.850000,-0.003940,-0.002352,-0.003119,-1.103782,0.014832,-0.003991
9.860000,-0.003920,-0.002341,-0.003103,-1.103826,0.014803,-0.003971
9.870000,-0.003900,-0.002329,-0.003088,-1.103869,0.014773,-0.003951
9.880000,-0.003881,-0.002317,-0.003072,-1.103912,0.014744,-0.003931
9.890000,-0.003861,-0.002306,-0.003057,-1.103954,0.014714,-0.003912
9.900000,-0.003842,-0.002294,-0.003042,-1.103997,0.014685,-0.003892
9.910000,-0.003823,-0.002283,-0.003026,-1.104039,0.014655,-0.003873
9.920000,-0.003804,-0.002271,-0.003011,-1.104080,0.014626,-0.003853
9.930000,-0.003785,-0.002260,-0.002996,-1.104122,0.014597,-0.003834
9.940000,-0.003766,-0.002249,-0.002981,-1.104163,0.014568,-0.003815
9.950000,-0.003747,-0.002238,-0.002967,-1.104204,0.014539,-0.003796
9.960000,-0.003729,-0.002226,-0.002952,-1.104245,0.014510,-0.003777
9.970000,-0.003710,-0.002215,-0.002937,-1.104285,0.014481,-0.003758
9.980000,-0.003692,-0.002204,-0.002922,-1.104325,0.014452,-0.003740
9.990000,-0.003673,-0.002193,-0.002908,-1.104365,0.014423,-0.003721
10.000000,-0.003655,-0.002182,-0.002893,-1.104405,0.014394,-0.003702
