0.000000,0.315171,0.879052,0.570714,-0.426695,0.921796,-0.645524
0.010000,0.313290,0.868825,0.566854,-0.430385,0.916598,-0.639658
0.020000,0.311423,0.858833,0.563032,-0.434061,0.911462,-0.633892
0.030000,0.309572,0.849066,0.559249,-0.437722,0.906386,-0.628224
0.040000,0.307734,0.839516,0.555503,-0.441367,0.901368,-0.622650
0.050000,0.305911,0.830177,0.551794,-0.444998,0.896409,-0.617169
0.060000,0.304103,0.821039,0.548122,-0.448614,0.891506,-0.611776
0.070000,0.302308,0.812097,0.544486,-0.452214,0.886659,-0.606471
0.080000,0.300527,0.803344,0.540885,-0.455800,0.881866,-0.601249
0.090000,0.298760,0.794772,0.537318,-0.459370,0.877128,-0.596110
0.100000,0.297006,0.786377,0.533786,-0.462925,0.872442,-0.591051
0.110000,0.295266,0.778153,0.530288,-0.466466,0.867808,-0.586070
0.120000,0.293538,0.770093,0.526823,-0.469991,0.863225,-0.581164
0.130000,0.291824,0.762193,0.523390,-0.473502,0.858692,-0.576331
0.140000,0.290123,0.754446,0.519990,-0.476997,0.854208,-0.571571
0.150000,0.288435,0.746850,0.516621,-0.480477,0.849773,-0.566881
0.160000,0.286759,0.739398,0.513284,-0.483943,0.845385,-0.562258
0.170000,0.285095,0.732087,0.509977,-0.487393,0.841044,-0.557702
0.180000,0.283444,0.724911,0.506701,-0.490829,0.836748,-0.553211
0.190000,0.281805,0.717867,0.503454,-0.494249,0.832498,-0.548784
0.200000,0.280179,0.710951,0.500238,-0.497655,0.828292,-0.544418
0.210000,0.278564,0.704160,0.497050,-0.501046,0.824130,-0.540112
0.220000,0.276961,0.697489,0.493890,-0.504422,0.820010,-0.535865
0.230000,0.275369,0.690934,0.490759,-0.507783,0.815933,-0.531675
0.240000,0.273789,0.684494,0.487656,-0.511129,0.811897,-0.527542
0.250000,0.272221,0.678164,0.484581,-0.514460,0.807902,-0.523463
0.260000,0.270664,0.671941,0.481532,-0.517777,0.803947,-0.519438
0.270000,0.269118,0.665822,0.478510,-0.521078,0.800032,-0.515465
0.280000,0.267583,0.659805,0.475514,-0.524365,0.796156,-0.511544
0.290000,0.266058,0.653886,0.472545,-0.527637,0.792317,-0.507672
0.300000,0.264545,0.648063,0.469601,-0.530895,0.788516,-0.503850
0.310000,0.263043,0.642334,0.466682,-0.534137,0.784753,-0.500075
0.320000,0.261551,0.636696,0.463788,-0.537365,0.781025,-0.496348
0.330000,0.260069,0.631146,0.460919,-0.540578,0.777334,-0.492666
0.340000,0.258598,0.625682,0.458074,-0.543777,0.773678,-0.489029
0.350000,0.257137,0.620303,0.455252,-0.546961,0.770056,-0.485436
0.360000,0.255687,0.615005,0.452455,-0.550130,0.766469,-0.481887
0.370000,0.254246,0.609788,0.449681,-0.553285,0.762916,-0.478379
0.380000,0.252816,0.604648,0.446930,-0.556425,0.759395,-0.474913
0.390000,0.251395,0.599584,0.444202,-0.559551,0.755908,-0.471487
0.400000,0.249984,0.594594,0.441496,-0.562662,0.752452,-0.468102
0.410000,0.248583,0.589677,0.438812,-0.565758,0.749028,-0.464755
0.420000,0.247191,0.584830,0.436150,-0.568841,0.745635,-0.461446
0.430000,0.245809,0.580051,0.433510,-0.571908,0.742273,-0.458175
0.440000,0.244436,0.575340,0.430891,-0.574962,0.738942,-0.454940
0.450000,0.243072,0.570695,0.428293,-0.578001,0.735640,-0.451742
0.460000,0.241718,0.566114,0.425716,-0.581025,0.732368,-0.448579
0.470000,0.240372,0.561596,0.423160,-0.584036,0.729124,-0.445451
0.480000,0.239036,0.557139,0.420624,-0.587032,0.725909,-0.442357
0.490000,0.237709,0.552741,0.418108,-0.590013,0.722722,-0.439296
0.500000,0.236390,0.548403,0.415612,-0.592981,0.719563,-0.436268
0.510000,0.235081,0.544121,0.413135,-0.595934,0.716432,-0.433272
0.520000,0.233780,0.539896,0.410678,-0.598873,0.713327,-0.430308
0.530000,0.232487,0.535725,0.408239,-0.601798,0.710249,-0.427375
0.540000,0.231204,0.531608,0.405820,-0.604709,0.707197,-0.424473
0.550000,0.229928,0.527543,0.403420,-0.607606,0.704170,-0.421601
0.560000,0.228661,0.523530,0.401038,-0.610489,0.701170,-0.418758
0.570000,0.227402,0.519567,0.398674,-0.613358,0.698194,-0.415944
0.580000,0.226152,0.515653,0.396328,-0.616213,0.695243,-0.413159
0.590000,0.224909,0.511788,0.394000,-0.619054,0.692317,-0.410402
0.600000,0.223675,0.507970,0.391690,-0.621881,0.689414,-0.407673
0.610000,0.222449,0.504198,0.389397,-0.624694,0.686536,-0.404970
0.620000,0.221231,0.500471,0.387121,-0.627494,0.683680,-0.402294
0.630000,0.220020,0.496789,0.384862,-0.630279,0.680848,-0.399645
0.640000,0.218817,0.493151,0.382620,-0.633051,0.678039,-0.397021
0.650000,0.217622,0.489555,0.380395,-0.635809,0.675252,-0.394423
0.660000,0.216435,0.486001,0.378187,-0.638554,0.672488,-0.391850
0.670000,0.215255,0.482488,0.375994,-0.641285,0.669745,-0.389301
0.680000,0.214083,0.479015,0.373818,-0.644002,0.667024,-0.386777
0.690000,0.212918,0.475582,0.371658,-0.646706,0.664324,-0.384276
0.700000,0.211761,0.472188,0.369513,-0.649396,0.661646,-0.381799
0.710000,0.210610,0.468832,0.367384,-0.652073,0.658988,-0.379345
0.720000,0.209468,0.465513,0.365271,-0.654736,0.656351,-0.376913
0.730000,0.208332,0.462231,0.363173,-0.657386,0.653734,-0.374505
0.740000,0.207203,0.458985,0.361089,-0.660022,0.651136,-0.372118
0.750000,0.206082,0.455774,0.359021,-0.662645,0.648559,-0.369753
0.760000,0.204968,0.452598,0.356968,-0.665255,0.646001,-0.367409
0.770000,0.203860,0.449457,0.354929,-0.667852,0.643463,-0.365087
0.780000,0.202760,0.446348,0.352905,-0.670436,0.640943,-0.362785
0.790000,0.201666,0.443273,0.350895,-0.673006,0.638443,-0.360504
0.800000,0.200579,0.440230,0.348899,-0.675563,0.635960,-0.358243
0.810000,0.199499,0.437219,0.346918,-0.678107,0.633496,-0.356002
0.820000,0.198425,0.434239,0.344950,-0.680638,0.631051,-0.353780
0.830000,0.197358,0.431289,0.342996,-0.683156,0.628623,-0.351578
0.840000,0.196298,0.428370,0.341056,-0.685661,0.626212,-0.349395
0.850000,0.195244,0.425481,0.339129,-0.688154,0.623819,-0.347231
0.860000,0.194196,0.422621,0.337215,-0.690633,0.621444,-0.345086
0.870000,0.193155,0.419790,0.335315,-0.693100,0.619085,-0.342958
0.880000,0.192121,0.416987,0.333428,-0.695553,0.616743,-0.340849
0.890000,0.191092,0.414211,0.331553,-0.697994,0.614418,-0.338758
0.900000,0.190070,0.411463,0.329692,-0.700423,0.612109,-0.336684
0.910000,0.189054,0.408742,0.327843,-0.702838,0.609817,-0.334627
0.920000,0.188044,0.406048,0.326007,-0.705242,0.607540,-0.332588
0.930000,0.187041,0.403379,0.324183,-0.707632,0.605280,-0.330566
0.940000,0.186043,0.400736,0.322372,-0.710010,0.603034,-0.328560
0.950000,0.185052,0.398119,0.320573,-0.712376,0.600805,-0.326571
0.960000,0.184066,0.395526,0.318786,-0.714729,0.598591,-0.324598
0.970000,0.183086,0.392958,0.317011,-0.717069,0.596391,-0.322641
0.980000,0.182112,0.390414,0.315248,-0.719398,0.594207,-0.320699
0.990000,0.181144,0.387893,0.313496,-0.721714,0.592038,-0.318774
1.000000,0.180182,0.385396,0.311757,-0.724018,0.589883,-0.316864
1.010000,0.179225,0.382923,0.310029,-0.726309,0.587743,-0.314969
1.020000,0.178275,0.380471,0.308312,-0.728589,0.585617,-0.313089
1.030000,0.177329,0.378043,0.306606,-0.730856,0.583505,-0.311224
1.040000,0.176390,0.375636,0.304912,-0.733111,0.581407,-0.309374
1.050000,0.175456,0.373251,0.303229,-0.735355,0.579322,-0.307538
1.060000,0.174527,0.370887,0.301557,-0.737586,0.577252,-0.305717
1.070000,0.173604,0.368545,0.299896,-0.739805,0.575195,-0.303909
1.080000,0.172686,0.366223,0.298246,-0.742013,0.573151,-0.302116
1.090000,0.171774,0.363922,0.296607,-0.744208,0.571121,-0.300337
1.100000,0.170867,0.361641,0.294978,-0.746392,0.569104,-0.298571
1.110000,0.169966,0.359380,0.293359,-0.748564,0.567099,-0.296819
1.120000,0.169069,0.357139,0.291752,-0.750725,0.565108,-0.295080
1.130000,0.168178,0.354917,0.290154,-0.752873,0.563129,-0.293354
1.140000,0.167292,0.352714,0.288567,-0.755010,0.561162,-0.291641
1.150000,0.166412,0.350530,0.286990,-0.757136,0.559208,-0.289941
1.160000,0.165536,0.348365,0.285423,-0.759250,0.557266,-0.288254
1.170000,0.164666,0.346218,0.283866,-0.761352,0.555337,-0.286580
1.180000,0.163800,0.344089,0.282319,-0.763443,0.553419,-0.284918
1.190000,0.162940,0.341978,0.280781,-0.765523,0.551513,-0.283268
1.200000,0.162084,0.339885,0.279254,-0.767592,0.549619,-0.281630
1.210000,0.161234,0.337809,0.277736,-0.769649,0.547737,-0.280005
1.220000,0.160388,0.335750,0.276228,-0.771695,0.545866,-0.278391
1.230000,0.159547,0.333708,0.274729,-0.773729,0.544006,-0.276789
1.240000,0.158711,0.331683,0.273240,-0.775753,0.542158,-0.275199
1.250000,0.157880,0.329675,0.271760,-0.777765,0.540321,-0.273621
1.260000,0.157054,0.327683,0.270289,-0.779767,0.538495,-0.272053
1.270000,0.156232,0.325707,0.268827,-0.781757,0.536680,-0.270497
1.280000,0.155415,0.323747,0.267375,-0.783736,0.534875,-0.268952
1.290000,0.154603,0.321802,0.265931,-0.785705,0.533082,-0.267419
1.300000,0.153795,0.319874,0.264497,-0.787662,0.531299,-0.265896
1.310000,0.152992,0.317960,0.263071,-0.789609,0.529526,-0.264384
1.320000,0.152194,0.316062,0.261654,-0.791545,0.527764,-0.262882
1.330000,0.151400,0.314178,0.260246,-0.793471,0.526013,-0.261391
1.340000,0.150610,0.312310,0.258847,-0.795385,0.524271,-0.259911
1.350000,0.149825,0.310456,0.257456,-0.797289,0.522540,-0.258441
1.360000,0.149045,0.308616,0.256073,-0.799182,0.520818,-0.256981
1.370000,0.148269,0.306791,0.254700,-0.801065,0.519107,-0.255532
1.380000,0.147497,0.304980,0.253334,-0.802938,0.517405,-0.254092
1.390000,0.146730,0.303183,0.251977,-0.804800,0.515713,-0.252663
1.400000,0.145966,0.301399,0.250628,-0.806651,0.514030,-0.251243
1.410000,0.145208,0.299629,0.249287,-0.808492,0.512357,-0.249833
1.420000,0.144453,0.297873,0.247955,-0.810323,0.510694,-0.248433
1.430000,0.143703,0.296130,0.246630,-0.812144,0.509040,-0.247042
1.440000,0.142957,0.294400,0.245313,-0.813954,0.507395,-0.245661
1.450000,0.142215,0.292683,0.244005,-0.815754,0.505759,-0.244289
1.460000,0.141477,0.290978,0.242704,-0.817544,0.504133,-0.242926
1.470000,0.140743,0.289287,0.241411,-0.819324,0.502515,-0.241573
1.480000,0.140014,0.287608,0.240126,-0.821094,0.500906,-0.240229
1.490000,0.139288,0.285942,0.238848,-0.822854,0.499307,-0.238893
1.500000,0.138567,0.284287,0.237578,-0.824604,0.497715,-0.237567
1.510000,0.137849,0.282645,0.236316,-0.826344,0.496133,-0.236250
1.520000,0.137136,0.281015,0.235061,-0.828074,0.494559,-0.234941
1.530000,0.136427,0.279397,0.233814,-0.829795,0.492994,-0.233641
1.540000,0.135721,0.277791,0.232574,-0.831505,0.491437,-0.232349
1.550000,0.135019,0.276196,0.231341,-0.833206,0.489888,-0.231066
1.560000,0.134322,0.274613,0.230116,-0.834898,0.488348,-0.229792
1.570000,0.133628,0.273041,0.228898,-0.836579,0.486816,-0.228526
1.580000,0.132938,0.271480,0.227687,-0.838251,0.485292,-0.227268
1.590000,0.132251,0.269931,0.226483,-0.839914,0.483776,-0.226018
1.600000,0.131569,0.268392,0.225286,-0.841567,0.482268,-0.224777
1.610000,0.130890,0.266865,0.224097,-0.843211,0.480768,-0.223543
1.620000,0.130215,0.265348,0.222914,-0.844845,0.479276,-0.222318
1.630000,0.129544,0.263842,0.221738,-0.846470,0.477792,-0.221100
1.640000,0.128876,0.262346,0.220569,-0.848085,0.476315,-0.219891
1.650000,0.128212,0.260861,0.219407,-0.849692,0.474847,-0.218689
1.660000,0.127552,0.259387,0.218252,-0.851289,0.473385,-0.217495
1.670000,0.126895,0.257922,0.217103,-0.852877,0.471931,-0.216308
1.680000,0.126242,0.256468,0.215961,-0.854455,0.470485,-0.215129
1.690000,0.125592,0.255024,0.214826,-0.856025,0.469046,-0.213958
1.700000,0.124946,0.253590,0.213697,-0.857586,0.467614,-0.212794
1.710000,0.124304,0.252165,0.212575,-0.859137,0.466190,-0.211637
1.720000,0.123665,0.250751,0.211459,-0.860680,0.464773,-0.210488
1.730000,0.123029,0.249346,0.210349,-0.862214,0.463362,-0.209346
1.740000,0.122397,0.247950,0.209246,-0.863739,0.461959,-0.208211
1.750000,0.121769,0.246564,0.208150,-0.865255,0.460563,-0.207083
1.760000,0.121144,0.245188,0.207059,-0.866762,0.459174,-0.205962
1.770000,0.120522,0.243821,0.205975,-0.868261,0.457792,-0.204848
1.780000,0.119903,0.242463,0.204897,-0.869751,0.456417,-0.203742
1.790000,0.119288,0.241114,0.203826,-0.871232,0.455048,-0.202642
1.800000,0.118677,0.239774,0.202760,-0.872705,0.453687,-0.201549
1.810000,0.118068,0.238443,0.201700,-0.874169,0.452332,-0.200463
1.820000,0.117463,0.237121,0.200647,-0.875624,0.450983,-0.199383
1.830000,0.116861,0.235808,0.199599,-0.877072,0.449641,-0.198310
1.840000,0.116262,0.234503,0.198558,-0.878510,0.448306,-0.197244
1.850000,0.115667,0.233207,0.197522,-0.879940,0.446977,-0.196184
1.860000,0.115075,0.231919,0.196492,-0.881362,0.445654,-0.195131
1.870000,0.114486,0.230640,0.195468,-0.882776,0.444338,-0.194084
1.880000,0.113900,0.229370,0.194450,-0.884181,0.443028,-0.193044
1.890000,0.113317,0.228107,0.193438,-0.885579,0.441725,-0.192010
1.900000,0.112738,0.226853,0.192431,-0.886968,0.440427,-0.190982
1.910000,0.112161,0.225607,0.191430,-0.888348,0.439136,-0.189961
1.920000,0.111588,0.224370,0.190434,-0.889721,0.437851,-0.188946
1.930000,0.111017,0.223140,0.189444,-0.891086,0.436572,-0.187937
1.940000,0.110450,0.221918,0.188460,-0.892442,0.435299,-0.186933
1.950000,0.109886,0.220704,0.187481,-0.893791,0.434031,-0.185937
1.960000,0.109325,0.219497,0.186508,-0.895132,0.432770,-0.184946
1.970000,0.108767,0.218299,0.185540,-0.896465,0.431515,-0.183961
1.980000,0.108211,0.217108,0.184578,-0.897790,0.430265,-0.182981
1.990000,0.107659,0.215925,0.183621,-0.899107,0.429022,-0.182008
2.000000,0.107110,0.214749,0.182669,-0.900416,0.427784,-0.181041
2.010000,0.106563,0.213581,0.181723,-0.901718,0.426551,-0.180079
2.020000,0.106020,0.212420,0.180781,-0.903012,0.425325,-0.179123
2.030000,0.105479,0.211266,0.179845,-0.904299,0.424103,-0.178173
2.040000,0.104942,0.210120,0.178915,-0.905577,0.422888,-0.177228
2.050000,0.104407,0.208981,0.177989,-0.906849,0.421678,-0.176289
2.060000,0.103875,0.207849,0.177069,-0.908112,0.420473,-0.175356
2.070000,0.103346,0.206724,0.176153,-0.909369,0.419274,-0.174428
2.080000,0.102819,0.205606,0.175243,-0.910617,0.418081,-0.173505
2.090000,0.102296,0.204495,0.174338,-0.911859,0.416892,-0.172588
2.100000,0.101775,0.203391,0.173437,-0.913093,0.415709,-0.171677
2.110000,0.101257,0.202294,0.172542,-0.914319,0.414532,-0.170770
2.120000,0.100742,0.201204,0.171652,-0.915539,0.413359,-0.169869
2.130000,0.100229,0.200120,0.170766,-0.916751,0.412192,-0.168974
2.140000,0.099719,0.199043,0.169886,-0.917956,0.411030,-0.168083
2.150000,0.099212,0.197973,0.169010,-0.919153,0.409873,-0.167198
2.160000,0.098708,0.196910,0.168139,-0.920344,0.408721,-0.166318
2.170000,0.098206,0.195852,0.167272,-0.921528,0.407574,-0.165443
2.180000,0.097707,0.194802,0.166411,-0.922704,0.406432,-0.164573
2.190000,0.097210,0.193757,0.165554,-0.923873,0.405295,-0.163708
2.200000,0.096716,0.192720,0.164702,-0.925036,0.404163,-0.162848
2.210000,0.096225,0.191688,0.163855,-0.926191,0.403036,-0.161993
2.220000,0.095736,0.190663,0.163012,-0.927340,0.401914,-0.161143
2.230000,0.095250,0.189644,0.162174,-0.928482,0.400797,-0.160298
2.240000,0.094766,0.188631,0.161340,-0.929617,0.399684,-0.159457
2.250000,0.094285,0.187624,0.160511,-0.930745,0.398576,-0.158622
2.260000,0.093807,0.186623,0.159686,-0.931866,0.397473,-0.157791
2.270000,0.093331,0.185628,0.158866,-0.932981,0.396375,-0.156966
2.280000,0.092857,0.184640,0.158051,-0.934088,0.395281,-0.156144
2.290000,0.092386,0.183657,0.157239,-0.935190,0.394192,-0.155328
2.300000,0.091917,0.182680,0.156433,-0.936284,0.393107,-0.154516
2.310000,0.091451,0.181709,0.155630,-0.937372,0.392027,-0.153709
2.320000,0.090988,0.180743,0.154832,-0.938454,0.390952,-0.152906
2.330000,0.090526,0.179784,0.154038,-0.939529,0.389881,-0.152108
2.340000,0.090067,0.178830,0.153249,-0.940598,0.388815,-0.151315
2.350000,0.089611,0.177882,0.152463,-0.941660,0.387753,-0.150526
2.360000,0.089157,0.176939,0.151682,-0.942715,0.386695,-0.149741
2.370000,0.088705,0.176002,0.150905,-0.943765,0.385642,-0.148961
2.380000,0.088256,0.175071,0.150133,-0.944808,0.384593,-0.148186
2.390000,0.087809,0.174145,0.149364,-0.945845,0.383549,-0.147414
2.400000,0.087364,0.173224,0.148600,-0.946875,0.382509,-0.146647
2.410000,0.086922,0.172309,0.147840,-0.947899,0.381473,-0.145885
2.420000,0.086482,0.171399,0.147084,-0.948917,0.380441,-0.145127
2.430000,0.086044,0.170495,0.146331,-0.949929,0.379413,-0.144372
2.440000,0.085609,0.169595,0.145583,-0.950935,0.378390,-0.143623
2.450000,0.085176,0.168702,0.144839,-0.951935,0.377371,-0.142877
2.460000,0.084745,0.167813,0.144099,-0.952928,0.376356,-0.142135
2.470000,0.084316,0.166929,0.143363,-0.953916,0.375345,-0.141398
2.480000,0.083889,0.166051,0.142631,-0.954898,0.374338,-0.140665
2.490000,0.083465,0.165178,0.141903,-0.955873,0.373335,-0.139936
2.500000,0.083043,0.164309,0.141178,-0.956843,0.372336,-0.139211
2.510000,0.082623,0.163446,0.140458,-0.957807,0.371341,-0.138490
2.520000,0.082206,0.162588,0.139741,-0.958765,0.370351,-0.137773
2.530000,0.081790,0.161735,0.139028,-0.959717,0.369364,-0.137060
2.540000,0.081377,0.160886,0.138319,-0.960664,0.368381,-0.136351
2.550000,0.080966,0.160043,0.137614,-0.961604,0.367401,-0.135646
2.560000,0.080557,0.159204,0.136912,-0.962539,0.366426,-0.134944
2.570000,0.080150,0.158371,0.136215,-0.963469,0.365455,-0.134247
2.580000,0.079745,0.157542,0.135521,-0.964392,0.364487,-0.133553
2.590000,0.079342,0.156717,0.134830,-0.965310,0.363523,-0.132864
2.600000,0.078941,0.155898,0.134143,-0.966223,0.362563,-0.132178
2.610000,0.078543,0.155083,0.133460,-0.967129,0.361607,-0.131496
2.620000,0.078146,0.154273,0.132781,-0.968031,0.360654,-0.130817
2.630000,0.077752,0.153467,0.132105,-0.968927,0.359705,-0.130143
2.640000,0.077359,0.152666,0.131433,-0.969817,0.358760,-0.129472
2.650000,0.076969,0.151869,0.130764,-0.970702,0.357818,-0.128805
2.660000,0.076581,0.151077,0.130099,-0.971581,0.356880,-0.128141
2.670000,0.076194,0.150290,0.129437,-0.972455,0.355946,-0.127481
2.680000,0.075810,0.149507,0.128779,-0.973324,0.355015,-0.126825
2.690000,0.075427,0.148728,0.128124,-0.974188,0.354087,-0.126172
2.700000,0.075047,0.147954,0.127473,-0.975046,0.353164,-0.125523
2.710000,0.074668,0.147184,0.126825,-0.975899,0.352243,-0.124877
2.720000,0.074292,0.146419,0.126180,-0.976747,0.351327,-0.124235
2.730000,0.073917,0.145657,0.125539,-0.977589,0.350413,-0.123597
2.740000,0.073545,0.144900,0.124902,-0.978426,0.349503,-0.122961
2.750000,0.073174,0.144148,0.124267,-0.979259,0.348597,-0.122330
2.760000,0.072805,0.143399,0.123636,-0.980086,0.347694,-0.121702
2.770000,0.072438,0.142655,0.123009,-0.980908,0.346794,-0.121077
2.780000,0.072073,0.141915,0.122384,-0.981725,0.345898,-0.120455
2.790000,0.071710,0.141179,0.121763,-0.982537,0.345005,-0.119837
2.800000,0.071349,0.140447,0.121146,-0.983344,0.344115,-0.119222
2.810000,0.070989,0.139719,0.120531,-0.984146,0.343229,-0.118611
2.820000,0.070631,0.138995,0.119920,-0.984943,0.342346,-0.118003
2.830000,0.070276,0.138276,0.119311,-0.985735,0.341466,-0.117398
2.840000,0.069922,0.137560,0.118706,-0.986523,0.340590,-0.116797
2.850000,0.069570,0.136848,0.118105,-0.987305,0.339716,-0.116198
2.860000,0.069219,0.136140,0.117506,-0.988083,0.338846,-0.115603
2.870000,0.068871,0.135436,0.116910,-0.988856,0.337979,-0.115011
2.880000,0.068524,0.134736,0.116318,-0.989624,0.337116,-0.114423
2.890000,0.068179,0.134040,0.115729,-0.990387,0.336255,-0.113837
2.900000,0.067836,0.133348,0.115142,-0.991146,0.335397,-0.113255
2.910000,0.067495,0.132659,0.114559,-0.991900,0.334543,-0.112676
2.920000,0.067155,0.131975,0.113979,-0.992649,0.333692,-0.112099
2.930000,0.066817,0.131294,0.113402,-0.993394,0.332844,-0.111526
2.940000,0.066481,0.130617,0.112828,-0.994134,0.331998,-0.110956
2.950000,0.066146,0.129943,0.112257,-0.994870,0.331156,-0.110390
2.960000,0.065813,0.129274,0.111689,-0.995601,0.330317,-0.109826
2.970000,0.065482,0.128607,0.111124,-0.996328,0.329481,-0.109265
2.980000,0.065153,0.127945,0.110561,-0.997050,0.328648,-0.108707
2.990000,0.064825,0.127286,0.110002,-0.997767,0.327818,-0.108152
3.000000,0.064499,0.126631,0.109446,-0.998480,0.326991,-0.107600
3.010000,0.064175,0.125979,0.108892,-0.999189,0.326167,-0.107051
3.020000,0.063852,0.125331,0.108341,-0.999893,0.325345,-0.106505
3.030000,0.063531,0.124687,0.107794,-1.000593,0.324527,-0.105962
3.040000,0.063212,0.124046,0.107249,-1.001289,0.323711,-0.105422
3.050000,0.062894,0.123408,0.106707,-1.001980,0.322899,-0.104884
3.060000,0.062578,0.122774,0.106167,-1.002667,0.322089,-0.104350
3.070000,0.062263,0.122144,0.105631,-1.003350,0.321282,-0.103818
3.080000,0.061950,0.121516,0.105097,-1.004029,0.320478,-0.103289
3.090000,0.061639,0.120893,0.104566,-1.004703,0.319676,-0.102763
3.100000,0.061329,0.120272,0.104038,-1.005373,0.318878,-0.102240
3.110000,0.061021,0.119655,0.103513,-1.006040,0.318082,-0.101719
3.120000,0.060715,0.119041,0.102990,-1.006701,0.317289,-0.101202
3.130000,0.060410,0.118431,0.102470,-1.007359,0.316499,-0.100687
3.140000,0.060106,0.117824,0.101952,-1.008013,0.315711,-0.100174
3.150000,0.059804,0.117220,0.101438,-1.008663,0.314927,-0.099665
3.160000,0.059504,0.116620,0.100926,-1.009308,0.314144,-0.099158
3.170000,0.059205,0.116022,0.100416,-1.009950,0.313365,-0.098654
3.180000,0.058908,0.115428,0.099910,-1.010587,0.312588,-0.098152
3.190000,0.058612,0.114837,0.099405,-1.011221,0.311814,-0.097653
3.200000,0.058317,0.114250,0.098904,-1.011851,0.311043,-0.097157
3.210000,0.058025,0.113665,0.098405,-1.012477,0.310274,-0.096663
3.220000,0.057733,0.113084,0.097909,-1.013099,0.309508,-0.096172
3.230000,0.057443,0.112505,0.097415,-1.013717,0.308744,-0.095684
3.240000,0.057155,0.111930,0.096924,-1.014331,0.307983,-0.095198
3.250000,0.056868,0.111358,0.096435,-1.014941,0.307225,-0.094714
3.260000,0.056583,0.110789,0.095949,-1.015548,0.306469,-0.094234
3.270000,0.056299,0.110223,0.095465,-1.016151,0.305715,-0.093755
3.280000,0.056016,0.109660,0.094984,-1.016750,0.304965,-0.093280
3.290000,0.055735,0.109100,0.094505,-1.017345,0.304216,-0.092806
3.300000,0.055455,0.108543,0.094029,-1.017936,0.303471,-0.092336
3.310000,0.055177,0.107989,0.093555,-1.018524,0.302727,-0.091867
3.320000,0.054900,0.107438,0.093084,-1.019109,0.301986,-0.091401
3.330000,0.054625,0.106890,0.092615,-1.019689,0.301248,-0.090938
3.340000,0.054351,0.106345,0.092148,-1.020266,0.300512,-0.090477
3.350000,0.054078,0.105803,0.091684,-1.020840,0.299779,-0.090018
3.360000,0.053807,0.105263,0.091222,-1.021409,0.299048,-0.089562
3.370000,0.053537,0.104727,0.090763,-1.021976,0.298319,-0.089108
3.380000,0.053268,0.104193,0.090306,-1.022538,0.297593,-0.088657
3.390000,0.053001,0.103662,0.089851,-1.023097,0.296869,-0.088208
3.400000,0.052735,0.103134,0.089399,-1.023653,0.296147,-0.087761
3.410000,0.052471,0.102609,0.088949,-1.024205,0.295428,-0.087317
3.420000,0.052208,0.102086,0.088501,-1.024754,0.294712,-0.086875
3.430000,0.051946,0.101567,0.088055,-1.025299,0.293997,-0.086435
3.440000,0.051685,0.101050,0.087612,-1.025841,0.293285,-0.085997
3.450000,0.051426,0.100536,0.087171,-1.026380,0.292575,-0.085562
3.460000,0.051168,0.100024,0.086733,-1.026915,0.291868,-0.085129
3.470000,0.050912,0.099515,0.086296,-1.027447,0.291163,-0.084699
3.480000,0.050657,0.099009,0.085862,-1.027975,0.290460,-0.084270
3.490000,0.050403,0.098506,0.085430,-1.028500,0.289759,-0.083844
3.500000,0.050150,0.098005,0.085000,-1.029022,0.289061,-0.083420
3.510000,0.049899,0.097507,0.084573,-1.029541,0.288365,-0.082998
3.520000,0.049649,0.097012,0.084148,-1.030056,0.287671,-0.082578
3.530000,0.049400,0.096519,0.083724,-1.030568,0.286979,-0.082161
3.540000,0.049152,0.096028,0.083303,-1.031077,0.286290,-0.081746
3.550000,0.048906,0.095541,0.082885,-1.031583,0.285603,-0.081333
3.560000,0.048661,0.095056,0.082468,-1.032086,0.284918,-0.080922
3.570000,0.048417,0.094573,0.082053,-1.032585,0.284235,-0.080513
3.580000,0.048174,0.094093,0.081641,-1.033081,0.283554,-0.080106
3.590000,0.047933,0.093615,0.081230,-1.033574,0.282876,-0.079701
3.600000,0.047693,0.093140,0.080822,-1.034065,0.282199,-0.079299
3.610000,0.047454,0.092668,0.080416,-1.034552,0.281525,-0.078899
3.620000,0.047216,0.092198,0.080012,-1.035035,0.280853,-0.078500
3.630000,0.046980,0.091730,0.079610,-1.035516,0.280183,-0.078104
3.640000,0.046744,0.091265,0.079210,-1.035994,0.279515,-0.077710
3.650000,0.046510,0.090802,0.078812,-1.036469,0.278850,-0.077317
3.660000,0.046277,0.090342,0.078416,-1.036941,0.278186,-0.076927
3.670000,0.046045,0.089884,0.078022,-1.037410,0.277524,-0.076539
3.680000,0.045815,0.089429,0.077630,-1.037876,0.276865,-0.076153
3.690000,0.045585,0.088976,0.077240,-1.038339,0.276207,-0.075769
3.700000,0.045357,0.088525,0.076852,-1.038799,0.275552,-0.075386
3.710000,0.045130,0.088077,0.076466,-1.039256,0.274899,-0.075006
3.720000,0.044904,0.087631,0.076082,-1.039711,0.274247,-0.074628
3.730000,0.044679,0.087187,0.075700,-1.040162,0.273598,-0.074252
3.740000,0.044455,0.086745,0.075320,-1.040611,0.272951,-0.073877
3.750000,0.044233,0.086306,0.074942,-1.041057,0.272305,-0.073505
3.760000,0.044011,0.085870,0.074566,-1.041500,0.271662,-0.073134
3.770000,0.043791,0.085435,0.074191,-1.041940,0.271021,-0.072766
3.780000,0.043572,0.085003,0.073819,-1.042377,0.270381,-0.072399
3.790000,0.043354,0.084573,0.073448,-1.042812,0.269744,-0.072034
3.800000,0.043136,0.084145,0.073080,-1.043244,0.269108,-0.071671
3.810000,0.042921,0.083719,0.072713,-1.043673,0.268475,-0.071310
3.820000,0.042706,0.083296,0.072348,-1.044100,0.267843,-0.070951
3.830000,0.042492,0.082875,0.071985,-1.044524,0.267214,-0.070593
3.840000,0.042279,0.082456,0.071624,-1.044945,0.266586,-0.070238
3.850000,0.042068,0.082039,0.071265,-1.045363,0.265960,-0.069884
3.860000,0.041857,0.081624,0.070907,-1.045779,0.265336,-0.069532
3.870000,0.041648,0.081212,0.070551,-1.046193,0.264714,-0.069182
3.880000,0.041439,0.080802,0.070197,-1.046603,0.264094,-0.068834
3.890000,0.041232,0.080393,0.069845,-1.047011,0.263476,-0.068487
3.900000,0.041025,0.079987,0.069495,-1.047417,0.262859,-0.068142
3.910000,0.040820,0.079583,0.069146,-1.047820,0.262245,-0.067799
3.920000,0.040616,0.079181,0.068799,-1.048220,0.261632,-0.067458
3.930000,0.040413,0.078782,0.068454,-1.048618,0.261021,-0.067119
3.940000,0.040210,0.078384,0.068111,-1.049013,0.260412,-0.066781
3.950000,0.040009,0.077988,0.067770,-1.049406,0.259805,-0.066445
3.960000,0.039809,0.077594,0.067430,-1.049797,0.259199,-0.066110
3.970000,0.039610,0.077203,0.067092,-1.050185,0.258596,-0.065778
3.980000,0.039412,0.076813,0.066755,-1.050570,0.257994,-0.065447
3.990000,0.039215,0.076426,0.066421,-1.050953,0.257394,-0.065118
4.000000,0.039018,0.076040,0.066088,-1.051334,0.256796,-0.064790
4.010000,0.038823,0.075656,0.065756,-1.051712,0.256199,-0.064464
4.020000,0.038629,0.075275,0.065427,-1.052088,0.255605,-0.064140
4.030000,0.038436,0.074895,0.065099,-1.052461,0.255012,-0.063818
4.040000,0.038243,0.074517,0.064772,-1.052832,0.254421,-0.063497
4.050000,0.038052,0.074142,0.064448,-1.053201,0.253831,-0.063178
4.060000,0.037862,0.073768,0.064125,-1.053567,0.253243,-0.062860
4.070000,0.037672,0.073396,0.063803,-1.053931,0.252657,-0.062544
4.080000,0.037484,0.073026,0.063484,-1.054293,0.252073,-0.062230
4.090000,0.037297,0.072658,0.063166,-1.054653,0.251491,-0.061917
4.100000,0.037110,0.072292,0.062849,-1.055010,0.250910,-0.061606
4.110000,0.036924,0.071928,0.062534,-1.055365,0.250331,-0.061296
4.120000,0.036740,0.071565,0.062221,-1.055717,0.249753,-0.060988
4.130000,0.036556,0.071205,0.061909,-1.056068,0.249178,-0.060682
4.140000,0.036373,0.070846,0.061599,-1.056416,0.248603,-0.060377
4.150000,0.036191,0.070489,0.061290,-1.056762,0.248031,-0.060074
4.160000,0.036010,0.070134,0.060983,-1.057106,0.247460,-0.059772
4.170000,0.035830,0.069781,0.060678,-1.057448,0.246891,-0.059472
4.180000,0.035651,0.069429,0.060374,-1.057787,0.246324,-0.059173
4.190000,0.035473,0.069080,0.060071,-1.058125,0.245758,-0.058876
4.200000,0.035296,0.068732,0.059771,-1.058460,0.245194,-0.058580
4.210000,0.035119,0.068386,0.059471,-1.058793,0.244631,-0.058286
4.220000,0.034943,0.068042,0.059173,-1.059124,0.244070,-0.057993
4.230000,0.034769,0.067699,0.058877,-1.059453,0.243511,-0.057702
4.240000,0.034595,0.067359,0.058582,-1.059780,0.242953,-0.057412
4.250000,0.034422,0.067020,0.058289,-1.060104,0.242397,-0.057124
4.260000,0.034250,0.066682,0.057997,-1.060427,0.241843,-0.056837
4.270000,0.034079,0.066347,0.057707,-1.060748,0.241290,-0.056552
4.280000,0.033908,0.066013,0.057418,-1.061066,0.240738,-0.056268
4.290000,0.033739,0.065681,0.057130,-1.061383,0.240189,-0.055986
4.300000,0.033570,0.065351,0.056844,-1.061697,0.239640,-0.055705
4.310000,0.033402,0.065022,0.056560,-1.062010,0.239094,-0.055425
4.320000,0.033235,0.064695,0.056276,-1.062320,0.238549,-0.055147
4.330000,0.033069,0.064369,0.055995,-1.062629,0.238005,-0.054871
4.340000,0.032904,0.064046,0.055714,-1.062936,0.237463,-0.054595
4.350000,0.032740,0.063724,0.055435,-1.063240,0.236923,-0.054321
4.360000,0.032576,0.063403,0.055158,-1.063543,0.236384,-0.054049
4.370000,0.032413,0.063085,0.054882,-1.063844,0.235846,-0.053778
4.380000,0.032251,0.062767,0.054607,-1.064143,0.235310,-0.053508
4.390000,0.032090,0.062452,0.054334,-1.064440,0.234776,-0.053240
4.400000,0.031930,0.062138,0.054062,-1.064735,0.234243,-0.052973
4.410000,0.031770,0.061826,0.053791,-1.065028,0.233711,-0.052707
4.420000,0.031611,0.061515,0.053522,-1.065320,0.233182,-0.052443
4.430000,0.031453,0.061206,0.053254,-1.065609,0.232653,-0.052180
4.440000,0.031296,0.060898,0.052988,-1.065897,0.232126,-0.051918
4.450000,0.031140,0.060592,0.052723,-1.066183,0.231601,-0.051658
4.460000,0.030984,0.060288,0.052459,-1.066467,0.231077,-0.051399
4.470000,0.030829,0.059985,0.052196,-1.066749,0.230554,-0.051141
4.480000,0.030675,0.059684,0.051935,-1.067030,0.230033,-0.050884
4.490000,0.030522,0.059384,0.051675,-1.067309,0.229513,-0.050629
4.500000,0.030369,0.059086,0.051417,-1.067585,0.228995,-0.050376
4.510000,0.030218,0.058789,0.051160,-1.067861,0.228478,-0.050123
4.520000,0.030067,0.058494,0.050904,-1.068134,0.227963,-0.049872
4.530000,0.029916,0.058200,0.050649,-1.068406,0.227449,-0.049622
4.540000,0.029767,0.057908,0.050396,-1.068676,0.226936,-0.049373
4.550000,0.029618,0.057617,0.050144,-1.068944,0.226425,-0.049126
4.560000,0.029470,0.057328,0.049893,-1.069210,0.225916,-0.048880
4.570000,0.029323,0.057040,0.049643,-1.069475,0.225407,-0.048635
4.580000,0.029176,0.056754,0.049395,-1.069738,0.224900,-0.048391
4.590000,0.029031,0.056469,0.049148,-1.070000,0.224395,-0.048148
4.600000,0.028886,0.056186,0.048902,-1.070260,0.223891,-0.047907
4.610000,0.028741,0.055904,0.048657,-1.070518,0.223388,-0.047667
4.620000,0.028598,0.055623,0.048414,-1.070774,0.222887,-0.047428
4.630000,0.028455,0.055344,0.048172,-1.071029,0.222387,-0.047191
4.640000,0.028313,0.055066,0.047931,-1.071282,0.221888,-0.046954
4.650000,0.028171,0.054790,0.047691,-1.071534,0.221391,-0.046719
4.660000,0.028031,0.054515,0.047453,-1.071784,0.220895,-0.046485
4.670000,0.027891,0.054242,0.047216,-1.072032,0.220400,-0.046252
4.680000,0.027751,0.053969,0.046979,-1.072279,0.219907,-0.046021
4.690000,0.027613,0.053699,0.046745,-1.072524,0.219415,-0.045790
4.700000,0.027475,0.053429,0.046511,-1.072768,0.218925,-0.045561
4.710000,0.027337,0.053161,0.046278,-1.073010,0.218435,-0.045333
4.720000,0.027201,0.052895,0.046047,-1.073251,0.217948,-0.045106
4.730000,0.027065,0.052629,0.045817,-1.073490,0.217461,-0.044880
4.740000,0.026930,0.052366,0.045588,-1.073728,0.216976,-0.044655
4.750000,0.026795,0.052103,0.045360,-1.073964,0.216492,-0.044431
4.760000,0.026662,0.051842,0.045133,-1.074198,0.216009,-0.044209
4.770000,0.026528,0.051582,0.044907,-1.074431,0.215528,-0.043988
4.780000,0.026396,0.051323,0.044683,-1.074663,0.215048,-0.043767
4.790000,0.026264,0.051066,0.044459,-1.074893,0.214569,-0.043548
4.800000,0.026133,0.050810,0.044237,-1.075121,0.214091,-0.043330
4.810000,0.026002,0.050555,0.044016,-1.075349,0.213615,-0.043113
4.820000,0.025873,0.050302,0.043796,-1.075574,0.213140,-0.042897
4.830000,0.025743,0.050049,0.043577,-1.075799,0.212666,-0.042683
4.840000,0.025615,0.049799,0.043359,-1.076021,0.212194,-0.042469
4.850000,0.025487,0.049549,0.043142,-1.076243,0.211723,-0.042256
4.860000,0.025360,0.049301,0.042927,-1.076463,0.211253,-0.042045
4.870000,0.025233,0.049054,0.042712,-1.076681,0.210784,-0.041835
4.880000,0.025107,0.048808,0.042499,-1.076899,0.210317,-0.041625
4.890000,0.024982,0.048563,0.042286,-1.077114,0.209851,-0.041417
4.900000,0.024857,0.048320,0.042075,-1.077329,0.209386,-0.041210
4.910000,0.024733,0.048078,0.041865,-1.077542,0.208922,-0.041003
4.920000,0.024609,0.047837,0.041655,-1.077754,0.208459,-0.040798
4.930000,0.024486,0.047597,0.041447,-1.077964,0.207998,-0.040594
4.940000,0.024364,0.047359,0.041240,-1.078173,0.207538,-0.040391
4.950000,0.024242,0.047121,0.041034,-1.078381,0.207079,-0.040189
4.960000,0.024121,0.046885,0.040829,-1.078587,0.206622,-0.039988
4.970000,0.024001,0.046651,0.040625,-1.078792,0.206165,-0.039788
4.980000,0.023881,0.046417,0.040422,-1.078996,0.205710,-0.039589
4.990000,0.023762,0.046184,0.040220,-1.079198,0.205256,-0.039391
5.000000,0.023643,0.045953,0.040019,-1.079399,0.204803,-0.039193
5.010000,0.023525,0.045723,0.039819,-1.079599,0.204351,-0.038997
5.020000,0.023408,0.045494,0.039620,-1.079798,0.203901,-0.038802
5.030000,0.023291,0.045266,0.039422,-1.079995,0.203452,-0.038608
5.040000,0.023174,0.045039,0.039225,-1.080191,0.203003,-0.038415
5.050000,0.023059,0.044814,0.039029,-1.080386,0.202556,-0.038223
5.060000,0.022944,0.044589,0.038834,-1.080580,0.202111,-0.038032
5.070000,0.022829,0.044366,0.038640,-1.080772,0.201666,-0.037841
5.080000,0.022715,0.044144,0.038447,-1.080963,0.201222,-0.037652
5.090000,0.022602,0.043923,0.038255,-1.081153,0.200780,-0.037464
5.100000,0.022489,0.043703,0.038064,-1.081341,0.200339,-0.037277
5.110000,0.022377,0.043484,0.037874,-1.081529,0.199899,-0.037090
5.120000,0.022265,0.043267,0.037684,-1.081715,0.199460,-0.036905
5.130000,0.022154,0.043050,0.037496,-1.081900,0.199022,-0.036720
5.140000,0.022043,0.042835,0.037309,-1.082084,0.198586,-0.036536
5.150000,0.021933,0.042620,0.037122,-1.082267,0.198150,-0.036354
5.160000,0.021824,0.042407,0.036937,-1.082448,0.197716,-0.036172
5.170000,0.021715,0.042195,0.036752,-1.082629,0.197282,-0.035991
5.180000,0.021606,0.041983,0.036569,-1.082808,0.196850,-0.035811
5.190000,0.021498,0.041773,0.036386,-1.082986,0.196419,-0.035632
5.200000,0.021391,0.041564,0.036204,-1.083163,0.195989,-0.035454
5.210000,0.021284,0.041356,0.036024,-1.083339,0.195561,-0.035277
5.220000,0.021178,0.041149,0.035844,-1.083513,0.195133,-0.035100
5.230000,0.021072,0.040943,0.035665,-1.083687,0.194706,-0.034925
5.240000,0.020967,0.040738,0.035486,-1.083859,0.194281,-0.034750
5.250000,0.020862,0.040535,0.035309,-1.084031,0.193856,-0.034576
5.260000,0.020758,0.040332,0.035133,-1.084201,0.193433,-0.034403
5.270000,0.020655,0.040130,0.034957,-1.084370,0.193011,-0.034231
5.280000,0.020552,0.039929,0.034783,-1.084538,0.192589,-0.034060
5.290000,0.020449,0.039729,0.034609,-1.084705,0.192169,-0.033890
5.300000,0.020347,0.039531,0.034436,-1.084871,0.191750,-0.033721
5.310000,0.020245,0.039333,0.034264,-1.085036,0.191332,-0.033552
5.320000,0.020144,0.039136,0.034093,-1.085200,0.190915,-0.033384
5.330000,0.020044,0.038940,0.033923,-1.085362,0.190499,-0.033218
5.340000,0.019944,0.038745,0.033753,-1.085524,0.190084,-0.033051
5.350000,0.019844,0.038552,0.033585,-1.085685,0.189671,-0.032886
5.360000,0.019745,0.038359,0.033417,-1.085844,0.189258,-0.032722
5.370000,0.019646,0.038167,0.033250,-1.086003,0.188846,-0.032558
5.380000,0.019548,0.037976,0.033084,-1.086161,0.188436,-0.032396
5.390000,0.019451,0.037786,0.032919,-1.086317,0.188026,-0.032234
5.400000,0.019354,0.037597,0.032755,-1.086473,0.187617,-0.032073
5.410000,0.019257,0.037409,0.032591,-1.086628,0.187210,-0.031912
5.420000,0.019161,0.037222,0.032428,-1.086781,0.186803,-0.031753
5.430000,0.019065,0.037036,0.032266,-1.086934,0.186398,-0.031594
5.440000,0.018970,0.036851,0.032105,-1.087085,0.185993,-0.031436
5.450000,0.018876,0.036666,0.031945,-1.087236,0.185590,-0.031279
5.460000,0.018781,0.036483,0.031785,-1.087386,0.185187,-0.031123
5.470000,0.018688,0.036300,0.031627,-1.087535,0.184786,-0.030967
5.480000,0.018594,0.036119,0.031469,-1.087682,0.184386,-0.030813
5.490000,0.018502,0.035938,0.031312,-1.087829,0.183986,-0.030659
5.500000,0.018409,0.035759,0.031155,-1.087975,0.183588,-0.030505
5.510000,0.018317,0.035580,0.031000,-1.088120,0.183190,-0.030353
5.520000,0.018226,0.035402,0.030845,-1.088264,0.182794,-0.030201
5.530000,0.018135,0.035225,0.030691,-1.088407,0.182398,-0.030050
5.540000,0.018044,0.035049,0.030538,-1.088550,0.182004,-0.029900
5.550000,0.017954,0.034874,0.030385,-1.088691,0.181610,-0.029751
5.560000,0.017865,0.034699,0.030233,-1.088831,0.181218,-0.029602
5.570000,0.017776,0.034526,0.030082,-1.088971,0.180826,-0.029454
5.580000,0.017687,0.034353,0.029932,-1.089109,0.180436,-0.029307
5.590000,0.017599,0.034181,0.029783,-1.089247,0.180046,-0.029161
5.600000,0.017511,0.034010,0.029634,-1.089384,0.179657,-0.029015
5.610000,0.017423,0.033840,0.029486,-1.089520,0.179270,-0.028870
5.620000,0.017336,0.033671,0.029339,-1.089655,0.178883,-0.028726
5.630000,0.017250,0.033503,0.029192,-1.089789,0.178497,-0.028582
5.640000,0.017164,0.033336,0.029047,-1.089922,0.178113,-0.028440
5.650000,0.017078,0.033169,0.028902,-1.090055,0.177729,-0.028298
5.660000,0.016993,0.033003,0.028757,-1.090187,0.177346,-0.028156
5.670000,0.016908,0.032838,0.028614,-1.090317,0.176964,-0.028016
5.680000,0.016824,0.032674,0.028471,-1.090447,0.176583,-0.027876
5.690000,0.016740,0.032511,0.028329,-1.090577,0.176203,-0.027736
5.700000,0.016656,0.032348,0.028187,-1.090705,0.175824,-0.027598
5.710000,0.016573,0.032187,0.028047,-1.090832,0.175445,-0.027460
5.720000,0.016490,0.032026,0.027907,-1.090959,0.175068,-0.027323
5.730000,0.016408,0.031866,0.027767,-1.091085,0.174692,-0.027186
5.740000,0.016326,0.031706,0.027629,-1.091210,0.174316,-0.027051
5.750000,0.016245,0.031548,0.027491,-1.091334,0.173942,-0.026915
5.760000,0.016164,0.031390,0.027354,-1.091458,0.173568,-0.026781
5.770000,0.016083,0.031233,0.027217,-1.091580,0.173195,-0.026647
5.780000,0.016003,0.031077,0.027081,-1.091702,0.172824,-0.026514
5.790000,0.015923,0.030922,0.026946,-1.091823,0.172453,-0.026382
5.800000,0.015844,0.030768,0.026812,-1.091943,0.172083,-0.026250
5.810000,0.015764,0.030614,0.026678,-1.092063,0.171714,-0.026119
5.820000,0.015686,0.030461,0.026545,-1.092182,0.171346,-0.025988
5.830000,0.015608,0.030309,0.026412,-1.092300,0.170978,-0.025859
5.840000,0.015530,0.030157,0.026280,-1.092417,0.170612,-0.025729
5.850000,0.015452,0.030006,0.026149,-1.092534,0.170246,-0.025601
5.860000,0.015375,0.029857,0.026018,-1.092649,0.169882,-0.025473
5.870000,0.015298,0.029707,0.025889,-1.092764,0.169518,-0.025346
5.880000,0.015222,0.029559,0.025759,-1.092879,0.169155,-0.025219
5.890000,0.015146,0.029411,0.025631,-1.092992,0.168793,-0.025093
5.900000,0.015070,0.029264,0.025503,-1.093105,0.168432,-0.024968
5.910000,0.014995,0.029118,0.025376,-1.093217,0.168072,-0.024843
5.920000,0.014920,0.028973,0.025249,-1.093328,0.167713,-0.024719
5.930000,0.014846,0.028828,0.025123,-1.093439,0.167354,-0.024596
5.940000,0.014772,0.028684,0.024998,-1.093549,0.166997,-0.024473
5.950000,0.014698,0.028541,0.024873,-1.093658,0.166640,-0.024351
5.960000,0.014625,0.028398,0.024749,-1.093767,0.166284,-0.024229
5.970000,0.014552,0.028256,0.024625,-1.093874,0.165929,-0.024108
5.980000,0.014479,0.028115,0.024502,-1.093982,0.165575,-0.023988
5.990000,0.014407,0.027975,0.024380,-1.094088,0.165221,-0.023868
6.000000,0.014335,0.027835,0.024258,-1.094194,0.164869,-0.023749
6.010000,0.014264,0.027696,0.024137,-1.094299,0.164517,-0.023630
6.020000,0.014192,0.027557,0.024017,-1.094403,0.164167,-0.023512
6.030000,0.014122,0.027420,0.023897,-1.094507,0.163817,-0.023395
6.040000,0.014051,0.027283,0.023778,-1.094610,0.163468,-0.023278
6.050000,0.013981,0.027147,0.023659,-1.094713,0.163119,-0.023162
6.060000,0.013911,0.027011,0.023541,-1.094814,0.162772,-0.023046
6.070000,0.013842,0.026876,0.023423,-1.094915,0.162425,-0.022931
6.080000,0.013773,0.026742,0.023306,-1.095016,0.162079,-0.022817
6.090000,0.013704,0.026608,0.023190,-1.095116,0.161735,-0.022703
6.100000,0.013636,0.026475,0.023074,-1.095215,0.161390,-0.022590
6.110000,0.013568,0.026343,0.022959,-1.095313,0.161047,-0.022477
6.120000,0.013500,0.026212,0.022845,-1.095411,0.160705,-0.022365
6.130000,0.013433,0.026081,0.022731,-1.095509,0.160363,-0.022253
6.140000,0.013366,0.025950,0.022617,-1.095605,0.160022,-0.022142
6.150000,0.013299,0.025821,0.022504,-1.095701,0.159682,-0.022031
6.160000,0.013233,0.025692,0.022392,-1.095797,0.159343,-0.021921
6.170000,0.013167,0.025564,0.022280,-1.095891,0.159004,-0.021812
6.180000,0.013101,0.025436,0.022169,-1.095986,0.158667,-0.021703
6.190000,0.013036,0.025309,0.022058,-1.096079,0.158330,-0.021595
6.200000,0.012971,0.025182,0.021948,-1.096172,0.157994,-0.021487
6.210000,0.012906,0.025057,0.021839,-1.096265,0.157659,-0.021379
6.220000,0.012841,0.024932,0.021730,-1.096356,0.157324,-0.021273
6.230000,0.012777,0.024807,0.021621,-1.096448,0.156991,-0.021167
6.240000,0.012714,0.024683,0.021514,-1.096538,0.156658,-0.021061
6.250000,0.012650,0.024560,0.021406,-1.096628,0.156326,-0.020956
6.260000,0.012587,0.024437,0.021299,-1.096718,0.155994,-0.020851
6.270000,0.012524,0.024315,0.021193,-1.096806,0.155664,-0.020747
6.280000,0.012462,0.024194,0.021087,-1.096895,0.155334,-0.020644
6.290000,0.012400,0.024073,0.020982,-1.096983,0.155005,-0.020540
6.300000,0.012338,0.023953,0.020877,-1.097070,0.154677,-0.020438
6.310000,0.012276,0.023833,0.020773,-1.097156,0.154350,-0.020336
6.320000,0.012215,0.023714,0.020670,-1.097242,0.154023,-0.020234
6.330000,0.012154,0.023596,0.020566,-1.097328,0.153697,-0.020133
6.340000,0.012093,0.023478,0.020464,-1.097413,0.153372,-0.020033
6.350000,0.012033,0.023361,0.020362,-1.097497,0.153048,-0.019933
6.360000,0.011973,0.023244,0.020260,-1.097581,0.152724,-0.019833
6.370000,0.011913,0.023128,0.020159,-1.097664,0.152401,-0.019734
6.380000,0.011854,0.023013,0.020058,-1.097747,0.152079,-0.019636
6.390000,0.011795,0.022898,0.019958,-1.097829,0.151758,-0.019538
6.400000,0.011736,0.022783,0.019859,-1.097911,0.151438,-0.019440
6.410000,0.011677,0.022670,0.019760,-1.097992,0.151118,-0.019343
6.420000,0.011619,0.022556,0.019661,-1.098073,0.150799,-0.019247
6.430000,0.011561,0.022444,0.019563,-1.098153,0.150480,-0.019151
6.440000,0.011503,0.022332,0.019465,-1.098233,0.150163,-0.019055
6.450000,0.011446,0.022220,0.019368,-1.098312,0.149846,-0.018960
6.460000,0.011389,0.022109,0.019271,-1.098391,0.149530,-0.018865
6.470000,0.011332,0.021999,0.019175,-1.098469,0.149215,-0.018771
6.480000,0.011276,0.021889,0.019080,-1.098546,0.148900,-0.018678
6.490000,0.011219,0.021780,0.018984,-1.098623,0.148586,-0.018584
6.500000,0.011163,0.021671,0.018890,-1.098700,0.148273,-0.018492
6.510000,0.011108,0.021563,0.018795,-1.098776,0.147960,-0.018399
6.520000,0.011052,0.021455,0.018702,-1.098852,0.147649,-0.018307
6.530000,0.010997,0.021348,0.018608,-1.098927,0.147338,-0.018216
6.540000,0.010942,0.021242,0.018516,-1.099002,0.147028,-0.018125
6.550000,0.010888,0.021136,0.018423,-1.099076,0.146718,-0.018035
6.560000,0.010833,0.021030,0.018331,-1.099149,0.146409,-0.017945
6.570000,0.010779,0.020925,0.018240,-1.099223,0.146101,-0.017855
6.580000,0.010726,0.020821,0.018149,-1.099295,0.145794,-0.017766
6.590000,0.010672,0.020717,0.018058,-1.099368,0.145487,-0.017677
6.600000,0.010619,0.020613,0.017968,-1.099440,0.145181,-0.017589
6.610000,0.010566,0.020510,0.017878,-1.099511,0.144876,-0.017501
6.620000,0.010513,0.020408,0.017789,-1.099582,0.144571,-0.017414
6.630000,0.010461,0.020306,0.017700,-1.099652,0.144267,-0.017327
6.640000,0.010408,0.020205,0.017612,-1.099722,0.143964,-0.017241
6.650000,0.010357,0.020104,0.017524,-1.099792,0.143662,-0.017155
6.660000,0.010305,0.020004,0.017437,-1.099861,0.143360,-0.017069
6.670000,0.010253,0.019904,0.017350,-1.099930,0.143059,-0.016984
6.680000,0.010202,0.019804,0.017263,-1.099998,0.142759,-0.016899
6.690000,0.010151,0.019706,0.017177,-1.100066,0.142459,-0.016815
6.700000,0.010101,0.019607,0.017091,-1.100133,0.142160,-0.016731
6.710000,0.010050,0.019509,0.017006,-1.100200,0.141862,-0.016647
6.720000,0.010000,0.019412,0.016921,-1.100266,0.141564,-0.016564
6.730000,0.009950,0.019315,0.016837,-1.100332,0.141267,-0.016482
6.740000,0.009901,0.019219,0.016753,-1.100398,0.140971,-0.016399
6.750000,0.009851,0.019123,0.016669,-1.100463,0.140675,-0.016318
6.760000,0.009802,0.019027,0.016586,-1.100528,0.140381,-0.016236
6.770000,0.009753,0.018932,0.016503,-1.100592,0.140086,-0.016155
6.780000,0.009705,0.018838,0.016421,-1.100656,0.139793,-0.016074
6.790000,0.009656,0.018744,0.016339,-1.100720,0.139500,-0.015994
6.800000,0.009608,0.018650,0.016258,-1.100783,0.139208,-0.015914
6.810000,0.009560,0.018557,0.016177,-1.100846,0.138916,-0.015835
6.820000,0.009512,0.018465,0.016096,-1.100908,0.138625,-0.015756
6.830000,0.009465,0.018372,0.016016,-1.100970,0.138335,-0.015677
6.840000,0.009418,0.018281,0.015936,-1.101031,0.138046,-0.015599
6.850000,0.009371,0.018189,0.015856,-1.101093,0.137757,-0.015521
6.860000,0.009324,0.018099,0.015777,-1.101153,0.137469,-0.015444
6.870000,0.009278,0.018008,0.015698,-1.101214,0.137181,-0.015367
6.880000,0.009231,0.017919,0.015620,-1.101274,0.136894,-0.015290
6.890000,0.009185,0.017829,0.015542,-1.101333,0.136608,-0.015214
6.900000,0.009139,0.017740,0.015465,-1.101392,0.136322,-0.015138
6.910000,0.009094,0.017652,0.015387,-1.101451,0.136037,-0.015062
6.920000,0.009048,0.017563,0.015311,-1.101510,0.135753,-0.014987
6.930000,0.009003,0.017476,0.015234,-1.101568,0.135469,-0.014912
6.940000,0.008958,0.017389,0.015158,-1.101625,0.135186,-0.014838
6.950000,0.008914,0.017302,0.015083,-1.101683,0.134904,-0.014764
6.960000,0.008869,0.017215,0.015007,-1.101740,0.134622,-0.014690
6.970000,0.008825,0.017130,0.014932,-1.101796,0.134341,-0.014617
6.980000,0.008781,0.017044,0.014858,-1.101852,0.134061,-0.014544
6.990000,0.008737,0.016959,0.014784,-1.101908,0.133781,-0.014472
7.000000,0.008694,0.016874,0.014710,-1.101964,0.133502,-0.014399
7.010000,0.008650,0.016790,0.014637,-1.102019,0.133223,-0.014327
7.020000,0.008607,0.016706,0.014564,-1.102073,0.132945,-0.014256
7.030000,0.008564,0.016623,0.014491,-1.102128,0.132668,-0.014185
7.040000,0.008521,0.016540,0.014419,-1.102182,0.132391,-0.014114
7.050000,0.008479,0.016458,0.014347,-1.102236,0.132115,-0.014044
7.060000,0.008437,0.016375,0.014275,-1.102289,0.131840,-0.013974
7.070000,0.008395,0.016294,0.014204,-1.102342,0.131565,-0.013904
7.080000,0.008353,0.016212,0.014133,-1.102395,0.131291,-0.013835
7.090000,0.008311,0.016131,0.014063,-1.102447,0.131017,-0.013765
7.100000,0.008270,0.016051,0.013993,-1.102499,0.130744,-0.013697
7.110000,0.008228,0.015971,0.013923,-1.102551,0.130472,-0.013628
7.120000,0.008187,0.015891,0.013853,-1.102602,0.130200,-0.013560
7.130000,0.008146,0.015812,0.013784,-1.102653,0.129929,-0.013493
7.140000,0.008106,0.015733,0.013715,-1.102704,0.129659,-0.013425
7.150000,0.008065,0.015655,0.013647,-1.102754,0.129389,-0.013359
7.160000,0.008025,0.015576,0.013579,-1.102804,0.129120,-0.013292
7.170000,0.007985,0.015499,0.013511,-1.102854,0.128851,-0.013226
7.180000,0.007945,0.015421,0.013444,-1.102903,0.128583,-0.013160
7.190000,0.007906,0.015344,0.013377,-1.102952,0.128315,-0.013094
7.200000,0.007866,0.015268,0.013310,-1.103001,0.128048,-0.013029
7.210000,0.007827,0.015192,0.013244,-1.103050,0.127782,-0.012964
7.220000,0.007788,0.015116,0.013177,-1.103098,0.127517,-0.012899
7.230000,0.007749,0.015040,0.013112,-1.103145,0.127251,-0.012835
7.240000,0.007710,0.014965,0.013046,-1.103193,0.126987,-0.012771
7.250000,0.007672,0.014891,0.012981,-1.103240,0.126723,-0.012707
7.260000,0.007634,0.014816,0.012917,-1.103287,0.126460,-0.012643
7.270000,0.007596,0.014742,0.012852,-1.103334,0.126197,-0.012580
7.280000,0.007558,0.014669,0.012788,-1.103380,0.125935,-0.012518
7.290000,0.007520,0.014596,0.012724,-1.103426,0.125673,-0.012455
7.300000,0.007483,0.014523,0.012661,-1.103472,0.125412,-0.012393
7.310000,0.007445,0.014450,0.012598,-1.103517,0.125152,-0.012331
7.320000,0.007408,0.014378,0.012535,-1.103562,0.124892,-0.012270
7.330000,0.007371,0.014307,0.012472,-1.103607,0.124633,-0.012208
7.340000,0.007334,0.014235,0.012410,-1.103652,0.124374,-0.012147
7.350000,0.007298,0.014164,0.012348,-1.103696,0.124116,-0.012087
7.360000,0.007261,0.014093,0.012286,-1.103740,0.123859,-0.012027
7.370000,0.007225,0.014023,0.012225,-1.103783,0.123602,-0.011967
7.380000,0.007189,0.013953,0.012164,-1.103827,0.123346,-0.011907
7.390000,0.007153,0.013884,0.012103,-1.103870,0.123090,-0.011847
7.400000,0.007118,0.013814,0.012043,-1.103913,0.122835,-0.011788
7.410000,0.007082,0.013745,0.011983,-1.103955,0.122580,-0.011730
7.420000,0.007047,0.013677,0.011923,-1.103998,0.122326,-0.011671
7.430000,0.007012,0.013609,0.011864,-1.104040,0.122073,-0.011613
7.440000,0.006977,0.013541,0.011805,-1.104081,0.121820,-0.011555
7.450000,0.006942,0.013473,0.011746,-1.104123,0.121567,-0.011497
7.460000,0.006907,0.013406,0.011687,-1.104164,0.121315,-0.011440
7.470000,0.006873,0.013339,0.011629,-1.104205,0.121064,-0.011383
7.480000,0.006838,0.013272,0.011571,-1.104246,0.120813,-0.011326
7.490000,0.006804,0.013206,0.011513,-1.104286,0.120563,-0.011270
7.500000,0.006770,0.013140,0.011456,-1.104326,0.120314,-0.011213
7.510000,0.006737,0.013075,0.011399,-1.104366,0.120065,-0.011157
7.520000,0.006703,0.013010,0.011342,-1.104406,0.119816,-0.011102
7.530000,0.006670,0.012945,0.011285,-1.104445,0.119568,-0.011046
7.540000,0.006636,0.012880,0.011229,-1.104484,0.119321,-0.010991
7.550000,0.006603,0.012816,0.011173,-1.104523,0.119074,-0.010936
7.560000,0.006570,0.012752,0.011117,-1.104562,0.118828,-0.010882
7.570000,0.006537,0.012688,0.011062,-1.104600,0.118582,-0.010828
7.580000,0.006505,0.012625,0.011006,-1.104638,0.118337,-0.010774
7.590000,0.006472,0.012562,0.010952,-1.104676,0.118092,-0.010720
7.600000,0.006440,0.012499,0.010897,-1.104714,0.117848,-0.010666
7.610000,0.006408,0.012437,0.010843,-1.104751,0.117604,-0.010613
7.620000,0.006376,0.012375,0.010788,-1.104788,0.117361,-0.010560
7.630000,0.006344,0.012313,0.010735,-1.104825,0.117119,-0.010507
7.640000,0.006313,0.012252,0.010681,-1.104862,0.116877,-0.010455
7.650000,0.006281,0.012191,0.010628,-1.104899,0.116635,-0.010403
7.660000,0.006250,0.012130,0.010575,-1.104935,0.116394,-0.010351
7.670000,0.006219,0.012069,0.010522,-1.104971,0.116154,-0.010299
7.680000,0.006188,0.012009,0.010470,-1.105006,0.115914,-0.010248
7.690000,0.006157,0.011949,0.010417,-1.105042,0.115675,-0.010197
7.700000,0.006126,0.011889,0.010365,-1.105077,0.115436,-0.010146
7.710000,0.006095,0.011830,0.010314,-1.105112,0.115198,-0.010095
7.720000,0.006065,0.011771,0.010262,-1.105147,0.114960,-0.010045
7.730000,0.006035,0.011712,0.010211,-1.105182,0.114723,-0.009995
7.740000,0.006005,0.011654,0.010160,-1.105216,0.114486,-0.009945
7.750000,0.005975,0.011596,0.010109,-1.105250,0.114250,-0.009895
7.760000,0.005945,0.011538,0.010059,-1.105284,0.114014,-0.009846
7.770000,0.005915,0.011480,0.010009,-1.105318,0.113779,-0.009797
7.780000,0.005886,0.011423,0.009959,-1.105352,0.113544,-0.009748
7.790000,0.005856,0.011366,0.009909,-1.105385,0.113310,-0.009699
7.800000,0.005827,0.011309,0.009860,-1.105418,0.113077,-0.009651
7.810000,0.005798,0.011253,0.009811,-1.105451,0.112843,-0.009603
7.820000,0.005769,0.011197,0.009762,-1.105483,0.112611,-0.009555
7.830000,0.005740,0.011141,0.009713,-1.105516,0.112379,-0.009507
7.840000,0.005712,0.011085,0.009665,-1.105548,0.112147,-0.009460
7.850000,0.005683,0.011030,0.009616,-1.105580,0.111916,-0.009413
7.860000,0.005655,0.010975,0.009568,-1.105612,0.111686,-0.009366
7.870000,0.005627,0.010920,0.009521,-1.105644,0.111455,-0.009319
7.880000,0.005599,0.010866,0.009473,-1.105675,0.111226,-0.009273
7.890000,0.005571,0.010812,0.009426,-1.105706,0.110997,-0.009226
7.900000,0.005543,0.010758,0.009379,-1.105737,0.110768,-0.009180
7.910000,0.005515,0.010704,0.009332,-1.105768,0.110540,-0.009135
7.920000,0.005488,0.010651,0.009286,-1.105799,0.110313,-0.009089
7.930000,0.005461,0.010598,0.009239,-1.105829,0.110086,-0.009044
7.940000,0.005433,0.010545,0.009193,-1.105859,0.109859,-0.008998
7.950000,0.005406,0.010492,0.009147,-1.105889,0.109633,-0.008954
7.960000,0.005379,0.010440,0.009102,-1.105919,0.109407,-0.008909
7.970000,0.005352,0.010388,0.009056,-1.105949,0.109182,-0.008864
7.980000,0.005326,0.010336,0.009011,-1.105978,0.108958,-0.008820
7.990000,0.005299,0.010284,0.008966,-1.106007,0.108733,-0.008776
8.000000,0.005273,0.010233,0.008921,-1.106036,0.108510,-0.008732
8.010000,0.005246,0.010182,0.008877,-1.106065,0.108287,-0.008689
8.020000,0.005220,0.010131,0.008833,-1.106094,0.108064,-0.008646
8.030000,0.005194,0.010081,0.008789,-1.106122,0.107842,-0.008602
8.040000,0.005168,0.010030,0.008745,-1.106151,0.107620,-0.008560
8.050000,0.005142,0.009980,0.008701,-1.106179,0.107399,-0.008517
8.060000,0.005117,0.009931,0.008658,-1.106207,0.107178,-0.008474
8.070000,0.005091,0.009881,0.008615,-1.106235,0.106958,-0.008432
8.080000,0.005066,0.009832,0.008572,-1.106262,0.106738,-0.008390
8.090000,0.005041,0.009783,0.008529,-1.106290,0.106519,-0.008348
8.100000,0.005016,0.009734,0.008486,-1.106317,0.106300,-0.008307
8.110000,0.004991,0.009685,0.008444,-1.106344,0.106082,-0.008265
8.120000,0.004966,0.009637,0.008402,-1.106371,0.105864,-0.008224
8.130000,0.004941,0.009589,0.008360,-1.106398,0.105646,-0.008183
8.140000,0.004916,0.009541,0.008318,-1.106424,0.105429,-0.008142
8.150000,0.004892,0.009493,0.008277,-1.106450,0.105213,-0.008101
8.160000,0.004867,0.009446,0.008235,-1.106477,0.104997,-0.008061
8.170000,0.004843,0.009399,0.008194,-1.106503,0.104781,-0.008021
8.180000,0.004819,0.009352,0.008153,-1.106529,0.104566,-0.007981
8.190000,0.004795,0.009305,0.008113,-1.106554,0.104352,-0.007941
8.200000,0.004771,0.009259,0.008072,-1.106580,0.104138,-0.007901
8.210000,0.004747,0.009213,0.008032,-1.106605,0.103924,-0.007862
8.220000,0.004723,0.009167,0.007992,-1.106630,0.103711,-0.007823
8.230000,0.004700,0.009121,0.007952,-1.106655,0.103498,-0.007784
8.240000,0.004676,0.009076,0.007913,-1.106680,0.103286,-0.007745
8.250000,0.004653,0.009030,0.007873,-1.106705,0.103074,-0.007706
8.260000,0.004630,0.008985,0.007834,-1.106730,0.102862,-0.007668
8.270000,0.004607,0.008941,0.007795,-1.106754,0.102651,-0.007630
8.280000,0.004584,0.008896,0.007756,-1.106778,0.102441,-0.007592
8.290000,0.004561,0.008852,0.007717,-1.106802,0.102231,-0.007554
8.300000,0.004538,0.008807,0.007679,-1.106826,0.102021,-0.007516
8.310000,0.004516,0.008763,0.007640,-1.106850,0.101812,-0.007478
8.320000,0.004493,0.008720,0.007602,-1.106874,0.101604,-0.007441
8.330000,0.004471,0.008676,0.007564,-1.106897,0.101395,-0.007404
8.340000,0.004448,0.008633,0.007527,-1.106921,0.101188,-0.007367
8.350000,0.004426,0.008590,0.007489,-1.106944,0.100980,-0.007330
8.360000,0.004404,0.008547,0.007452,-1.106967,0.100773,-0.007294
8.370000,0.004382,0.008504,0.007415,-1.106990,0.100567,-0.007257
8.380000,0.004360,0.008462,0.007378,-1.107012,0.100361,-0.007221
8.390000,0.004339,0.008420,0.007341,-1.107035,0.100155,-0.007185
8.400000,0.004317,0.008378,0.007304,-1.107057,0.099950,-0.007149
8.410000,0.004295,0.008336,0.007268,-1.107080,0.099746,-0.007114
8.420000,0.004274,0.008294,0.007231,-1.107102,0.099541,-0.007078
8.430000,0.004253,0.008253,0.007195,-1.107124,0.099338,-0.007043
8.440000,0.004231,0.008212,0.007159,-1.107146,0.099134,-0.007008
8.450000,0.004210,0.008171,0.007124,-1.107167,0.098931,-0.006973
8.460000,0.004189,0.008130,0.007088,-1.107189,0.098729,-0.006938
8.470000,0.004168,0.008090,0.007053,-1.107210,0.098527,-0.006903
8.480000,0.004148,0.008049,0.007018,-1.107232,0.098325,-0.006869
8.490000,0.004127,0.008009,0.006983,-1.107253,0.098124,-0.006835
8.500000,0.004106,0.007969,0.006948,-1.107274,0.097923,-0.006801
8.510000,0.004086,0.007929,0.006913,-1.107295,0.097723,-0.006767
8.520000,0.004065,0.007890,0.006879,-1.107316,0.097523,-0.006733
8.530000,0.004045,0.007850,0.006844,-1.107336,0.097324,-0.006699
8.540000,0.004025,0.007811,0.006810,-1.107357,0.097125,-0.006666
8.550000,0.004005,0.007772,0.006776,-1.107377,0.096926,-0.006633
8.560000,0.003985,0.007734,0.006743,-1.107397,0.096728,-0.006600
8.570000,0.003965,0.007695,0.006709,-1.107417,0.096530,-0.006567
8.580000,0.003945,0.007657,0.006675,-1.107437,0.096333,-0.006534
8.590000,0.003926,0.007618,0.006642,-1.107457,0.096136,-0.006501
8.600000,0.003906,0.007580,0.006609,-1.107477,0.095939,-0.006469
8.610000,0.003887,0.007543,0.006576,-1.107496,0.095743,-0.006437
8.620000,0.003867,0.007505,0.006543,-1.107516,0.095548,-0.006405
8.630000,0.003848,0.007468,0.006511,-1.107535,0.095352,-0.006373
8.640000,0.003829,0.007430,0.006478,-1.107554,0.095157,-0.006341
8.650000,0.003810,0.007393,0.006446,-1.107573,0.094963,-0.006309
8.660000,0.003791,0.007356,0.006414,-1.107592,0.094769,-0.006278
8.670000,0.003772,0.007320,0.006382,-1.107611,0.094575,-0.006246
8.680000,0.003753,0.007283,0.006350,-1.107630,0.094382,-0.006215
8.690000,0.003734,0.007247,0.006318,-1.107649,0.094190,-0.006184
8.700000,0.003716,0.007211,0.006287,-1.107667,0.093997,-0.006153
8.710000,0.003697,0.007175,0.006255,-1.107685,0.093805,-0.006123
8.720000,0.003679,0.007139,0.006224,-1.107704,0.093614,-0.006092
8.730000,0.003660,0.007103,0.006193,-1.107722,0.093423,-0.006062
8.740000,0.003642,0.007068,0.006162,-1.107740,0.093232,-0.006032
8.750000,0.003624,0.007033,0.006131,-1.107758,0.093042,-0.006002
8.760000,0.003606,0.006998,0.006101,-1.107775,0.092852,-0.005972
8.770000,0.003588,0.006963,0.006070,-1.107793,0.092662,-0.005942
8.780000,0.003570,0.006928,0.006040,-1.107811,0.092473,-0.005912
8.790000,0.003552,0.006893,0.006010,-1.107828,0.092284,-0.005883
8.800000,0.003534,0.006859,0.005980,-1.107845,0.092096,-0.005853
8.810000,0.003517,0.006825,0.005950,-1.107863,0.091908,-0.005824
8.820000,0.003499,0.006791,0.005921,-1.107880,0.091721,-0.005795
8.830000,0.003482,0.006757,0.005891,-1.107897,0.091534,-0.005766
8.840000,0.003464,0.006723,0.005862,-1.107914,0.091347,-0.005737
8.850000,0.003447,0.006690,0.005832,-1.107930,0.091161,-0.005709
8.860000,0.003430,0.006656,0.005803,-1.107947,0.090975,-0.005680
8.870000,0.003413,0.006623,0.005774,-1.107964,0.090789,-0.005652
8.880000,0.003396,0.006590,0.005746,-1.107980,0.090604,-0.005624
8.890000,0.003379,0.006557,0.005717,-1.107996,0.090419,-0.005596
8.900000,0.003362,0.006524,0.005688,-1.108013,0.090235,-0.005568
8.910000,0.003345,0.006492,0.005660,-1.108029,0.090051,-0.005540
8.920000,0.003329,0.006460,0.005632,-1.108045,0.089868,-0.005512
8.930000,0.003312,0.006427,0.005604,-1.108061,0.089684,-0.005485
8.940000,0.003295,0.006395,0.005576,-1.108076,0.089502,-0.005458
8.950000,0.003279,0.006363,0.005548,-1.108092,0.089319,-0.005430
8.960000,0.003263,0.006332,0.005520,-1.108108,0.089137,-0.005403
8.970000,0.003246,0.006300,0.005493,-1.108123,0.088956,-0.005376
8.980000,0.003230,0.006269,0.005465,-1.108139,0.088774,-0.005350
8.990000,0.003214,0.006237,0.005438,-1.108154,0.088594,-0.005323
9.000000,0.003198,0.006206,0.005411,-1.108169,0.088413,-0.005296
9.010000,0.003182,0.006175,0.005384,-1.108184,0.088233,-0.005270
9.020000,0.003166,0.006144,0.005357,-1.108199,0.088053,-0.005244
9.030000,0.003150,0.006114,0.005330,-1.108214,0.087874,-0.005217
9.040000,0.003135,0.006083,0.005304,-1.108229,0.087695,-0.005191
9.050000,0.003119,0.006053,0.005277,-1.108244,0.087516,-0.005165
9.060000,0.003103,0.006023,0.005251,-1.108258,0.087338,-0.005140
9.070000,0.003088,0.005993,0.005225,-1.108273,0.087160,-0.005114
9.080000,0.003073,0.005963,0.005199,-1.108287,0.086983,-0.005089
9.090000,0.003057,0.005933,0.005173,-1.108302,0.086806,-0.005063
9.100000,0.003042,0.005904,0.005147,-1.108316,0.086629,-0.005038
9.110000,0.003027,0.005874,0.005121,-1.108330,0.086453,-0.005013
9.120000,0.003012,0.005845,0.005096,-1.108344,0.086277,-0.004988
9.130000,0.002997,0.005816,0.005070,-1.108358,0.086101,-0.004963
9.140000,0.002982,0.005787,0.005045,-1.108372,0.085926,-0.004938
9.150000,0.002967,0.005758,0.005020,-1.108386,0.085751,-0.004914
9.160000,0.002952,0.005729,0.004995,-1.108400,0.085577,-0.004889
9.170000,0.002937,0.005700,0.004970,-1.108413,0.085403,-0.004865
9.180000,0.002923,0.005672,0.004945,-1.108427,0.085229,-0.004840
9.190000,0.002908,0.005644,0.004921,-1.108440,0.085056,-0.004816
9.200000,0.002894,0.005616,0.004896,-1.108454,0.084883,-0.004792
9.210000,0.002879,0.005588,0.004872,-1.108467,0.084710,-0.004768
9.220000,0.002865,0.005560,0.004847,-1.108480,0.084538,-0.004745
9.230000,0.002851,0.005532,0.004823,-1.108493,0.084366,-0.004721
9.240000,0.002836,0.005504,0.004799,-1.108506,0.084194,-0.004697
9.250000,0.002822,0.005477,0.004775,-1.108519,0.084023,-0.004674
9.260000,0.002808,0.005450,0.004751,-1.108532,0.083852,-0.004651
9.270000,0.002794,0.005422,0.004728,-1.108545,0.083682,-0.004627
9.280000,0.002780,0.005395,0.004704,-1.108558,0.083512,-0.004604
9.290000,0.002766,0.005368,0.004681,-1.108570,0.083342,-0.004581
9.300000,0.002753,0.005342,0.004657,-1.108583,0.083173,-0.004559
9.310000,0.002739,0.005315,0.004634,-1.108595,0.083003,-0.004536
9.320000,0.002725,0.005289,0.004611,-1.108607,0.082835,-0.004513
9.330000,0.002712,0.005262,0.004588,-1.108620,0.082666,-0.004491
9.340000,0.002698,0.005236,0.004565,-1.108632,0.082499,-0.004468
9.350000,0.002685,0.005210,0.004542,-1.108644,0.082331,-0.004446
9.360000,0.002671,0.005184,0.004520,-1.108656,0.082164,-0.004424
9.370000,0.002658,0.005158,0.004497,-1.108668,0.081997,-0.004402
9.380000,0.002645,0.005132,0.004475,-1.108680,0.081830,-0.004380
9.390000,0.002631,0.005107,0.004452,-1.108692,0.081664,-0.004358
9.400000,0.002618,0.005081,0.004430,-1.108704,0.081498,-0.004336
9.410000,0.002605,0.005056,0.004408,-1.108715,0.081332,-0.004315
9.420000,0.002592,0.005031,0.004386,-1.108727,0.081167,-0.004293
9.430000,0.002579,0.005006,0.004364,-1.108738,0.081002,-0.004272
9.440000,0.002566,0.004981,0.004342,-1.108750,0.080838,-0.004250
9.450000,0.002554,0.004956,0.004321,-1.108761,0.080674,-0.004229
9.460000,0.002541,0.004931,0.004299,-1.108772,0.080510,-0.004208
9.470000,0.002528,0.004906,0.004278,-1.108784,0.080347,-0.004187
9.480000,0.002516,0.004882,0.004256,-1.108795,0.080183,-0.004166
9.490000,0.002503,0.004858,0.004235,-1.108806,0.080021,-0.004145
9.500000,0.002491,0.004833,0.004214,-1.108817,0.079858,-0.004125
9.510000,0.002478,0.004809,0.004193,-1.108828,0.079696,-0.004104
9.520000,0.002466,0.004785,0.004172,-1.108839,0.079534,-0.004084
9.530000,0.002454,0.004761,0.004151,-1.108850,0.079373,-0.004063
9.540000,0.002441,0.004738,0.004131,-1.108860,0.079212,-0.004043
9.550000,0.002429,0.004714,0.004110,-1.108871,0.079051,-0.004023
9.560000,0.002417,0.004690,0.004089,-1.108881,0.078891,-0.004003
9.570000,0.002405,0.004667,0.004069,-1.108892,0.078731,-0.003983
9.580000,0.002393,0.004644,0.004049,-1.108902,0.078571,-0.003963
9.590000,0.002381,0.004621,0.004029,-1.108913,0.078412,-0.003943
9.600000,0.002369,0.004598,0.004008,-1.108923,0.078253,-0.003924
9.610000,0.002357,0.004575,0.003989,-1.108933,0.078094,-0.003904
9.620000,0.002346,0.004552,0.003969,-1.108944,0.077935,-0.003884
9.630000,0.002334,0.004529,0.003949,-1.108954,0.077777,-0.003865
9.640000,0.002322,0.004507,0.003929,-1.108964,0.077620,-0.003846
9.650000,0.002311,0.004484,0.003910,-1.108974,0.077462,-0.003827
9.660000,0.002299,0.004462,0.003890,-1.108984,0.077305,-0.003808
9.670000,0.002288,0.004439,0.003871,-1.108994,0.077148,-0.003789
9.680000,0.002276,0.004417,0.003851,-1.109003,0.076992,-0.003770
9.690000,0.002265,0.004395,0.003832,-1.109013,0.076836,-0.003751
9.700000,0.002254,0.004373,0.003813,-1.109023,0.076680,-0.003732
9.710000,0.002242,0.004352,0.003794,-1.109032,0.076525,-0.003714
9.720000,0.002231,0.004330,0.003775,-1.109042,0.076369,-0.003695
9.730000,0.002220,0.004308,0.003756,-1.109051,0.076215,-0.003677
9.740000,0.002209,0.004287,0.003737,-1.109061,0.076060,-0.003658
9.750000,0.002198,0.004265,0.003719,-1.109070,0.075906,-0.003640
9.760000,0.002187,0.004244,0.003700,-1.109079,0.075752,-0.003622
9.770000,0.002176,0.004223,0.003682,-1.109089,0.075599,-0.003604
9.780000,0.002165,0.004202,0.003663,-1.109098,0.075445,-0.003586
9.790000,0.002154,0.004181,0.003645,-1.109107,0.075293,-0.003568
9.800000,0.002144,0.004160,0.003627,-1.109116,0.075140,-0.003550
9.810000,0.002133,0.004139,0.003609,-1.109125,0.074988,-0.003532
9.820000,0.002122,0.004119,0.003591,-1.109134,0.074836,-0.003515
9.830000,0.002112,0.004098,0.003573,-1.109143,0.074684,-0.003497
9.840000,0.002101,0.004078,0.003555,-1.109152,0.074533,-0.003480
9.850000,0.002091,0.004057,0.003537,-1.109160,0.074382,-0.003462
9.860000,0.002080,0.004037,0.003520,-1.109169,0.074231,-0.003445
9.870000,0.002070,0.004017,0.003502,-1.109178,0.074081,-0.003428
9.880000,0.002060,0.003997,0.003485,-1.109186,0.073931,-0.003411
9.890000,0.002049,0.003977,0.003467,-1.109195,0.073781,-0.003394
9.900000,0.002039,0.003957,0.003450,-1.109204,0.073632,-0.003377
9.910000,0.002029,0.003937,0.003433,-1.109212,0.073483,-0.003360
9.920000,0.002019,0.003918,0.003416,-1.109220,0.073334,-0.003343
9.930000,0.002009,0.003898,0.003399,-1.109229,0.073185,-0.003327
9.940000,0.001999,0.003879,0.003382,-1.109237,0.073037,-0.003310
9.950000,0.001989,0.003859,0.003365,-1.109245,0.072889,-0.003294
9.960000,0.001979,0.003840,0.003348,-1.109253,0.072742,-0.003277
9.970000,0.001969,0.003821,0.003331,-1.109261,0.072595,-0.003261
9.980000,0.001959,0.003802,0.003315,-1.109270,0.072448,-0.003245
9.990000,0.001949,0.003783,0.003298,-1.109278,0.072301,-0.003228
10.000000,0.001940,0.003764,0.003282,-1.109286,0.072155,-0.003212
