0.000000,-0.005061,0.019676,-0.915214,0.428133,0.412780,-0.663567
0.010000,-0.005036,0.019577,-0.910608,0.422727,0.411615,-0.657383
0.020000,-0.005011,0.019480,-0.906025,0.417322,0.410455,-0.651310
0.030000,-0.004986,0.019383,-0.901465,0.411916,0.409301,-0.645343
0.040000,-0.004961,0.019286,-0.896929,0.406511,0.408151,-0.639480
0.050000,-0.004936,0.019190,-0.892416,0.401105,0.407007,-0.633717
0.060000,-0.004912,0.019094,-0.887926,0.395700,0.405868,-0.628052
0.070000,-0.004887,0.018998,-0.883459,0.390295,0.404733,-0.622481
0.080000,-0.004863,0.018904,-0.879015,0.384891,0.403604,-0.617002
0.090000,-0.004839,0.018809,-0.874594,0.379487,0.402479,-0.611613
0.100000,-0.004815,0.018715,-0.870195,0.374085,0.401359,-0.606310
0.110000,-0.004791,0.018622,-0.865819,0.368683,0.400244,-0.601091
0.120000,-0.004767,0.018529,-0.861465,0.363282,0.399134,-0.595954
0.130000,-0.004743,0.018437,-0.857134,0.357882,0.398029,-0.590898
0.140000,-0.004719,0.018345,-0.852824,0.352484,0.396928,-0.585918
0.150000,-0.004696,0.018253,-0.848537,0.347087,0.395832,-0.581015
0.160000,-0.004672,0.018162,-0.844271,0.341692,0.394740,-0.576185
0.170000,-0.004649,0.018071,-0.840027,0.336299,0.393654,-0.571427
0.180000,-0.004626,0.017981,-0.835805,0.330907,0.392571,-0.566738
0.190000,-0.004603,0.017891,-0.831605,0.325518,0.391494,-0.562118
0.200000,-0.004580,0.017802,-0.827425,0.320130,0.390420,-0.557564
0.210000,-0.004557,0.017713,-0.823268,0.314745,0.389352,-0.553075
0.220000,-0.004534,0.017625,-0.819131,0.309362,0.388288,-0.548649
0.230000,-0.004512,0.017537,-0.815015,0.303982,0.387228,-0.544285
0.240000,-0.004489,0.017449,-0.810921,0.298605,0.386172,-0.539981
0.250000,-0.004467,0.017362,-0.806847,0.293231,0.385121,-0.535736
0.260000,-0.004444,0.017276,-0.802794,0.287859,0.384075,-0.531548
0.270000,-0.004422,0.017189,-0.798762,0.282491,0.383032,-0.527416
0.280000,-0.004400,0.017104,-0.794750,0.277125,0.381994,-0.523339
0.290000,-0.004378,0.017018,-0.790759,0.271764,0.380960,-0.519316
0.300000,-0.004356,0.016933,-0.786788,0.266405,0.379931,-0.515345
0.310000,-0.004335,0.016849,-0.782837,0.261051,0.378905,-0.511425
0.320000,-0.004313,0.016765,-0.778906,0.255700,0.377884,-0.507555
0.330000,-0.004292,0.016681,-0.774995,0.250353,0.376867,-0.503734
0.340000,-0.004270,0.016598,-0.771105,0.245011,0.375854,-0.499961
0.350000,-0.004249,0.016515,-0.767234,0.239672,0.374845,-0.496234
0.360000,-0.004228,0.016433,-0.763382,0.234338,0.373840,-0.492554
0.370000,-0.004207,0.016351,-0.759550,0.229008,0.372839,-0.488918
0.380000,-0.004186,0.016269,-0.755738,0.223683,0.371842,-0.485327
0.390000,-0.004165,0.016188,-0.751945,0.218362,0.370850,-0.481779
0.400000,-0.004144,0.016107,-0.748172,0.213047,0.369861,-0.478272
0.410000,-0.004123,0.016027,-0.744417,0.207736,0.368876,-0.474808
0.420000,-0.004103,0.015947,-0.740682,0.202431,0.367895,-0.471383
0.430000,-0.004082,0.015867,-0.736965,0.197131,0.366917,-0.467999
0.440000,-0.004062,0.015788,-0.733268,0.191836,0.365944,-0.464653
0.450000,-0.004042,0.015709,-0.729589,0.186547,0.364974,-0.461345
0.460000,-0.004021,0.015631,-0.725929,0.181264,0.364009,-0.458075
0.470000,-0.004001,0.015553,-0.722287,0.175986,0.363047,-0.454842
0.480000,-0.003981,0.015475,-0.718664,0.170714,0.362088,-0.451645
0.490000,-0.003962,0.015398,-0.715059,0.165448,0.361134,-0.448483
0.500000,-0.003942,0.015321,-0.711473,0.160189,0.360183,-0.445356
0.510000,-0.003922,0.015245,-0.707905,0.154936,0.359236,-0.442262
0.520000,-0.003903,0.015169,-0.704355,0.149689,0.358292,-0.439203
0.530000,-0.003883,0.015093,-0.700822,0.144449,0.357352,-0.436176
0.540000,-0.003864,0.015018,-0.697308,0.139215,0.356416,-0.433181
0.550000,-0.003844,0.014943,-0.693812,0.133989,0.355483,-0.430218
0.560000,-0.003825,0.014868,-0.690333,0.128769,0.354554,-0.427286
0.570000,-0.003806,0.014794,-0.686872,0.123556,0.353629,-0.424385
0.580000,-0.003787,0.014720,-0.683428,0.118351,0.352707,-0.421513
0.590000,-0.003768,0.014647,-0.680002,0.113153,0.351788,-0.418672
0.600000,-0.003750,0.014574,-0.676593,0.107962,0.350873,-0.415859
0.610000,-0.003731,0.014501,-0.673202,0.102779,0.349962,-0.413075
0.620000,-0.003712,0.014429,-0.669828,0.097604,0.349053,-0.410318
0.630000,-0.003694,0.014357,-0.666470,0.092437,0.348149,-0.407590
0.640000,-0.003675,0.014285,-0.663130,0.087277,0.347247,-0.404888
0.650000,-0.003657,0.014214,-0.659807,0.082126,0.346349,-0.402213
0.660000,-0.003639,0.014143,-0.656500,0.076982,0.345455,-0.399564
0.670000,-0.003621,0.014072,-0.653210,0.071847,0.344563,-0.396941
0.680000,-0.003603,0.014002,-0.649937,0.066721,0.343675,-0.394344
0.690000,-0.003585,0.013932,-0.646680,0.061603,0.342791,-0.391771
0.700000,-0.003567,0.013863,-0.643440,0.056493,0.341909,-0.389223
0.710000,-0.003549,0.013793,-0.640216,0.051393,0.341031,-0.386700
0.720000,-0.003531,0.013725,-0.637009,0.046301,0.340156,-0.384200
0.730000,-0.003514,0.013656,-0.633818,0.041218,0.339284,-0.381723
0.740000,-0.003496,0.013588,-0.630643,0.036145,0.338416,-0.379270
0.750000,-0.003479,0.013520,-0.627483,0.031080,0.337551,-0.376839
0.760000,-0.003461,0.013453,-0.624340,0.026025,0.336688,-0.374431
0.770000,-0.003444,0.013386,-0.621213,0.020980,0.335829,-0.372045
0.780000,-0.003427,0.013319,-0.618102,0.015944,0.334973,-0.369681
0.790000,-0.003410,0.013252,-0.615006,0.010917,0.334121,-0.367338
0.800000,-0.003393,0.013186,-0.611926,0.005901,0.333271,-0.365016
0.810000,-0.003376,0.013120,-0.608861,0.000894,0.332424,-0.362715
0.820000,-0.003359,0.013055,-0.605812,-0.004103,0.331580,-0.360434
0.830000,-0.003342,0.012990,-0.602778,-0.009090,0.330740,-0.358174
0.840000,-0.003326,0.012925,-0.599760,-0.014066,0.329902,-0.355933
0.850000,-0.003309,0.012861,-0.596757,-0.019032,0.329068,-0.353713
0.860000,-0.003292,0.012796,-0.593769,-0.023988,0.328236,-0.351511
0.870000,-0.003276,0.012733,-0.590796,-0.028933,0.327407,-0.349329
0.880000,-0.003260,0.012669,-0.587838,-0.033868,0.326582,-0.347165
0.890000,-0.003243,0.012606,-0.584895,-0.038792,0.325759,-0.345020
0.900000,-0.003227,0.012543,-0.581967,-0.043705,0.324939,-0.342893
0.910000,-0.003211,0.012480,-0.579053,-0.048608,0.324122,-0.340785
0.920000,-0.003195,0.012418,-0.576155,-0.053499,0.323308,-0.338694
0.930000,-0.003179,0.012356,-0.573271,-0.058379,0.322497,-0.336621
0.940000,-0.003163,0.012294,-0.570401,-0.063249,0.321688,-0.334565
0.950000,-0.003148,0.012233,-0.567546,-0.068106,0.320883,-0.332526
0.960000,-0.003132,0.012172,-0.564705,-0.072953,0.320080,-0.330504
0.970000,-0.003116,0.012111,-0.561879,-0.077788,0.319280,-0.328499
0.980000,-0.003101,0.012051,-0.559067,-0.082612,0.318483,-0.326510
0.990000,-0.003085,0.011991,-0.556269,-0.087423,0.317689,-0.324538
1.000000,-0.003070,0.011931,-0.553485,-0.092224,0.316897,-0.322581
1.010000,-0.003055,0.011871,-0.550715,-0.097012,0.316108,-0.320640
1.020000,-0.003039,0.011812,-0.547959,-0.101789,0.315322,-0.318715
1.030000,-0.003024,0.011753,-0.545217,-0.106553,0.314538,-0.316806
1.040000,-0.003009,0.011695,-0.542489,-0.111306,0.313758,-0.314911
1.050000,-0.002994,0.011636,-0.539775,-0.116046,0.312980,-0.313032
1.060000,-0.002979,0.011578,-0.537074,-0.120774,0.312204,-0.311167
1.070000,-0.002964,0.011521,-0.534387,-0.125490,0.311431,-0.309318
1.080000,-0.002949,0.011463,-0.531713,-0.130193,0.310661,-0.307482
1.090000,-0.002935,0.011406,-0.529053,-0.134885,0.309894,-0.305661
1.100000,-0.002920,0.011349,-0.526406,-0.139563,0.309129,-0.303854
1.110000,-0.002906,0.011292,-0.523773,-0.144229,0.308366,-0.302062
1.120000,-0.002891,0.011236,-0.521152,-0.148882,0.307607,-0.300283
1.130000,-0.002877,0.011180,-0.518545,-0.153523,0.306849,-0.298517
1.140000,-0.002862,0.011124,-0.515951,-0.158151,0.306095,-0.296765
1.150000,-0.002848,0.011069,-0.513371,-0.162765,0.305343,-0.295027
1.160000,-0.002834,0.011013,-0.510803,-0.167367,0.304593,-0.293301
1.170000,-0.002820,0.010959,-0.508248,-0.171956,0.303846,-0.291589
1.180000,-0.002806,0.010904,-0.505706,-0.176532,0.303102,-0.289890
1.190000,-0.002792,0.010849,-0.503176,-0.181095,0.302360,-0.288203
1.200000,-0.002778,0.010795,-0.500660,-0.185644,0.301620,-0.286529
1.210000,-0.002764,0.010741,-0.498156,-0.190180,0.300883,-0.284867
1.220000,-0.002750,0.010688,-0.495664,-0.194703,0.300148,-0.283218
1.230000,-0.002736,0.010635,-0.493186,-0.199212,0.299416,-0.281580
1.240000,-0.002723,0.010582,-0.490719,-0.203708,0.298686,-0.279955
1.250000,-0.002709,0.010529,-0.488265,-0.208191,0.297959,-0.278342
1.260000,-0.002696,0.010476,-0.485824,-0.212660,0.297234,-0.276741
1.270000,-0.002682,0.010424,-0.483394,-0.217115,0.296511,-0.275151
1.280000,-0.002669,0.010372,-0.480977,-0.221556,0.295791,-0.273572
1.290000,-0.002655,0.010320,-0.478572,-0.225984,0.295073,-0.272005
1.300000,-0.002642,0.010269,-0.476179,-0.230398,0.294357,-0.270450
1.310000,-0.002629,0.010218,-0.473798,-0.234798,0.293644,-0.268905
1.320000,-0.002616,0.010167,-0.471429,-0.239185,0.292933,-0.267372
1.330000,-0.002603,0.010116,-0.469072,-0.243557,0.292224,-0.265849
1.340000,-0.002590,0.010065,-0.466727,-0.247915,0.291518,-0.264338
1.350000,-0.002577,0.010015,-0.464394,-0.252260,0.290814,-0.262836
1.360000,-0.002564,0.009965,-0.462072,-0.256590,0.290112,-0.261346
1.370000,-0.002551,0.009915,-0.459762,-0.260906,0.289413,-0.259866
1.380000,-0.002539,0.009866,-0.457464,-0.265208,0.288716,-0.258396
1.390000,-0.002526,0.009817,-0.455177,-0.269495,0.288021,-0.256937
1.400000,-0.002513,0.009768,-0.452901,-0.273769,0.287328,-0.255488
1.410000,-0.002501,0.009719,-0.450637,-0.278028,0.286637,-0.254048
1.420000,-0.002488,0.009671,-0.448385,-0.282273,0.285949,-0.252619
1.430000,-0.002476,0.009622,-0.446144,-0.286503,0.285263,-0.251200
1.440000,-0.002464,0.009574,-0.443914,-0.290719,0.284579,-0.249790
1.450000,-0.002451,0.009527,-0.441695,-0.294920,0.283897,-0.248390
1.460000,-0.002439,0.009479,-0.439487,-0.299107,0.283218,-0.247000
1.470000,-0.002427,0.009432,-0.437290,-0.303280,0.282540,-0.245619
1.480000,-0.002415,0.009385,-0.435105,-0.307438,0.281865,-0.244247
1.490000,-0.002403,0.009338,-0.432930,-0.311581,0.281192,-0.242885
1.500000,-0.002391,0.009291,-0.430767,-0.315710,0.280521,-0.241532
1.510000,-0.002379,0.009245,-0.428614,-0.319824,0.279852,-0.240188
1.520000,-0.002367,0.009199,-0.426472,-0.323924,0.279185,-0.238853
1.530000,-0.002355,0.009153,-0.424340,-0.328008,0.278520,-0.237527
1.540000,-0.002343,0.009107,-0.422220,-0.332079,0.277858,-0.236209
1.550000,-0.002332,0.009062,-0.420110,-0.336134,0.277197,-0.234901
1.560000,-0.002320,0.009017,-0.418010,-0.340174,0.276539,-0.233601
1.570000,-0.002309,0.008972,-0.415922,-0.344200,0.275882,-0.232310
1.580000,-0.002297,0.008927,-0.413843,-0.348211,0.275228,-0.231027
1.590000,-0.002286,0.008882,-0.411775,-0.352207,0.274575,-0.229753
1.600000,-0.002274,0.008838,-0.409718,-0.356188,0.273925,-0.228487
1.610000,-0.002263,0.008794,-0.407670,-0.360155,0.273277,-0.227229
1.620000,-0.002252,0.008750,-0.405633,-0.364106,0.272630,-0.225980
1.630000,-0.002240,0.008707,-0.403607,-0.368043,0.271986,-0.224739
1.640000,-0.002229,0.008663,-0.401590,-0.371964,0.271344,-0.223506
1.650000,-0.002218,0.008620,-0.399583,-0.375871,0.270703,-0.222280
1.660000,-0.002207,0.008577,-0.397587,-0.379763,0.270065,-0.221063
1.670000,-0.002196,0.008534,-0.395601,-0.383639,0.269428,-0.219854
1.680000,-0.002185,0.008492,-0.393624,-0.387501,0.268794,-0.218652
1.690000,-0.002174,0.008449,-0.391658,-0.391348,0.268161,-0.217458
1.700000,-0.002163,0.008407,-0.389701,-0.395180,0.267531,-0.216272
1.710000,-0.002152,0.008365,-0.387754,-0.398997,0.266902,-0.215093
1.720000,-0.002142,0.008323,-0.385817,-0.402798,0.266275,-0.213922
1.730000,-0.002131,0.008282,-0.383889,-0.406585,0.265650,-0.212758
1.740000,-0.002120,0.008241,-0.381972,-0.410357,0.265027,-0.211602
1.750000,-0.002110,0.008199,-0.380064,-0.414113,0.264406,-0.210453
1.760000,-0.002099,0.008159,-0.378165,-0.417855,0.263787,-0.209311
1.770000,-0.002089,0.008118,-0.376276,-0.421582,0.263170,-0.208176
1.780000,-0.002078,0.008077,-0.374396,-0.425293,0.262554,-0.207048
1.790000,-0.002068,0.008037,-0.372526,-0.428990,0.261941,-0.205928
1.800000,-0.002058,0.007997,-0.370665,-0.432671,0.261329,-0.204814
1.810000,-0.002048,0.007957,-0.368814,-0.436337,0.260719,-0.203708
1.820000,-0.002037,0.007917,-0.366972,-0.439989,0.260111,-0.202608
1.830000,-0.002027,0.007878,-0.365139,-0.443625,0.259504,-0.201516
1.840000,-0.002017,0.007839,-0.363315,-0.447246,0.258900,-0.200429
1.850000,-0.002007,0.007799,-0.361500,-0.450852,0.258297,-0.199350
1.860000,-0.001997,0.007761,-0.359694,-0.454444,0.257696,-0.198278
1.870000,-0.001987,0.007722,-0.357898,-0.458020,0.257097,-0.197211
1.880000,-0.001977,0.007683,-0.356110,-0.461581,0.256500,-0.196152
1.890000,-0.001967,0.007645,-0.354332,-0.465127,0.255904,-0.195099
1.900000,-0.001957,0.007607,-0.352562,-0.468658,0.255310,-0.194052
1.910000,-0.001948,0.007569,-0.350801,-0.472174,0.254718,-0.193012
1.920000,-0.001938,0.007531,-0.349049,-0.475675,0.254128,-0.191979
1.930000,-0.001928,0.007494,-0.347306,-0.479161,0.253539,-0.190951
1.940000,-0.001919,0.007456,-0.345572,-0.482632,0.252953,-0.189930
1.950000,-0.001909,0.007419,-0.343846,-0.486088,0.252367,-0.188915
1.960000,-0.001900,0.007382,-0.342129,-0.489530,0.251784,-0.187906
1.970000,-0.001890,0.007345,-0.340420,-0.492956,0.251202,-0.186903
1.980000,-0.001881,0.007309,-0.338720,-0.496367,0.250622,-0.185906
1.990000,-0.001871,0.007272,-0.337028,-0.499764,0.250044,-0.184915
2.000000,-0.001862,0.007236,-0.335345,-0.503145,0.249468,-0.183930
2.010000,-0.001853,0.007200,-0.333671,-0.506512,0.248893,-0.182952
2.020000,-0.001843,0.007164,-0.332005,-0.509863,0.248319,-0.181978
2.030000,-0.001834,0.007128,-0.330347,-0.513200,0.247748,-0.181011
2.040000,-0.001825,0.007093,-0.328697,-0.516522,0.247178,-0.180050
2.050000,-0.001816,0.007057,-0.327056,-0.519830,0.246610,-0.179094
2.060000,-0.001807,0.007022,-0.325423,-0.523122,0.246043,-0.178144
2.070000,-0.001798,0.006987,-0.323798,-0.526400,0.245478,-0.177199
2.080000,-0.001789,0.006952,-0.322181,-0.529663,0.244915,-0.176261
2.090000,-0.001780,0.006917,-0.320572,-0.532911,0.244353,-0.175327
2.100000,-0.001771,0.006883,-0.318971,-0.536144,0.243793,-0.174400
2.110000,-0.001762,0.006849,-0.317379,-0.539363,0.243234,-0.173477
2.120000,-0.001754,0.006814,-0.315794,-0.542567,0.242677,-0.172560
2.130000,-0.001745,0.006780,-0.314217,-0.545757,0.242122,-0.171649
2.140000,-0.001736,0.006747,-0.312648,-0.548932,0.241568,-0.170743
2.150000,-0.001727,0.006713,-0.311087,-0.552092,0.241016,-0.169842
2.160000,-0.001719,0.006679,-0.309534,-0.555238,0.240466,-0.168946
2.170000,-0.001710,0.006646,-0.307989,-0.558369,0.239917,-0.168056
2.180000,-0.001702,0.006613,-0.306451,-0.561485,0.239369,-0.167171
2.190000,-0.001693,0.006580,-0.304921,-0.564587,0.238823,-0.166291
2.200000,-0.001685,0.006547,-0.303399,-0.567675,0.238279,-0.165416
2.210000,-0.001676,0.006515,-0.301884,-0.570748,0.237736,-0.164546
2.220000,-0.001668,0.006482,-0.300377,-0.573807,0.237195,-0.163681
2.230000,-0.001660,0.006450,-0.298877,-0.576851,0.236655,-0.162822
2.240000,-0.001651,0.006418,-0.297385,-0.579882,0.236117,-0.161967
2.250000,-0.001643,0.006386,-0.295900,-0.582897,0.235580,-0.161117
2.260000,-0.001635,0.006354,-0.294423,-0.585899,0.235045,-0.160272
2.270000,-0.001627,0.006322,-0.292953,-0.588886,0.234511,-0.159432
2.280000,-0.001619,0.006290,-0.291491,-0.591859,0.233979,-0.158597
2.290000,-0.001611,0.006259,-0.290036,-0.594817,0.233449,-0.157766
2.300000,-0.001603,0.006228,-0.288588,-0.597762,0.232919,-0.156940
2.310000,-0.001595,0.006197,-0.287147,-0.600692,0.232392,-0.156119
2.320000,-0.001587,0.006166,-0.285714,-0.603609,0.231865,-0.155303
2.330000,-0.001579,0.006135,-0.284287,-0.606511,0.231341,-0.154491
2.340000,-0.001571,0.006105,-0.282868,-0.609399,0.230817,-0.153684
2.350000,-0.001563,0.006074,-0.281456,-0.612273,0.230295,-0.152882
2.360000,-0.001555,0.006044,-0.280051,-0.615133,0.229775,-0.152084
2.370000,-0.001547,0.006014,-0.278653,-0.617980,0.229256,-0.151291
2.380000,-0.001540,0.005984,-0.277262,-0.620812,0.228739,-0.150502
2.390000,-0.001532,0.005954,-0.275878,-0.623630,0.228223,-0.149717
2.400000,-0.001524,0.005924,-0.274501,-0.626435,0.227708,-0.148938
2.410000,-0.001517,0.005895,-0.273131,-0.629226,0.227195,-0.148162
2.420000,-0.001509,0.005865,-0.271768,-0.632003,0.226683,-0.147391
2.430000,-0.001502,0.005836,-0.270411,-0.634766,0.226172,-0.146624
2.440000,-0.001494,0.005807,-0.269061,-0.637516,0.225663,-0.145862
2.450000,-0.001487,0.005778,-0.267718,-0.640252,0.225156,-0.145103
2.460000,-0.001479,0.005749,-0.266382,-0.642975,0.224650,-0.144349
2.470000,-0.001472,0.005720,-0.265052,-0.645683,0.224145,-0.143600
2.480000,-0.001465,0.005692,-0.263729,-0.648379,0.223641,-0.142854
2.490000,-0.001457,0.005663,-0.262413,-0.651061,0.223139,-0.142113
2.500000,-0.001450,0.005635,-0.261103,-0.653729,0.222639,-0.141376
2.510000,-0.001443,0.005607,-0.259800,-0.656384,0.222139,-0.140643
2.520000,-0.001436,0.005579,-0.258503,-0.659025,0.221641,-0.139914
2.530000,-0.001428,0.005551,-0.257213,-0.661654,0.221145,-0.139189
2.540000,-0.001421,0.005524,-0.255929,-0.664269,0.220649,-0.138468
2.550000,-0.001414,0.005496,-0.254652,-0.666870,0.220156,-0.137751
2.560000,-0.001407,0.005469,-0.253381,-0.669459,0.219663,-0.137038
2.570000,-0.001400,0.005441,-0.252116,-0.672034,0.219172,-0.136329
2.580000,-0.001393,0.005414,-0.250858,-0.674596,0.218682,-0.135624
2.590000,-0.001386,0.005387,-0.249606,-0.677145,0.218193,-0.134923
2.600000,-0.001379,0.005360,-0.248360,-0.679681,0.217706,-0.134226
2.610000,-0.001372,0.005334,-0.247120,-0.682204,0.217220,-0.133532
2.620000,-0.001366,0.005307,-0.245887,-0.684714,0.216735,-0.132843
2.630000,-0.001359,0.005281,-0.244660,-0.687211,0.216252,-0.132157
2.640000,-0.001352,0.005254,-0.243439,-0.689696,0.215770,-0.131475
2.650000,-0.001345,0.005228,-0.242224,-0.692167,0.215289,-0.130797
2.660000,-0.001339,0.005202,-0.241015,-0.694626,0.214810,-0.130122
2.670000,-0.001332,0.005176,-0.239812,-0.697072,0.214332,-0.129451
2.680000,-0.001325,0.005150,-0.238615,-0.699505,0.213855,-0.128784
2.690000,-0.001319,0.005124,-0.237425,-0.701925,0.213379,-0.128121
2.700000,-0.001312,0.005099,-0.236240,-0.704333,0.212905,-0.127461
2.710000,-0.001306,0.005073,-0.235061,-0.706728,0.212432,-0.126805
2.720000,-0.001299,0.005048,-0.233888,-0.709111,0.211960,-0.126152
2.730000,-0.001293,0.005023,-0.232720,-0.711481,0.211490,-0.125503
2.740000,-0.001286,0.004998,-0.231559,-0.713839,0.211020,-0.124858
2.750000,-0.001280,0.004973,-0.230403,-0.716184,0.210552,-0.124216
2.760000,-0.001273,0.004948,-0.229254,-0.718517,0.210085,-0.123577
2.770000,-0.001267,0.004924,-0.228110,-0.720838,0.209620,-0.122942
2.780000,-0.001261,0.004899,-0.226971,-0.723147,0.209155,-0.122311
2.790000,-0.001254,0.004875,-0.225838,-0.725443,0.208692,-0.121682
2.800000,-0.001248,0.004850,-0.224711,-0.727727,0.208230,-0.121058
2.810000,-0.001242,0.004826,-0.223590,-0.729999,0.207770,-0.120436
2.820000,-0.001236,0.004802,-0.222474,-0.732259,0.207310,-0.119818
2.830000,-0.001230,0.004778,-0.221364,-0.734507,0.206852,-0.119204
2.840000,-0.001223,0.004754,-0.220259,-0.736742,0.206395,-0.118592
2.850000,-0.001217,0.004730,-0.219160,-0.738966,0.205939,-0.117984
2.860000,-0.001211,0.004707,-0.218067,-0.741178,0.205485,-0.117380
2.870000,-0.001205,0.004683,-0.216979,-0.743378,0.205031,-0.116778
2.880000,-0.001199,0.004660,-0.215896,-0.745567,0.204579,-0.116180
2.890000,-0.001193,0.004637,-0.214818,-0.747743,0.204128,-0.115585
2.900000,-0.001187,0.004614,-0.213746,-0.749908,0.203678,-0.114993
2.910000,-0.001181,0.004591,-0.212680,-0.752061,0.203229,-0.114405
2.920000,-0.001175,0.004568,-0.211619,-0.754202,0.202782,-0.113819
2.930000,-0.001170,0.004545,-0.210563,-0.756332,0.202335,-0.113237
2.940000,-0.001164,0.004522,-0.209512,-0.758451,0.201890,-0.112658
2.950000,-0.001158,0.004500,-0.208466,-0.760558,0.201446,-0.112082
2.960000,-0.001152,0.004477,-0.207426,-0.762653,0.201003,-0.111509
2.970000,-0.001146,0.004455,-0.206391,-0.764737,0.200561,-0.110939
2.980000,-0.001141,0.004433,-0.205361,-0.766810,0.200121,-0.110372
2.990000,-0.001135,0.004411,-0.204337,-0.768871,0.199681,-0.109808
3.000000,-0.001129,0.004389,-0.203317,-0.770921,0.199243,-0.109248
3.010000,-0.001124,0.004367,-0.202303,-0.772960,0.198806,-0.108690
3.020000,-0.001118,0.004345,-0.201293,-0.774988,0.198370,-0.108135
3.030000,-0.001113,0.004323,-0.200289,-0.777004,0.197935,-0.107583
3.040000,-0.001107,0.004302,-0.199289,-0.779010,0.197501,-0.107034
3.050000,-0.001101,0.004280,-0.198295,-0.781005,0.197068,-0.106488
3.060000,-0.001096,0.004259,-0.197305,-0.782988,0.196636,-0.105945
3.070000,-0.001090,0.004238,-0.196321,-0.784961,0.196206,-0.105405
3.080000,-0.001085,0.004217,-0.195341,-0.786922,0.195777,-0.104868
3.090000,-0.001080,0.004196,-0.194367,-0.788873,0.195348,-0.104333
3.100000,-0.001074,0.004175,-0.193397,-0.790813,0.194921,-0.103802
3.110000,-0.001069,0.004154,-0.192432,-0.792743,0.194495,-0.103273
3.120000,-0.001064,0.004133,-0.191472,-0.794661,0.194070,-0.102747
3.130000,-0.001058,0.004112,-0.190516,-0.796569,0.193646,-0.102224
3.140000,-0.001053,0.004092,-0.189566,-0.798467,0.193223,-0.101703
3.150000,-0.001048,0.004072,-0.188620,-0.800354,0.192801,-0.101186
3.160000,-0.001043,0.004051,-0.187679,-0.802230,0.192381,-0.100671
3.170000,-0.001037,0.004031,-0.186742,-0.804096,0.191961,-0.100159
3.180000,-0.001032,0.004011,-0.185811,-0.805951,0.191543,-0.099649
3.190000,-0.001027,0.003991,-0.184884,-0.807796,0.191125,-0.099142
3.200000,-0.001022,0.003971,-0.183961,-0.809631,0.190709,-0.098638
3.210000,-0.001017,0.003951,-0.183043,-0.811455,0.190293,-0.098137
3.220000,-0.001012,0.003931,-0.182130,-0.813270,0.189879,-0.097638
3.230000,-0.001007,0.003912,-0.181221,-0.815074,0.189466,-0.097142
3.240000,-0.001002,0.003892,-0.180317,-0.816867,0.189054,-0.096648
3.250000,-0.000997,0.003873,-0.179418,-0.818651,0.188642,-0.096157
3.260000,-0.000992,0.003854,-0.178522,-0.820425,0.188232,-0.095669
3.270000,-0.000987,0.003834,-0.177632,-0.822189,0.187823,-0.095183
3.280000,-0.000982,0.003815,-0.176745,-0.823942,0.187415,-0.094700
3.290000,-0.000977,0.003796,-0.175864,-0.825686,0.187008,-0.094219
3.300000,-0.000972,0.003777,-0.174986,-0.827420,0.186602,-0.093741
3.310000,-0.000967,0.003758,-0.174113,-0.829144,0.186197,-0.093265
3.320000,-0.000962,0.003740,-0.173244,-0.830859,0.185793,-0.092792
3.330000,-0.000958,0.003721,-0.172380,-0.832563,0.185390,-0.092321
3.340000,-0.000953,0.003703,-0.171520,-0.834258,0.184988,-0.091853
3.350000,-0.000948,0.003684,-0.170664,-0.835944,0.184587,-0.091387
3.360000,-0.000943,0.003666,-0.169813,-0.837619,0.184187,-0.090924
3.370000,-0.000939,0.003647,-0.168966,-0.839285,0.183788,-0.090463
3.380000,-0.000934,0.003629,-0.168123,-0.840942,0.183390,-0.090004
3.390000,-0.000929,0.003611,-0.167284,-0.842589,0.182993,-0.089548
3.400000,-0.000925,0.003593,-0.166449,-0.844227,0.182598,-0.089095
3.410000,-0.000920,0.003575,-0.165619,-0.845855,0.182203,-0.088643
3.420000,-0.000915,0.003557,-0.164793,-0.847475,0.181809,-0.088194
3.430000,-0.000911,0.003540,-0.163970,-0.849084,0.181416,-0.087748
3.440000,-0.000906,0.003522,-0.163152,-0.850685,0.181024,-0.087303
3.450000,-0.000902,0.003504,-0.162338,-0.852276,0.180632,-0.086861
3.460000,-0.000897,0.003487,-0.161529,-0.853859,0.180242,-0.086421
3.470000,-0.000893,0.003469,-0.160723,-0.855432,0.179853,-0.085984
3.480000,-0.000888,0.003452,-0.159921,-0.856996,0.179465,-0.085549
3.490000,-0.000884,0.003435,-0.159123,-0.858551,0.179078,-0.085116
3.500000,-0.000880,0.003418,-0.158329,-0.860097,0.178692,-0.084685
3.510000,-0.000875,0.003401,-0.157539,-0.861634,0.178306,-0.084257
3.520000,-0.000871,0.003384,-0.156753,-0.863162,0.177922,-0.083831
3.530000,-0.000866,0.003367,-0.155971,-0.864682,0.177539,-0.083407
3.540000,-0.000862,0.003350,-0.155193,-0.866192,0.177156,-0.082985
3.550000,-0.000858,0.003333,-0.154419,-0.867694,0.176775,-0.082566
3.560000,-0.000854,0.003317,-0.153649,-0.869188,0.176394,-0.082148
3.570000,-0.000849,0.003300,-0.152882,-0.870672,0.176015,-0.081733
3.580000,-0.000845,0.003284,-0.152119,-0.872148,0.175636,-0.081320
3.590000,-0.000841,0.003267,-0.151360,-0.873615,0.175258,-0.080909
3.600000,-0.000837,0.003251,-0.150605,-0.875074,0.174881,-0.080500
3.610000,-0.000832,0.003235,-0.149854,-0.876524,0.174505,-0.080094
3.620000,-0.000828,0.003219,-0.149106,-0.877966,0.174130,-0.079689
3.630000,-0.000824,0.003203,-0.148363,-0.879400,0.173756,-0.079287
3.640000,-0.000820,0.003187,-0.147622,-0.880825,0.173383,-0.078886
3.650000,-0.000816,0.003171,-0.146886,-0.882242,0.173011,-0.078488
3.660000,-0.000812,0.003155,-0.146153,-0.883650,0.172640,-0.078092
3.670000,-0.000808,0.003139,-0.145424,-0.885050,0.172269,-0.077698
3.680000,-0.000804,0.003124,-0.144699,-0.886442,0.171900,-0.077305
3.690000,-0.000800,0.003108,-0.143977,-0.887826,0.171531,-0.076915
3.700000,-0.000796,0.003093,-0.143259,-0.889202,0.171163,-0.076527
3.710000,-0.000792,0.003077,-0.142544,-0.890570,0.170796,-0.076141
3.720000,-0.000788,0.003062,-0.141833,-0.891930,0.170431,-0.075757
3.730000,-0.000784,0.003047,-0.141125,-0.893281,0.170065,-0.075375
3.740000,-0.000780,0.003031,-0.140421,-0.894625,0.169701,-0.074995
3.750000,-0.000776,0.003016,-0.139721,-0.895961,0.169338,-0.074616
3.760000,-0.000772,0.003001,-0.139024,-0.897289,0.168976,-0.074240
3.770000,-0.000768,0.002986,-0.138330,-0.898609,0.168614,-0.073866
3.780000,-0.000765,0.002971,-0.137640,-0.899922,0.168253,-0.073493
3.790000,-0.000761,0.002957,-0.136953,-0.901226,0.167894,-0.073123
3.800000,-0.000757,0.002942,-0.136270,-0.902523,0.167535,-0.072754
3.810000,-0.000753,0.002927,-0.135590,-0.903812,0.167177,-0.072388
3.820000,-0.000749,0.002912,-0.134914,-0.905094,0.166820,-0.072023
3.830000,-0.000746,0.002898,-0.134241,-0.906368,0.166463,-0.071660
3.840000,-0.000742,0.002884,-0.133571,-0.907635,0.166108,-0.071299
3.850000,-0.000738,0.002869,-0.132905,-0.908894,0.165753,-0.070940
3.860000,-0.000735,0.002855,-0.132242,-0.910145,0.165399,-0.070582
3.870000,-0.000731,0.002841,-0.131582,-0.911389,0.165047,-0.070227
3.880000,-0.000727,0.002826,-0.130926,-0.912626,0.164695,-0.069873
3.890000,-0.000724,0.002812,-0.130273,-0.913856,0.164343,-0.069521
3.900000,-0.000720,0.002798,-0.129623,-0.915078,0.163993,-0.069171
3.910000,-0.000717,0.002784,-0.128976,-0.916293,0.163643,-0.068823
3.920000,-0.000713,0.002770,-0.128333,-0.917500,0.163295,-0.068476
3.930000,-0.000709,0.002757,-0.127693,-0.918701,0.162947,-0.068132
3.940000,-0.000706,0.002743,-0.127056,-0.919894,0.162600,-0.067789
3.950000,-0.000702,0.002729,-0.126422,-0.921080,0.162254,-0.067448
3.960000,-0.000699,0.002716,-0.125791,-0.922259,0.161908,-0.067108
3.970000,-0.000695,0.002702,-0.125164,-0.923431,0.161564,-0.066770
3.980000,-0.000692,0.002689,-0.124540,-0.924597,0.161220,-0.066435
3.990000,-0.000688,0.002675,-0.123918,-0.925755,0.160877,-0.066100
4.000000,-0.000685,0.002662,-0.123300,-0.926906,0.160535,-0.065768
4.010000,-0.000682,0.002649,-0.122685,-0.928050,0.160194,-0.065437
4.020000,-0.000678,0.002635,-0.122073,-0.929188,0.159853,-0.065108
4.030000,-0.000675,0.002622,-0.121464,-0.930318,0.159514,-0.064780
4.040000,-0.000671,0.002609,-0.120858,-0.931442,0.159175,-0.064455
4.050000,-0.000668,0.002596,-0.120255,-0.932559,0.158837,-0.064130
4.060000,-0.000665,0.002583,-0.119655,-0.933670,0.158500,-0.063808
4.070000,-0.000661,0.002570,-0.119059,-0.934773,0.158163,-0.063487
4.080000,-0.000658,0.002557,-0.118465,-0.935871,0.157828,-0.063168
4.090000,-0.000655,0.002545,-0.117874,-0.936961,0.157493,-0.062850
4.100000,-0.000652,0.002532,-0.117286,-0.938045,0.157159,-0.062534
4.110000,-0.000648,0.002519,-0.116701,-0.939123,0.156826,-0.062220
4.120000,-0.000645,0.002507,-0.116119,-0.940194,0.156493,-0.061907
4.130000,-0.000642,0.002494,-0.115539,-0.941258,0.156161,-0.061596
4.140000,-0.000639,0.002482,-0.114963,-0.942316,0.155830,-0.061287
4.150000,-0.000635,0.002469,-0.114390,-0.943368,0.155500,-0.060979
4.160000,-0.000632,0.002457,-0.113819,-0.944414,0.155171,-0.060672
4.170000,-0.000629,0.002445,-0.113251,-0.945453,0.154842,-0.060368
4.180000,-0.000626,0.002433,-0.112686,-0.946486,0.154515,-0.060064
4.190000,-0.000623,0.002421,-0.112124,-0.947512,0.154188,-0.059763
4.200000,-0.000620,0.002408,-0.111565,-0.948533,0.153861,-0.059463
4.210000,-0.000617,0.002396,-0.111008,-0.949547,0.153536,-0.059164
4.220000,-0.000614,0.002385,-0.110455,-0.950555,0.153211,-0.058867
4.230000,-0.000611,0.002373,-0.109904,-0.951557,0.152887,-0.058571
4.240000,-0.000608,0.002361,-0.109355,-0.952553,0.152564,-0.058277
4.250000,-0.000604,0.002349,-0.108810,-0.953543,0.152242,-0.057984
4.260000,-0.000601,0.002337,-0.108267,-0.954527,0.151920,-0.057693
4.270000,-0.000598,0.002326,-0.107727,-0.955505,0.151599,-0.057404
4.280000,-0.000595,0.002314,-0.107190,-0.956477,0.151279,-0.057115
4.290000,-0.000593,0.002303,-0.106655,-0.957443,0.150959,-0.056829
4.300000,-0.000590,0.002291,-0.106123,-0.958403,0.150641,-0.056543
4.310000,-0.000587,0.002280,-0.105594,-0.959357,0.150323,-0.056260
4.320000,-0.000584,0.002268,-0.105067,-0.960306,0.150006,-0.055977
4.330000,-0.000581,0.002257,-0.104543,-0.961249,0.149689,-0.055696
4.340000,-0.000578,0.002246,-0.104021,-0.962186,0.149373,-0.055417
4.350000,-0.000575,0.002234,-0.103503,-0.963117,0.149058,-0.055139
4.360000,-0.000572,0.002223,-0.102986,-0.964043,0.148744,-0.054862
4.370000,-0.000569,0.002212,-0.102473,-0.964963,0.148431,-0.054587
4.380000,-0.000566,0.002201,-0.101961,-0.965878,0.148118,-0.054313
4.390000,-0.000564,0.002190,-0.101453,-0.966787,0.147806,-0.054041
4.400000,-0.000561,0.002179,-0.100947,-0.967690,0.147494,-0.053769
4.410000,-0.000558,0.002168,-0.100443,-0.968588,0.147184,-0.053500
4.420000,-0.000555,0.002158,-0.099942,-0.969480,0.146874,-0.053231
4.430000,-0.000552,0.002147,-0.099444,-0.970367,0.146565,-0.052964
4.440000,-0.000550,0.002136,-0.098948,-0.971249,0.146256,-0.052699
4.450000,-0.000547,0.002125,-0.098454,-0.972125,0.145949,-0.052434
4.460000,-0.000544,0.002115,-0.097963,-0.972996,0.145642,-0.052172
4.470000,-0.000542,0.002104,-0.097474,-0.973861,0.145335,-0.051910
4.480000,-0.000539,0.002094,-0.096988,-0.974722,0.145030,-0.051650
4.490000,-0.000536,0.002083,-0.096504,-0.975576,0.144725,-0.051391
4.500000,-0.000533,0.002073,-0.096023,-0.976426,0.144421,-0.051133
4.510000,-0.000531,0.002063,-0.095544,-0.977271,0.144117,-0.050877
4.520000,-0.000528,0.002052,-0.095067,-0.978110,0.143814,-0.050622
4.530000,-0.000526,0.002042,-0.094593,-0.978944,0.143512,-0.050368
4.540000,-0.000523,0.002032,-0.094121,-0.979773,0.143211,-0.050115
4.550000,-0.000520,0.002022,-0.093652,-0.980597,0.142910,-0.049864
4.560000,-0.000518,0.002012,-0.093185,-0.981416,0.142610,-0.049614
4.570000,-0.000515,0.002002,-0.092720,-0.982230,0.142311,-0.049366
4.580000,-0.000513,0.001992,-0.092258,-0.983039,0.142012,-0.049118
4.590000,-0.000510,0.001982,-0.091797,-0.983843,0.141714,-0.048872
4.600000,-0.000507,0.001972,-0.091339,-0.984642,0.141417,-0.048627
4.610000,-0.000505,0.001962,-0.090884,-0.985436,0.141120,-0.048383
4.620000,-0.000502,0.001952,-0.090431,-0.986225,0.140824,-0.048141
4.630000,-0.000500,0.001943,-0.089979,-0.987009,0.140529,-0.047900
4.640000,-0.000497,0.001933,-0.089531,-0.987789,0.140235,-0.047660
4.650000,-0.000495,0.001923,-0.089084,-0.988564,0.139941,-0.047421
4.660000,-0.000492,0.001914,-0.088640,-0.989334,0.139647,-0.047183
4.670000,-0.000490,0.001904,-0.088198,-0.990099,0.139355,-0.046947
4.680000,-0.000488,0.001895,-0.087758,-0.990859,0.139063,-0.046712
4.690000,-0.000485,0.001885,-0.087320,-0.991615,0.138772,-0.046478
4.700000,-0.000483,0.001876,-0.086884,-0.992366,0.138481,-0.046245
4.710000,-0.000480,0.001866,-0.086451,-0.993113,0.138191,-0.046014
4.720000,-0.000478,0.001857,-0.086020,-0.993855,0.137902,-0.045783
4.730000,-0.000476,0.001848,-0.085591,-0.994592,0.137614,-0.045554
4.740000,-0.000473,0.001839,-0.085164,-0.995325,0.137326,-0.045326
4.750000,-0.000471,0.001829,-0.084739,-0.996053,0.137039,-0.045099
4.760000,-0.000468,0.001820,-0.084316,-0.996777,0.136752,-0.044873
4.770000,-0.000466,0.001811,-0.083896,-0.997496,0.136466,-0.044648
4.780000,-0.000464,0.001802,-0.083477,-0.998211,0.136181,-0.044425
4.790000,-0.000461,0.001793,-0.083061,-0.998921,0.135896,-0.044202
4.800000,-0.000459,0.001784,-0.082647,-0.999627,0.135612,-0.043981
4.810000,-0.000457,0.001775,-0.082234,-1.000329,0.135329,-0.043761
4.820000,-0.000455,0.001767,-0.081824,-1.001026,0.135046,-0.043542
4.830000,-0.000452,0.001758,-0.081416,-1.001719,0.134764,-0.043324
4.840000,-0.000450,0.001749,-0.081010,-1.002408,0.134483,-0.043107
4.850000,-0.000448,0.001740,-0.080606,-1.003092,0.134202,-0.042891
4.860000,-0.000446,0.001732,-0.080204,-1.003772,0.133922,-0.042676
4.870000,-0.000443,0.001723,-0.079804,-1.004448,0.133642,-0.042463
4.880000,-0.000441,0.001714,-0.079406,-1.005120,0.133363,-0.042250
4.890000,-0.000439,0.001706,-0.079010,-1.005788,0.133085,-0.042039
4.900000,-0.000437,0.001697,-0.078616,-1.006451,0.132808,-0.041828
4.910000,-0.000435,0.001689,-0.078224,-1.007111,0.132531,-0.041619
4.920000,-0.000432,0.001680,-0.077833,-1.007766,0.132254,-0.041411
4.930000,-0.000430,0.001672,-0.077445,-1.008417,0.131979,-0.041203
4.940000,-0.000428,0.001664,-0.077059,-1.009064,0.131703,-0.040997
4.950000,-0.000426,0.001655,-0.076675,-1.009707,0.131429,-0.040792
4.960000,-0.000424,0.001647,-0.076292,-1.010346,0.131155,-0.040588
4.970000,-0.000422,0.001639,-0.075912,-1.010982,0.130882,-0.040385
4.980000,-0.000420,0.001631,-0.075533,-1.011613,0.130609,-0.040183
4.990000,-0.000418,0.001623,-0.075156,-1.012240,0.130337,-0.039982
5.000000,-0.000415,0.001614,-0.074781,-1.012864,0.130066,-0.039782
5.010000,-0.000413,0.001606,-0.074408,-1.013483,0.129795,-0.039582
5.020000,-0.000411,0.001598,-0.074037,-1.014099,0.129525,-0.039384
5.030000,-0.000409,0.001590,-0.073668,-1.014711,0.129255,-0.039187
5.040000,-0.000407,0.001582,-0.073300,-1.015319,0.128986,-0.038991
5.050000,-0.000405,0.001575,-0.072935,-1.015923,0.128718,-0.038796
5.060000,-0.000403,0.001567,-0.072571,-1.016523,0.128450,-0.038602
5.070000,-0.000401,0.001559,-0.072209,-1.017120,0.128183,-0.038409
5.080000,-0.000399,0.001551,-0.071849,-1.017713,0.127916,-0.038217
5.090000,-0.000397,0.001543,-0.071491,-1.018302,0.127650,-0.038026
5.100000,-0.000395,0.001536,-0.071134,-1.018888,0.127385,-0.037836
5.110000,-0.000393,0.001528,-0.070779,-1.019470,0.127120,-0.037646
5.120000,-0.000391,0.001520,-0.070426,-1.020048,0.126856,-0.037458
5.130000,-0.000389,0.001513,-0.070075,-1.020623,0.126592,-0.037271
5.140000,-0.000387,0.001505,-0.069725,-1.021194,0.126329,-0.037084
5.150000,-0.000385,0.001498,-0.069378,-1.021762,0.126067,-0.036899
5.160000,-0.000384,0.001490,-0.069032,-1.022326,0.125805,-0.036714
5.170000,-0.000382,0.001483,-0.068687,-1.022886,0.125544,-0.036531
5.180000,-0.000380,0.001476,-0.068345,-1.023443,0.125283,-0.036348
5.190000,-0.000378,0.001468,-0.068004,-1.023997,0.125023,-0.036166
5.200000,-0.000376,0.001461,-0.067665,-1.024547,0.124764,-0.035985
5.210000,-0.000374,0.001454,-0.067327,-1.025093,0.124505,-0.035806
5.220000,-0.000372,0.001446,-0.066991,-1.025637,0.124246,-0.035627
5.230000,-0.000370,0.001439,-0.066657,-1.026176,0.123989,-0.035448
5.240000,-0.000368,0.001432,-0.066325,-1.026713,0.123731,-0.035271
5.250000,-0.000367,0.001425,-0.065994,-1.027246,0.123475,-0.035095
5.260000,-0.000365,0.001418,-0.065665,-1.027776,0.123219,-0.034919
5.270000,-0.000363,0.001411,-0.065337,-1.028302,0.122963,-0.034745
5.280000,-0.000361,0.001404,-0.065011,-1.028825,0.122708,-0.034571
5.290000,-0.000359,0.001397,-0.064687,-1.029345,0.122454,-0.034398
5.300000,-0.000358,0.001390,-0.064364,-1.029862,0.122200,-0.034226
5.310000,-0.000356,0.001383,-0.064043,-1.030375,0.121947,-0.034055
5.320000,-0.000354,0.001376,-0.063724,-1.030885,0.121694,-0.033885
5.330000,-0.000352,0.001369,-0.063406,-1.031392,0.121442,-0.033716
5.340000,-0.000351,0.001362,-0.063090,-1.031896,0.121191,-0.033547
5.350000,-0.000349,0.001355,-0.062775,-1.032396,0.120940,-0.033379
5.360000,-0.000347,0.001349,-0.062462,-1.032894,0.120689,-0.033212
5.370000,-0.000345,0.001342,-0.062150,-1.033388,0.120439,-0.033046
5.380000,-0.000344,0.001335,-0.061840,-1.033879,0.120190,-0.032881
5.390000,-0.000342,0.001328,-0.061532,-1.034367,0.119941,-0.032717
5.400000,-0.000340,0.001322,-0.061225,-1.034853,0.119693,-0.032553
5.410000,-0.000338,0.001315,-0.060920,-1.035335,0.119446,-0.032391
5.420000,-0.000337,0.001309,-0.060616,-1.035814,0.119198,-0.032229
5.430000,-0.000335,0.001302,-0.060314,-1.036290,0.118952,-0.032068
5.440000,-0.000333,0.001296,-0.060013,-1.036763,0.118706,-0.031907
5.450000,-0.000332,0.001289,-0.059713,-1.037233,0.118460,-0.031748
5.460000,-0.000330,0.001283,-0.059416,-1.037700,0.118215,-0.031589
5.470000,-0.000328,0.001276,-0.059119,-1.038164,0.117971,-0.031431
5.480000,-0.000327,0.001270,-0.058824,-1.038625,0.117727,-0.031274
5.490000,-0.000325,0.001264,-0.058531,-1.039083,0.117484,-0.031118
5.500000,-0.000324,0.001257,-0.058239,-1.039539,0.117241,-0.030963
5.510000,-0.000322,0.001251,-0.057949,-1.039991,0.116999,-0.030808
5.520000,-0.000320,0.001245,-0.057660,-1.040441,0.116757,-0.030654
5.530000,-0.000319,0.001239,-0.057372,-1.040888,0.116516,-0.030501
5.540000,-0.000317,0.001232,-0.057086,-1.041332,0.116275,-0.030348
5.550000,-0.000316,0.001226,-0.056801,-1.041773,0.116035,-0.030197
5.560000,-0.000314,0.001220,-0.056518,-1.042212,0.115795,-0.030046
5.570000,-0.000312,0.001214,-0.056236,-1.042648,0.115556,-0.029896
5.580000,-0.000311,0.001208,-0.055955,-1.043081,0.115318,-0.029746
5.590000,-0.000309,0.001202,-0.055676,-1.043511,0.115080,-0.029598
5.600000,-0.000308,0.001196,-0.055399,-1.043939,0.114842,-0.029450
5.610000,-0.000306,0.001190,-0.055122,-1.044363,0.114605,-0.029303
5.620000,-0.000305,0.001184,-0.054847,-1.044786,0.114369,-0.029156
5.630000,-0.000303,0.001178,-0.054574,-1.045205,0.114133,-0.029011
5.640000,-0.000302,0.001172,-0.054302,-1.045622,0.113897,-0.028866
5.650000,-0.000300,0.001166,-0.054031,-1.046036,0.113663,-0.028722
5.660000,-0.000299,0.001161,-0.053761,-1.046448,0.113428,-0.028578
5.670000,-0.000297,0.001155,-0.053493,-1.046857,0.113194,-0.028435
5.680000,-0.000296,0.001149,-0.053226,-1.047264,0.112961,-0.028293
5.690000,-0.000294,0.001143,-0.052961,-1.047667,0.112728,-0.028152
5.700000,-0.000293,0.001138,-0.052697,-1.048069,0.112496,-0.028011
5.710000,-0.000291,0.001132,-0.052434,-1.048468,0.112264,-0.027871
5.720000,-0.000290,0.001126,-0.052172,-1.048864,0.112033,-0.027732
5.730000,-0.000288,0.001121,-0.051912,-1.049258,0.111802,-0.027594
5.740000,-0.000287,0.001115,-0.051653,-1.049649,0.111571,-0.027456
5.750000,-0.000286,0.001110,-0.051396,-1.050038,0.111342,-0.027319
5.760000,-0.000284,0.001104,-0.051139,-1.050424,0.111112,-0.027182
5.770000,-0.000283,0.001099,-0.050884,-1.050808,0.110883,-0.027046
5.780000,-0.000281,0.001093,-0.050630,-1.051190,0.110655,-0.026911
5.790000,-0.000280,0.001088,-0.050378,-1.051569,0.110427,-0.026777
5.800000,-0.000278,0.001082,-0.050127,-1.051946,0.110200,-0.026643
5.810000,-0.000277,0.001077,-0.049877,-1.052320,0.109973,-0.026510
5.820000,-0.000276,0.001071,-0.049628,-1.052692,0.109747,-0.026378
5.830000,-0.000274,0.001066,-0.049380,-1.053062,0.109521,-0.026246
5.840000,-0.000273,0.001061,-0.049134,-1.053429,0.109296,-0.026115
5.850000,-0.000272,0.001055,-0.048889,-1.053794,0.109071,-0.025984
5.860000,-0.000270,0.001050,-0.048645,-1.054156,0.108846,-0.025855
5.870000,-0.000269,0.001045,-0.048402,-1.054517,0.108622,-0.025726
5.880000,-0.000268,0.001040,-0.048161,-1.054875,0.108399,-0.025597
5.890000,-0.000266,0.001035,-0.047921,-1.055231,0.108176,-0.025469
5.900000,-0.000265,0.001029,-0.047682,-1.055584,0.107954,-0.025342
5.910000,-0.000264,0.001024,-0.047444,-1.055935,0.107732,-0.025215
5.920000,-0.000262,0.001019,-0.047207,-1.056285,0.107510,-0.025090
5.930000,-0.000261,0.001014,-0.046972,-1.056631,0.107289,-0.024964
5.940000,-0.000260,0.001009,-0.046738,-1.056976,0.107069,-0.024840
5.950000,-0.000258,0.001004,-0.046504,-1.057319,0.106849,-0.024716
5.960000,-0.000257,0.000999,-0.046273,-1.057659,0.106629,-0.024592
5.970000,-0.000256,0.000994,-0.046042,-1.057997,0.106410,-0.024469
5.980000,-0.000255,0.000989,-0.045812,-1.058333,0.106192,-0.024347
5.990000,-0.000253,0.000984,-0.045584,-1.058667,0.105974,-0.024226
6.000000,-0.000252,0.000979,-0.045356,-1.058999,0.105756,-0.024105
6.010000,-0.000251,0.000974,-0.045130,-1.059329,0.105539,-0.023984
6.020000,-0.000249,0.000969,-0.044905,-1.059656,0.105322,-0.023864
6.030000,-0.000248,0.000965,-0.044681,-1.059982,0.105106,-0.023745
6.040000,-0.000247,0.000960,-0.044458,-1.060305,0.104890,-0.023627
6.050000,-0.000246,0.000955,-0.044236,-1.060626,0.104675,-0.023509
6.060000,-0.000245,0.000950,-0.044016,-1.060946,0.104460,-0.023391
6.070000,-0.000243,0.000946,-0.043796,-1.061263,0.104245,-0.023275
6.080000,-0.000242,0.000941,-0.043578,-1.061578,0.104032,-0.023158
6.090000,-0.000241,0.000936,-0.043360,-1.061892,0.103818,-0.023043
6.100000,-0.000240,0.000931,-0.043144,-1.062203,0.103605,-0.022928
6.110000,-0.000239,0.000927,-0.042929,-1.062512,0.103393,-0.022813
6.120000,-0.000237,0.000922,-0.042715,-1.062820,0.103180,-0.022699
6.130000,-0.000236,0.000918,-0.042502,-1.063125,0.102969,-0.022586
6.140000,-0.000235,0.000913,-0.042290,-1.063429,0.102758,-0.022473
6.150000,-0.000234,0.000908,-0.042079,-1.063730,0.102547,-0.022361
6.160000,-0.000233,0.000904,-0.041869,-1.064030,0.102337,-0.022249
6.170000,-0.000231,0.000899,-0.041660,-1.064328,0.102127,-0.022138
6.180000,-0.000230,0.000895,-0.041452,-1.064624,0.101918,-0.022028
6.190000,-0.000229,0.000890,-0.041246,-1.064918,0.101709,-0.021918
6.200000,-0.000228,0.000886,-0.041040,-1.065210,0.101500,-0.021808
6.210000,-0.000227,0.000882,-0.040835,-1.065500,0.101292,-0.021700
6.220000,-0.000226,0.000877,-0.040632,-1.065788,0.101085,-0.021591
6.230000,-0.000225,0.000873,-0.040429,-1.066075,0.100878,-0.021483
6.240000,-0.000223,0.000868,-0.040227,-1.066360,0.100671,-0.021376
6.250000,-0.000222,0.000864,-0.040027,-1.066643,0.100465,-0.021270
6.260000,-0.000221,0.000860,-0.039827,-1.066924,0.100259,-0.021163
6.270000,-0.000220,0.000856,-0.039628,-1.067203,0.100054,-0.021058
6.280000,-0.000219,0.000851,-0.039431,-1.067481,0.099849,-0.020953
6.290000,-0.000218,0.000847,-0.039234,-1.067757,0.099644,-0.020848
6.300000,-0.000217,0.000843,-0.039038,-1.068031,0.099440,-0.020744
6.310000,-0.000216,0.000839,-0.038844,-1.068303,0.099237,-0.020640
6.320000,-0.000215,0.000834,-0.038650,-1.068574,0.099034,-0.020537
6.330000,-0.000214,0.000830,-0.038457,-1.068842,0.098831,-0.020435
6.340000,-0.000213,0.000826,-0.038265,-1.069110,0.098629,-0.020333
6.350000,-0.000212,0.000822,-0.038075,-1.069375,0.098427,-0.020231
6.360000,-0.000210,0.000818,-0.037885,-1.069639,0.098225,-0.020130
6.370000,-0.000209,0.000814,-0.037696,-1.069901,0.098024,-0.020030
6.380000,-0.000208,0.000810,-0.037508,-1.070161,0.097824,-0.019930
6.390000,-0.000207,0.000806,-0.037321,-1.070420,0.097624,-0.019830
6.400000,-0.000206,0.000802,-0.037134,-1.070677,0.097424,-0.019731
6.410000,-0.000205,0.000798,-0.036949,-1.070933,0.097225,-0.019633
6.420000,-0.000204,0.000794,-0.036765,-1.071187,0.097026,-0.019535
6.430000,-0.000203,0.000790,-0.036582,-1.071439,0.096828,-0.019437
6.440000,-0.000202,0.000786,-0.036399,-1.071689,0.096630,-0.019340
6.450000,-0.000201,0.000782,-0.036218,-1.071938,0.096432,-0.019244
6.460000,-0.000200,0.000778,-0.036037,-1.072186,0.096235,-0.019148
6.470000,-0.000199,0.000774,-0.035857,-1.072432,0.096038,-0.019052
6.480000,-0.000198,0.000770,-0.035678,-1.072676,0.095842,-0.018957
6.490000,-0.000197,0.000766,-0.035500,-1.072919,0.095646,-0.018863
6.500000,-0.000196,0.000763,-0.035323,-1.073160,0.095451,-0.018768
6.510000,-0.000195,0.000759,-0.035147,-1.073400,0.095256,-0.018675
6.520000,-0.000194,0.000755,-0.034972,-1.073638,0.095061,-0.018582
6.530000,-0.000193,0.000751,-0.034797,-1.073874,0.094867,-0.018489
6.540000,-0.000192,0.000748,-0.034624,-1.074110,0.094673,-0.018397
6.550000,-0.000191,0.000744,-0.034451,-1.074343,0.094480,-0.018305
6.560000,-0.000190,0.000740,-0.034279,-1.074575,0.094287,-0.018213
6.570000,-0.000189,0.000736,-0.034108,-1.074806,0.094094,-0.018122
6.580000,-0.000189,0.000733,-0.033938,-1.075035,0.093902,-0.018032
6.590000,-0.000188,0.000729,-0.033769,-1.075263,0.093710,-0.017942
6.600000,-0.000187,0.000725,-0.033601,-1.075489,0.093519,-0.017852
6.610000,-0.000186,0.000722,-0.033433,-1.075714,0.093328,-0.017763
6.620000,-0.000185,0.000718,-0.033266,-1.075937,0.093138,-0.017675
6.630000,-0.000184,0.000715,-0.033100,-1.076159,0.092947,-0.017587
6.640000,-0.000183,0.000711,-0.032935,-1.076380,0.092758,-0.017499
6.650000,-0.000182,0.000708,-0.032771,-1.076599,0.092568,-0.017411
6.660000,-0.000181,0.000704,-0.032608,-1.076817,0.092380,-0.017325
6.670000,-0.000180,0.000700,-0.032445,-1.077033,0.092191,-0.017238
6.680000,-0.000179,0.000697,-0.032283,-1.077248,0.092003,-0.017152
6.690000,-0.000178,0.000694,-0.032122,-1.077461,0.091815,-0.017066
6.700000,-0.000178,0.000690,-0.031962,-1.077674,0.091628,-0.016981
6.710000,-0.000177,0.000687,-0.031802,-1.077885,0.091441,-0.016897
6.720000,-0.000176,0.000683,-0.031644,-1.078094,0.091255,-0.016812
6.730000,-0.000175,0.000680,-0.031486,-1.078302,0.091068,-0.016728
6.740000,-0.000174,0.000676,-0.031329,-1.078509,0.090883,-0.016645
6.750000,-0.000173,0.000673,-0.031173,-1.078715,0.090697,-0.016562
6.760000,-0.000172,0.000670,-0.031017,-1.078919,0.090512,-0.016479
6.770000,-0.000171,0.000666,-0.030863,-1.079122,0.090328,-0.016397
6.780000,-0.000171,0.000663,-0.030709,-1.079323,0.090144,-0.016315
6.790000,-0.000170,0.000660,-0.030555,-1.079524,0.089960,-0.016234
6.800000,-0.000169,0.000656,-0.030403,-1.079723,0.089777,-0.016153
6.810000,-0.000168,0.000653,-0.030251,-1.079921,0.089594,-0.016072
6.820000,-0.000167,0.000650,-0.030101,-1.080117,0.089411,-0.015992
6.830000,-0.000166,0.000647,-0.029950,-1.080312,0.089229,-0.015912
6.840000,-0.000166,0.000643,-0.029801,-1.080506,0.089047,-0.015833
6.850000,-0.000165,0.000640,-0.029652,-1.080699,0.088866,-0.015754
6.860000,-0.000164,0.000637,-0.029504,-1.080891,0.088685,-0.015675
6.870000,-0.000163,0.000634,-0.029357,-1.081081,0.088504,-0.015597
6.880000,-0.000162,0.000631,-0.029211,-1.081270,0.088324,-0.015519
6.890000,-0.000161,0.000628,-0.029065,-1.081458,0.088144,-0.015442
6.900000,-0.000161,0.000624,-0.028920,-1.081645,0.087964,-0.015364
6.910000,-0.000160,0.000621,-0.028776,-1.081830,0.087785,-0.015288
6.920000,-0.000159,0.000618,-0.028632,-1.082015,0.087606,-0.015212
6.930000,-0.000158,0.000615,-0.028490,-1.082198,0.087428,-0.015136
6.940000,-0.000157,0.000612,-0.028348,-1.082380,0.087250,-0.015060
6.950000,-0.000157,0.000609,-0.028206,-1.082560,0.087072,-0.014985
6.960000,-0.000156,0.000606,-0.028066,-1.082740,0.086895,-0.014910
6.970000,-0.000155,0.000603,-0.027926,-1.082919,0.086718,-0.014836
6.980000,-0.000154,0.000600,-0.027786,-1.083096,0.086542,-0.014762
6.990000,-0.000154,0.000597,-0.027648,-1.083272,0.086366,-0.014688
7.000000,-0.000153,0.000594,-0.027510,-1.083447,0.086190,-0.014615
7.010000,-0.000152,0.000591,-0.027373,-1.083621,0.086014,-0.014542
7.020000,-0.000151,0.000588,-0.027236,-1.083794,0.085839,-0.014469
7.030000,-0.000151,0.000585,-0.027100,-1.083966,0.085665,-0.014397
7.040000,-0.000150,0.000582,-0.026965,-1.084137,0.085490,-0.014325
7.050000,-0.000149,0.000579,-0.026831,-1.084306,0.085317,-0.014254
7.060000,-0.000148,0.000576,-0.026697,-1.084475,0.085143,-0.014183
7.070000,-0.000148,0.000573,-0.026564,-1.084642,0.084970,-0.014112
7.080000,-0.000147,0.000571,-0.026431,-1.084808,0.084797,-0.014042
7.090000,-0.000146,0.000568,-0.026299,-1.084974,0.084625,-0.013971
7.100000,-0.000145,0.000565,-0.026168,-1.085138,0.084452,-0.013902
7.110000,-0.000145,0.000562,-0.026038,-1.085301,0.084281,-0.013832
7.120000,-0.000144,0.000559,-0.025908,-1.085463,0.084109,-0.013763
7.130000,-0.000143,0.000557,-0.025778,-1.085624,0.083938,-0.013695
7.140000,-0.000143,0.000554,-0.025650,-1.085784,0.083768,-0.013626
7.150000,-0.000142,0.000551,-0.025522,-1.085943,0.083597,-0.013558
7.160000,-0.000141,0.000548,-0.025395,-1.086101,0.083427,-0.013491
7.170000,-0.000140,0.000546,-0.025268,-1.086258,0.083258,-0.013423
7.180000,-0.000140,0.000543,-0.025142,-1.086414,0.083089,-0.013356
7.190000,-0.000139,0.000540,-0.025017,-1.086569,0.082920,-0.013290
7.200000,-0.000138,0.000537,-0.024892,-1.086723,0.082751,-0.013224
7.210000,-0.000138,0.000535,-0.024768,-1.086876,0.082583,-0.013158
7.220000,-0.000137,0.000532,-0.024644,-1.087028,0.082415,-0.013092
7.230000,-0.000136,0.000529,-0.024521,-1.087179,0.082248,-0.013027
7.240000,-0.000136,0.000527,-0.024399,-1.087329,0.082081,-0.012962
7.250000,-0.000135,0.000524,-0.024277,-1.087478,0.081914,-0.012897
7.260000,-0.000134,0.000522,-0.024156,-1.087627,0.081748,-0.012833
7.270000,-0.000134,0.000519,-0.024036,-1.087774,0.081582,-0.012769
7.280000,-0.000133,0.000516,-0.023916,-1.087920,0.081416,-0.012705
7.290000,-0.000132,0.000514,-0.023797,-1.088065,0.081251,-0.012641
7.300000,-0.000132,0.000511,-0.023678,-1.088210,0.081086,-0.012578
7.310000,-0.000131,0.000509,-0.023560,-1.088353,0.080921,-0.012516
7.320000,-0.000130,0.000506,-0.023442,-1.088496,0.080757,-0.012453
7.330000,-0.000130,0.000504,-0.023325,-1.088637,0.080593,-0.012391
7.340000,-0.000129,0.000501,-0.023209,-1.088778,0.080429,-0.012329
7.350000,-0.000128,0.000499,-0.023093,-1.088918,0.080266,-0.012268
7.360000,-0.000128,0.000496,-0.022978,-1.089057,0.080103,-0.012207
7.370000,-0.000127,0.000494,-0.022863,-1.089195,0.079940,-0.012146
7.380000,-0.000126,0.000491,-0.022749,-1.089332,0.079778,-0.012085
7.390000,-0.000126,0.000489,-0.022636,-1.089468,0.079616,-0.012025
7.400000,-0.000125,0.000486,-0.022523,-1.089604,0.079454,-0.011965
7.410000,-0.000125,0.000484,-0.022411,-1.089738,0.079293,-0.011905
7.420000,-0.000124,0.000481,-0.022299,-1.089872,0.079132,-0.011846
7.430000,-0.000123,0.000479,-0.022188,-1.090005,0.078972,-0.011787
7.440000,-0.000123,0.000477,-0.022077,-1.090137,0.078811,-0.011728
7.450000,-0.000122,0.000474,-0.021967,-1.090268,0.078651,-0.011669
7.460000,-0.000121,0.000472,-0.021857,-1.090398,0.078492,-0.011611
7.470000,-0.000121,0.000470,-0.021748,-1.090528,0.078333,-0.011553
7.480000,-0.000120,0.000467,-0.021640,-1.090656,0.078174,-0.011495
7.490000,-0.000120,0.000465,-0.021532,-1.090784,0.078015,-0.011438
7.500000,-0.000119,0.000463,-0.021425,-1.090911,0.077857,-0.011381
7.510000,-0.000118,0.000460,-0.021318,-1.091037,0.077699,-0.011324
7.520000,-0.000118,0.000458,-0.021211,-1.091163,0.077542,-0.011268
7.530000,-0.000117,0.000456,-0.021106,-1.091287,0.077384,-0.011212
7.540000,-0.000117,0.000453,-0.021000,-1.091411,0.077227,-0.011156
7.550000,-0.000116,0.000451,-0.020896,-1.091534,0.077071,-0.011100
7.560000,-0.000116,0.000449,-0.020791,-1.091656,0.076914,-0.011045
7.570000,-0.000115,0.000447,-0.020688,-1.091777,0.076759,-0.010990
7.580000,-0.000114,0.000444,-0.020585,-1.091898,0.076603,-0.010935
7.590000,-0.000114,0.000442,-0.020482,-1.092018,0.076448,-0.010880
7.600000,-0.000113,0.000440,-0.020380,-1.092137,0.076293,-0.010826
7.610000,-0.000113,0.000438,-0.020278,-1.092255,0.076138,-0.010772
7.620000,-0.000112,0.000436,-0.020177,-1.092373,0.075984,-0.010718
7.630000,-0.000112,0.000433,-0.020076,-1.092489,0.075830,-0.010665
7.640000,-0.000111,0.000431,-0.019976,-1.092606,0.075676,-0.010611
7.650000,-0.000110,0.000429,-0.019877,-1.092721,0.075523,-0.010559
7.660000,-0.000110,0.000427,-0.019777,-1.092835,0.075370,-0.010506
7.670000,-0.000109,0.000425,-0.019679,-1.092949,0.075217,-0.010453
7.680000,-0.000109,0.000423,-0.019581,-1.093062,0.075065,-0.010401
7.690000,-0.000108,0.000421,-0.019483,-1.093175,0.074912,-0.010349
7.700000,-0.000108,0.000419,-0.019386,-1.093286,0.074761,-0.010298
7.710000,-0.000107,0.000416,-0.019289,-1.093397,0.074609,-0.010246
7.720000,-0.000107,0.000414,-0.019193,-1.093507,0.074458,-0.010195
7.730000,-0.000106,0.000412,-0.019097,-1.093617,0.074307,-0.010144
7.740000,-0.000106,0.000410,-0.019002,-1.093726,0.074157,-0.010094
7.750000,-0.000105,0.000408,-0.018907,-1.093834,0.074007,-0.010043
7.760000,-0.000105,0.000406,-0.018813,-1.093941,0.073857,-0.009993
7.770000,-0.000104,0.000404,-0.018719,-1.094048,0.073707,-0.009944
7.780000,-0.000103,0.000402,-0.018626,-1.094154,0.073558,-0.009894
7.790000,-0.000103,0.000400,-0.018533,-1.094259,0.073409,-0.009845
7.800000,-0.000102,0.000398,-0.018440,-1.094364,0.073260,-0.009795
7.810000,-0.000102,0.000396,-0.018348,-1.094468,0.073112,-0.009747
7.820000,-0.000101,0.000394,-0.018257,-1.094571,0.072964,-0.009698
7.830000,-0.000101,0.000392,-0.018166,-1.094674,0.072816,-0.009650
7.840000,-0.000100,0.000390,-0.018075,-1.094776,0.072669,-0.009601
7.850000,-0.000100,0.000388,-0.017985,-1.094877,0.072522,-0.009554
7.860000,-0.000099,0.000386,-0.017895,-1.094978,0.072375,-0.009506
7.870000,-0.000099,0.000384,-0.017806,-1.095078,0.072228,-0.009458
7.880000,-0.000098,0.000383,-0.017717,-1.095177,0.072082,-0.009411
7.890000,-0.000098,0.000381,-0.017629,-1.095276,0.071936,-0.009364
7.900000,-0.000097,0.000379,-0.017541,-1.095374,0.071791,-0.009318
7.910000,-0.000097,0.000377,-0.017453,-1.095472,0.071645,-0.009271
7.920000,-0.000096,0.000375,-0.017366,-1.095569,0.071501,-0.009225
7.930000,-0.000096,0.000373,-0.017280,-1.095665,0.071356,-0.009179
7.940000,-0.000096,0.000371,-0.017194,-1.095761,0.071211,-0.009133
7.950000,-0.000095,0.000369,-0.017108,-1.095856,0.071067,-0.009088
7.960000,-0.000095,0.000368,-0.017023,-1.095950,0.070924,-0.009042
7.970000,-0.000094,0.000366,-0.016938,-1.096044,0.070780,-0.008997
7.980000,-0.000094,0.000364,-0.016853,-1.096137,0.070637,-0.008952
7.990000,-0.000093,0.000362,-0.016769,-1.096230,0.070494,-0.008908
8.000000,-0.000093,0.000360,-0.016685,-1.096322,0.070351,-0.008863
8.010000,-0.000092,0.000358,-0.016602,-1.096413,0.070209,-0.008819
8.020000,-0.000092,0.000357,-0.016519,-1.096504,0.070067,-0.008775
8.030000,-0.000091,0.000355,-0.016437,-1.096594,0.069925,-0.008731
8.040000,-0.000091,0.000353,-0.016355,-1.096684,0.069784,-0.008688
8.050000,-0.000090,0.000351,-0.016274,-1.096773,0.069643,-0.008644
8.060000,-0.000090,0.000350,-0.016192,-1.096861,0.069502,-0.008601
8.070000,-0.000090,0.000348,-0.016112,-1.096949,0.069362,-0.008558
8.080000,-0.000089,0.000346,-0.016031,-1.097037,0.069221,-0.008516
8.090000,-0.000089,0.000344,-0.015951,-1.097124,0.069081,-0.008473
8.100000,-0.000088,0.000343,-0.015872,-1.097210,0.068942,-0.008431
8.110000,-0.000088,0.000341,-0.015793,-1.097296,0.068802,-0.008389
8.120000,-0.000087,0.000339,-0.015714,-1.097381,0.068663,-0.008347
8.130000,-0.000087,0.000338,-0.015635,-1.097465,0.068524,-0.008305
8.140000,-0.000086,0.000336,-0.015557,-1.097549,0.068386,-0.008264
8.150000,-0.000086,0.000334,-0.015480,-1.097633,0.068248,-0.008223
8.160000,-0.000086,0.000333,-0.015403,-1.097716,0.068110,-0.008182
8.170000,-0.000085,0.000331,-0.015326,-1.097798,0.067972,-0.008141
8.180000,-0.000085,0.000329,-0.015249,-1.097880,0.067835,-0.008100
8.190000,-0.000084,0.000328,-0.015173,-1.097962,0.067698,-0.008060
8.200000,-0.000084,0.000326,-0.015098,-1.098043,0.067561,-0.008020
8.210000,-0.000083,0.000324,-0.015022,-1.098123,0.067424,-0.007980
8.220000,-0.000083,0.000323,-0.014947,-1.098203,0.067288,-0.007940
8.230000,-0.000083,0.000321,-0.014873,-1.098282,0.067152,-0.007900
8.240000,-0.000082,0.000319,-0.014799,-1.098361,0.067016,-0.007861
8.250000,-0.000082,0.000318,-0.014725,-1.098439,0.066881,-0.007822
8.260000,-0.000081,0.000316,-0.014651,-1.098517,0.066746,-0.007783
8.270000,-0.000081,0.000315,-0.014578,-1.098594,0.066611,-0.007744
8.280000,-0.000081,0.000313,-0.014506,-1.098671,0.066477,-0.007705
8.290000,-0.000080,0.000312,-0.014433,-1.098747,0.066342,-0.007667
8.300000,-0.000080,0.000310,-0.014361,-1.098823,0.066208,-0.007628
8.310000,-0.000079,0.000309,-0.014290,-1.098899,0.066075,-0.007590
8.320000,-0.000079,0.000307,-0.014218,-1.098973,0.065941,-0.007553
8.330000,-0.000079,0.000305,-0.014148,-1.099048,0.065808,-0.007515
8.340000,-0.000078,0.000304,-0.014077,-1.099122,0.065675,-0.007477
8.350000,-0.000078,0.000302,-0.014007,-1.099195,0.065542,-0.007440
8.360000,-0.000077,0.000301,-0.013937,-1.099268,0.065410,-0.007403
8.370000,-0.000077,0.000299,-0.013867,-1.099340,0.065278,-0.007366
8.380000,-0.000077,0.000298,-0.013798,-1.099412,0.065146,-0.007329
8.390000,-0.000076,0.000296,-0.013729,-1.099484,0.065015,-0.007293
8.400000,-0.000076,0.000295,-0.013661,-1.099555,0.064883,-0.007256
8.410000,-0.000076,0.000293,-0.013593,-1.099626,0.064752,-0.007220
8.420000,-0.000075,0.000292,-0.013525,-1.099696,0.064622,-0.007184
8.430000,-0.000075,0.000291,-0.013458,-1.099766,0.064491,-0.007148
8.440000,-0.000074,0.000289,-0.013390,-1.099835,0.064361,-0.007113
8.450000,-0.000074,0.000288,-0.013324,-1.099904,0.064231,-0.007077
8.460000,-0.000074,0.000286,-0.013257,-1.099972,0.064101,-0.007042
8.470000,-0.000073,0.000285,-0.013191,-1.100040,0.063972,-0.007007
8.480000,-0.000073,0.000283,-0.013125,-1.100108,0.063843,-0.006972
8.490000,-0.000073,0.000282,-0.013060,-1.100175,0.063714,-0.006937
8.500000,-0.000072,0.000281,-0.012995,-1.100241,0.063585,-0.006902
8.510000,-0.000072,0.000279,-0.012930,-1.100307,0.063457,-0.006868
8.520000,-0.000071,0.000278,-0.012865,-1.100373,0.063329,-0.006834
8.530000,-0.000071,0.000276,-0.012801,-1.100439,0.063201,-0.006800
8.540000,-0.000071,0.000275,-0.012737,-1.100504,0.063074,-0.006766
8.550000,-0.000070,0.000274,-0.012674,-1.100568,0.062946,-0.006732
8.560000,-0.000070,0.000272,-0.012611,-1.100632,0.062819,-0.006698
8.570000,-0.000070,0.000271,-0.012548,-1.100696,0.062693,-0.006665
8.580000,-0.000069,0.000270,-0.012485,-1.100759,0.062566,-0.006632
8.590000,-0.000069,0.000268,-0.012423,-1.100822,0.062440,-0.006599
8.600000,-0.000069,0.000267,-0.012361,-1.100884,0.062314,-0.006566
8.610000,-0.000068,0.000266,-0.012299,-1.100947,0.062188,-0.006533
8.620000,-0.000068,0.000264,-0.012238,-1.101008,0.062063,-0.006500
8.630000,-0.000068,0.000263,-0.012177,-1.101069,0.061938,-0.006468
8.640000,-0.000067,0.000262,-0.012116,-1.101130,0.061813,-0.006436
8.650000,-0.000067,0.000260,-0.012056,-1.101191,0.061688,-0.006404
8.660000,-0.000067,0.000259,-0.011996,-1.101251,0.061564,-0.006372
8.670000,-0.000066,0.000258,-0.011936,-1.101311,0.061439,-0.006340
8.680000,-0.000066,0.000256,-0.011876,-1.101370,0.061316,-0.006308
8.690000,-0.000066,0.000255,-0.011817,-1.101429,0.061192,-0.006277
8.700000,-0.000065,0.000254,-0.011758,-1.101487,0.061068,-0.006246
8.710000,-0.000065,0.000253,-0.011699,-1.101546,0.060945,-0.006214
8.720000,-0.000065,0.000251,-0.011641,-1.101603,0.060822,-0.006183
8.730000,-0.000064,0.000250,-0.011583,-1.101661,0.060700,-0.006153
8.740000,-0.000064,0.000249,-0.011525,-1.101718,0.060577,-0.006122
8.750000,-0.000064,0.000248,-0.011468,-1.101775,0.060455,-0.006091
8.760000,-0.000063,0.000246,-0.011411,-1.101831,0.060333,-0.006061
8.770000,-0.000063,0.000245,-0.011354,-1.101887,0.060212,-0.006031
8.780000,-0.000063,0.000244,-0.011297,-1.101943,0.060090,-0.006001
8.790000,-0.000062,0.000243,-0.011241,-1.101998,0.059969,-0.005971
8.800000,-0.000062,0.000241,-0.011185,-1.102053,0.059848,-0.005941
8.810000,-0.000062,0.000240,-0.011129,-1.102107,0.059728,-0.005911
8.820000,-0.000062,0.000239,-0.011073,-1.102162,0.059607,-0.005882
8.830000,-0.000061,0.000238,-0.011018,-1.102215,0.059487,-0.005852
8.840000,-0.000061,0.000237,-0.010963,-1.102269,0.059367,-0.005823
8.850000,-0.000061,0.000236,-0.010908,-1.102322,0.059248,-0.005794
8.860000,-0.000060,0.000234,-0.010854,-1.102375,0.059128,-0.005765
8.870000,-0.000060,0.000233,-0.010800,-1.102427,0.059009,-0.005737
8.880000,-0.000060,0.000232,-0.010746,-1.102479,0.058890,-0.005708
8.890000,-0.000059,0.000231,-0.010692,-1.102531,0.058771,-0.005679
8.900000,-0.000059,0.000230,-0.010639,-1.102583,0.058653,-0.005651
8.910000,-0.000059,0.000229,-0.010586,-1.102634,0.058535,-0.005623
8.920000,-0.000059,0.000227,-0.010533,-1.102685,0.058417,-0.005595
8.930000,-0.000058,0.000226,-0.010481,-1.102735,0.058299,-0.005567
8.940000,-0.000058,0.000225,-0.010428,-1.102785,0.058182,-0.005539
8.950000,-0.000058,0.000224,-0.010376,-1.102835,0.058064,-0.005512
8.960000,-0.000057,0.000223,-0.010325,-1.102885,0.057947,-0.005484
8.970000,-0.000057,0.000222,-0.010273,-1.102934,0.057831,-0.005457
8.980000,-0.000057,0.000221,-0.010222,-1.102983,0.057714,-0.005430
8.990000,-0.000057,0.000220,-0.010171,-1.103031,0.057598,-0.005402
9.000000,-0.000056,0.000218,-0.010120,-1.103079,0.057482,-0.005376
9.010000,-0.000056,0.000217,-0.010070,-1.103127,0.057366,-0.005349
9.020000,-0.000056,0.000216,-0.010020,-1.103175,0.057251,-0.005322
9.030000,-0.000055,0.000215,-0.009970,-1.103222,0.057135,-0.005295
9.040000,-0.000055,0.000214,-0.009920,-1.103269,0.057020,-0.005269
9.050000,-0.000055,0.000213,-0.009870,-1.103316,0.056905,-0.005243
9.060000,-0.000055,0.000212,-0.009821,-1.103362,0.056791,-0.005217
9.070000,-0.000054,0.000211,-0.009772,-1.103409,0.056676,-0.005191
9.080000,-0.000054,0.000210,-0.009723,-1.103454,0.056562,-0.005165
9.090000,-0.000054,0.000209,-0.009675,-1.103500,0.056448,-0.005139
9.100000,-0.000053,0.000208,-0.009627,-1.103545,0.056335,-0.005113
9.110000,-0.000053,0.000207,-0.009579,-1.103590,0.056221,-0.005088
9.120000,-0.000053,0.000206,-0.009531,-1.103635,0.056108,-0.005062
9.130000,-0.000053,0.000205,-0.009483,-1.103679,0.055995,-0.005037
9.140000,-0.000052,0.000204,-0.009436,-1.103723,0.055882,-0.005012
9.150000,-0.000052,0.000203,-0.009389,-1.103767,0.055770,-0.004987
9.160000,-0.000052,0.000202,-0.009342,-1.103810,0.055657,-0.004962
9.170000,-0.000052,0.000201,-0.009296,-1.103854,0.055545,-0.004937
9.180000,-0.000051,0.000200,-0.009249,-1.103897,0.055433,-0.004913
9.190000,-0.000051,0.000199,-0.009203,-1.103939,0.055322,-0.004888
9.200000,-0.000051,0.000198,-0.009157,-1.103982,0.055210,-0.004864
9.210000,-0.000051,0.000197,-0.009112,-1.104024,0.055099,-0.004840
9.220000,-0.000050,0.000196,-0.009066,-1.104066,0.054988,-0.004816
9.230000,-0.000050,0.000195,-0.009021,-1.104107,0.054878,-0.004792
9.240000,-0.000050,0.000194,-0.008976,-1.104149,0.054767,-0.004768
9.250000,-0.000050,0.000193,-0.008931,-1.104190,0.054657,-0.004744
9.260000,-0.000049,0.000192,-0.008887,-1.104230,0.054547,-0.004720
9.270000,-0.000049,0.000191,-0.008842,-1.104271,0.054437,-0.004697
9.280000,-0.000049,0.000190,-0.008798,-1.104311,0.054328,-0.004673
9.290000,-0.000049,0.000189,-0.008754,-1.104351,0.054218,-0.004650
9.300000,-0.000048,0.000188,-0.008711,-1.104391,0.054109,-0.004627
9.310000,-0.000048,0.000187,-0.008667,-1.104430,0.054000,-0.004604
9.320000,-0.000048,0.000186,-0.008624,-1.104470,0.053892,-0.004581
9.330000,-0.000048,0.000185,-0.008581,-1.104509,0.053783,-0.004558
9.340000,-0.000047,0.000184,-0.008538,-1.104547,0.053675,-0.004535
9.350000,-0.000047,0.000183,-0.008496,-1.104586,0.053567,-0.004512
9.360000,-0.000047,0.000183,-0.008453,-1.104624,0.053459,-0.004490
9.370000,-0.000047,0.000182,-0.008411,-1.104662,0.053351,-0.004468
9.380000,-0.000046,0.000181,-0.008369,-1.104700,0.053244,-0.004445
9.390000,-0.000046,0.000180,-0.008327,-1.104737,0.053137,-0.004423
9.400000,-0.000046,0.000179,-0.008286,-1.104774,0.053030,-0.004401
9.410000,-0.000046,0.000178,-0.008244,-1.104811,0.052923,-0.004379
9.420000,-0.000046,0.000177,-0.008203,-1.104848,0.052817,-0.004357
9.430000,-0.000045,0.000176,-0.008162,-1.104885,0.052711,-0.004336
9.440000,-0.000045,0.000175,-0.008122,-1.104921,0.052605,-0.004314
9.450000,-0.000045,0.000174,-0.008081,-1.104957,0.052499,-0.004292
9.460000,-0.000045,0.000174,-0.008041,-1.104993,0.052393,-0.004271
9.470000,-0.000044,0.000173,-0.008001,-1.105029,0.052288,-0.004250
9.480000,-0.000044,0.000172,-0.007961,-1.105064,0.052183,-0.004228
9.490000,-0.000044,0.000171,-0.007921,-1.105099,0.052078,-0.004207
9.500000,-0.000044,0.000170,-0.007882,-1.105134,0.051973,-0.004186
9.510000,-0.000044,0.000169,-0.007842,-1.105169,0.051868,-0.004166
9.520000,-0.000043,0.000168,-0.007803,-1.105203,0.051764,-0.004145
9.530000,-0.000043,0.000168,-0.007764,-1.105237,0.051660,-0.004124
9.540000,-0.000043,0.000167,-0.007726,-1.105271,0.051556,-0.004103
9.550000,-0.000043,0.000166,-0.007687,-1.105305,0.051452,-0.004083
9.560000,-0.000042,0.000165,-0.007649,-1.105339,0.051349,-0.004063
9.570000,-0.000042,0.000164,-0.007611,-1.105372,0.051246,-0.004042
9.580000,-0.000042,0.000163,-0.007573,-1.105405,0.051142,-0.004022
9.590000,-0.000042,0.000163,-0.007535,-1.105438,0.051040,-0.004002
9.600000,-0.000042,0.000162,-0.007497,-1.105471,0.050937,-0.003982
9.610000,-0.000041,0.000161,-0.007460,-1.105504,0.050835,-0.003962
9.620000,-0.000041,0.000160,-0.007423,-1.105536,0.050732,-0.003943
9.630000,-0.000041,0.000159,-0.007386,-1.105568,0.050630,-0.003923
9.640000,-0.000041,0.000159,-0.007349,-1.105600,0.050529,-0.003903
9.650000,-0.000041,0.000158,-0.007312,-1.105632,0.050427,-0.003884
9.660000,-0.000040,0.000157,-0.007276,-1.105663,0.050326,-0.003865
9.670000,-0.000040,0.000156,-0.007239,-1.105694,0.050224,-0.003845
9.680000,-0.000040,0.000156,-0.007203,-1.105725,0.050123,-0.003826
9.690000,-0.000040,0.000155,-0.007167,-1.105756,0.050023,-0.003807
9.700000,-0.000040,0.000154,-0.007132,-1.105787,0.049922,-0.003788
9.710000,-0.000039,0.000153,-0.007096,-1.105817,0.049822,-0.003769
9.720000,-0.000039,0.000152,-0.007061,-1.105848,0.049721,-0.003750
9.730000,-0.000039,0.000152,-0.007025,-1.105878,0.049622,-0.003732
9.740000,-0.000039,0.000151,-0.006990,-1.105908,0.049522,-0.003713
9.750000,-0.000039,0.000150,-0.006956,-1.105937,0.049422,-0.003694
9.760000,-0.000038,0.000149,-0.006921,-1.105967,0.049323,-0.003676
9.770000,-0.000038,0.000149,-0.006886,-1.105996,0.049224,-0.003658
9.780000,-0.000038,0.000148,-0.006852,-1.106025,0.049125,-0.003639
9.790000,-0.000038,0.000147,-0.006818,-1.106054,0.049026,-0.003621
9.800000,-0.000038,0.000146,-0.006784,-1.106083,0.048928,-0.003603
9.810000,-0.000038,0.000146,-0.006750,-1.106112,0.048829,-0.003585
9.820000,-0.000037,0.000145,-0.006716,-1.106140,0.048731,-0.003567
9.830000,-0.000037,0.000144,-0.006683,-1.106168,0.048633,-0.003550
9.840000,-0.000037,0.000144,-0.006649,-1.106196,0.048535,-0.003532
9.850000,-0.000037,0.000143,-0.006616,-1.106224,0.048438,-0.003514
9.860000,-0.000037,0.000142,-0.006583,-1.106252,0.048340,-0.003497
9.870000,-0.000036,0.000141,-0.006550,-1.106279,0.048243,-0.003479
9.880000,-0.000036,0.000141,-0.006518,-1.106307,0.048146,-0.003462
9.890000,-0.000036,0.000140,-0.006485,-1.106334,0.048050,-0.003445
9.900000,-0.000036,0.000139,-0.006453,-1.106361,0.047953,-0.003428
9.910000,-0.000036,0.000139,-0.006421,-1.106387,0.047857,-0.003410
9.920000,-0.000035,0.000138,-0.006389,-1.106414,0.047761,-0.003393
9.930000,-0.000035,0.000137,-0.006357,-1.106441,0.047665,-0.003376
9.940000,-0.000035,0.000137,-0.006325,-1.106467,0.047569,-0.003360
9.950000,-0.000035,0.000136,-0.006294,-1.106493,0.047473,-0.003343
9.960000,-0.000035,0.000135,-0.006262,-1.106519,0.047378,-0.003326
9.970000,-0.000035,0.000135,-0.006231,-1.106545,0.047283,-0.003310
9.980000,-0.000034,0.000134,-0.006200,-1.106570,0.047188,-0.003293
9.990000,-0.000034,0.000133,-0.006169,-1.106596,0.047093,-0.003277
10.000000,-0.000034,0.000133,-0.006138,-1.106621,0.046998,-0.003260
