0.000000,-0.473024,-0.363652,-0.627882,-0.055555,0.568400,-0.118995
0.010000,-0.469620,-0.361373,-0.622912,-0.060431,0.566400,-0.118385
0.020000,-0.466256,-0.359115,-0.618008,-0.065295,0.564413,-0.117778
0.030000,-0.462930,-0.356876,-0.613170,-0.070148,0.562438,-0.117174
0.040000,-0.459642,-0.354656,-0.608395,-0.074990,0.560476,-0.116574
0.050000,-0.456392,-0.352455,-0.603682,-0.079820,0.558527,-0.115977
0.060000,-0.453177,-0.350274,-0.599031,-0.084639,0.556589,-0.115383
0.070000,-0.449998,-0.348110,-0.594439,-0.089446,0.554664,-0.114793
0.080000,-0.446854,-0.345966,-0.589906,-0.094241,0.552750,-0.114205
0.090000,-0.443745,-0.343839,-0.585430,-0.099024,0.550848,-0.113621
0.100000,-0.440669,-0.341730,-0.581010,-0.103796,0.548958,-0.113039
0.110000,-0.437627,-0.339639,-0.576644,-0.108555,0.547080,-0.112461
0.120000,-0.434616,-0.337565,-0.572332,-0.113303,0.545213,-0.111886
0.130000,-0.431638,-0.335508,-0.568073,-0.118038,0.543358,-0.111314
0.140000,-0.428692,-0.333469,-0.563866,-0.122761,0.541513,-0.110746
0.150000,-0.425776,-0.331446,-0.559708,-0.127472,0.539680,-0.110180
0.160000,-0.422890,-0.329439,-0.555600,-0.132170,0.537858,-0.109617
0.170000,-0.420034,-0.327449,-0.551541,-0.136856,0.536047,-0.109057
0.180000,-0.417207,-0.325475,-0.547529,-0.141529,0.534246,-0.108501
0.190000,-0.414409,-0.323517,-0.543564,-0.146190,0.532456,-0.107947
0.200000,-0.411640,-0.321574,-0.539644,-0.150838,0.530677,-0.107396
0.210000,-0.408898,-0.319647,-0.535770,-0.155473,0.528908,-0.106848
0.220000,-0.406183,-0.317735,-0.531939,-0.160095,0.527150,-0.106303
0.230000,-0.403495,-0.315839,-0.528151,-0.164704,0.525402,-0.105761
0.240000,-0.400834,-0.313957,-0.524406,-0.169301,0.523664,-0.105222
0.250000,-0.398199,-0.312090,-0.520702,-0.173884,0.521936,-0.104685
0.260000,-0.395589,-0.310238,-0.517040,-0.178455,0.520218,-0.104152
0.270000,-0.393005,-0.308400,-0.513417,-0.183012,0.518509,-0.103621
0.280000,-0.390445,-0.306577,-0.509833,-0.187555,0.516811,-0.103094
0.290000,-0.387910,-0.304767,-0.506288,-0.192086,0.515122,-0.102568
0.300000,-0.385398,-0.302972,-0.502782,-0.196603,0.513443,-0.102046
0.310000,-0.382911,-0.301190,-0.499312,-0.201107,0.511774,-0.101527
0.320000,-0.380446,-0.299421,-0.495879,-0.205597,0.510114,-0.101010
0.330000,-0.378005,-0.297667,-0.492482,-0.210074,0.508463,-0.100496
0.340000,-0.375586,-0.295925,-0.489120,-0.214537,0.506821,-0.099985
0.350000,-0.373189,-0.294197,-0.485793,-0.218987,0.505189,-0.099476
0.360000,-0.370814,-0.292481,-0.482501,-0.223422,0.503565,-0.098970
0.370000,-0.368461,-0.290778,-0.479242,-0.227844,0.501951,-0.098467
0.380000,-0.366129,-0.289088,-0.476016,-0.232252,0.500345,-0.097967
0.390000,-0.363818,-0.287411,-0.472822,-0.236647,0.498748,-0.097469
0.400000,-0.361528,-0.285746,-0.469661,-0.241027,0.497160,-0.096973
0.410000,-0.359258,-0.284093,-0.466530,-0.245394,0.495581,-0.096481
0.420000,-0.357008,-0.282453,-0.463431,-0.249746,0.494010,-0.095991
0.430000,-0.354778,-0.280824,-0.460362,-0.254084,0.492448,-0.095503
0.440000,-0.352567,-0.279207,-0.457324,-0.258409,0.490894,-0.095018
0.450000,-0.350375,-0.277602,-0.454314,-0.262719,0.489348,-0.094536
0.460000,-0.348203,-0.276009,-0.451334,-0.267015,0.487811,-0.094056
0.470000,-0.346049,-0.274427,-0.448382,-0.271296,0.486281,-0.093579
0.480000,-0.343913,-0.272856,-0.445459,-0.275564,0.484760,-0.093104
0.490000,-0.341796,-0.271297,-0.442563,-0.279817,0.483247,-0.092631
0.500000,-0.339697,-0.269749,-0.439694,-0.284055,0.481742,-0.092161
0.510000,-0.337615,-0.268212,-0.436852,-0.288280,0.480245,-0.091694
0.520000,-0.335551,-0.266685,-0.434037,-0.292490,0.478756,-0.091229
0.530000,-0.333504,-0.265170,-0.431247,-0.296685,0.477274,-0.090767
0.540000,-0.331474,-0.263665,-0.428484,-0.300866,0.475800,-0.090306
0.550000,-0.329461,-0.262171,-0.425745,-0.305032,0.474334,-0.089849
0.560000,-0.327464,-0.260687,-0.423032,-0.309184,0.472875,-0.089393
0.570000,-0.325484,-0.259213,-0.420343,-0.313321,0.471424,-0.088941
0.580000,-0.323519,-0.257750,-0.417678,-0.317444,0.469980,-0.088490
0.590000,-0.321571,-0.256297,-0.415037,-0.321552,0.468544,-0.088042
0.600000,-0.319639,-0.254854,-0.412420,-0.325645,0.467115,-0.087596
0.610000,-0.317722,-0.253421,-0.409825,-0.329724,0.465693,-0.087152
0.620000,-0.315820,-0.251998,-0.407254,-0.333788,0.464278,-0.086711
0.630000,-0.313933,-0.250585,-0.404705,-0.337837,0.462870,-0.086272
0.640000,-0.312062,-0.249181,-0.402178,-0.341871,0.461470,-0.085836
0.650000,-0.310205,-0.247786,-0.399674,-0.345891,0.460076,-0.085401
0.660000,-0.308363,-0.246402,-0.397191,-0.349895,0.458690,-0.084969
0.670000,-0.306535,-0.245026,-0.394729,-0.353885,0.457310,-0.084539
0.680000,-0.304721,-0.243660,-0.392288,-0.357860,0.455937,-0.084112
0.690000,-0.302922,-0.242303,-0.389868,-0.361820,0.454571,-0.083686
0.700000,-0.301136,-0.240955,-0.387468,-0.365765,0.453211,-0.083263
0.710000,-0.299364,-0.239616,-0.385089,-0.369696,0.451859,-0.082842
0.720000,-0.297606,-0.238287,-0.382729,-0.373611,0.450512,-0.082423
0.730000,-0.295861,-0.236965,-0.380390,-0.377511,0.449173,-0.082007
0.740000,-0.294129,-0.235653,-0.378069,-0.381397,0.447840,-0.081592
0.750000,-0.292410,-0.234350,-0.375768,-0.385267,0.446513,-0.081180
0.760000,-0.290705,-0.233055,-0.373486,-0.389123,0.445193,-0.080770
0.770000,-0.289012,-0.231768,-0.371222,-0.392963,0.443879,-0.080362
0.780000,-0.287332,-0.230490,-0.368977,-0.396789,0.442571,-0.079956
0.790000,-0.285664,-0.229221,-0.366750,-0.400599,0.441269,-0.079552
0.800000,-0.284009,-0.227959,-0.364541,-0.404394,0.439974,-0.079150
0.810000,-0.282366,-0.226706,-0.362350,-0.408175,0.438685,-0.078750
0.820000,-0.280735,-0.225461,-0.360176,-0.411940,0.437402,-0.078353
0.830000,-0.279116,-0.224224,-0.358019,-0.415690,0.436125,-0.077957
0.840000,-0.277509,-0.222995,-0.355880,-0.419426,0.434854,-0.077564
0.850000,-0.275913,-0.221774,-0.353758,-0.423146,0.433589,-0.077172
0.860000,-0.274330,-0.220561,-0.351652,-0.426851,0.432330,-0.076783
0.870000,-0.272757,-0.219356,-0.349563,-0.430541,0.431077,-0.076395
0.880000,-0.271196,-0.218158,-0.347490,-0.434216,0.429829,-0.076010
0.890000,-0.269646,-0.216968,-0.345433,-0.437876,0.428587,-0.075626
0.900000,-0.268108,-0.215786,-0.343392,-0.441521,0.427351,-0.075245
0.910000,-0.266580,-0.214611,-0.341366,-0.445151,0.426121,-0.074866
0.920000,-0.265063,-0.213443,-0.339357,-0.448766,0.424896,-0.074488
0.930000,-0.263557,-0.212283,-0.337362,-0.452366,0.423677,-0.074112
0.940000,-0.262061,-0.211131,-0.335383,-0.455951,0.422464,-0.073739
0.950000,-0.260576,-0.209985,-0.333419,-0.459521,0.421256,-0.073367
0.960000,-0.259101,-0.208847,-0.331469,-0.463076,0.420053,-0.072997
0.970000,-0.257637,-0.207716,-0.329535,-0.466615,0.418856,-0.072629
0.980000,-0.256183,-0.206592,-0.327614,-0.470140,0.417664,-0.072263
0.990000,-0.254739,-0.205475,-0.325709,-0.473650,0.416477,-0.071899
1.000000,-0.253305,-0.204365,-0.323817,-0.477145,0.415296,-0.071537
1.010000,-0.251881,-0.203262,-0.321939,-0.480624,0.414120,-0.071176
1.020000,-0.250466,-0.202165,-0.320075,-0.484089,0.412950,-0.070818
1.030000,-0.249062,-0.201076,-0.318225,-0.487539,0.411784,-0.070461
1.040000,-0.247667,-0.199993,-0.316389,-0.490974,0.410624,-0.070106
1.050000,-0.246281,-0.198917,-0.314565,-0.494394,0.409469,-0.069753
1.060000,-0.244905,-0.197847,-0.312755,-0.497799,0.408319,-0.069402
1.070000,-0.243538,-0.196785,-0.310959,-0.501189,0.407173,-0.069052
1.080000,-0.242181,-0.195728,-0.309175,-0.504564,0.406033,-0.068705
1.090000,-0.240833,-0.194678,-0.307404,-0.507925,0.404898,-0.068359
1.100000,-0.239493,-0.193635,-0.305646,-0.511270,0.403768,-0.068015
1.110000,-0.238163,-0.192598,-0.303900,-0.514601,0.402643,-0.067672
1.120000,-0.236841,-0.191567,-0.302167,-0.517917,0.401522,-0.067332
1.130000,-0.235529,-0.190542,-0.300446,-0.521218,0.400406,-0.066993
1.140000,-0.234225,-0.189524,-0.298737,-0.524504,0.399295,-0.066656
1.150000,-0.232929,-0.188512,-0.297040,-0.527775,0.398189,-0.066320
1.160000,-0.231643,-0.187505,-0.295355,-0.531032,0.397088,-0.065987
1.170000,-0.230364,-0.186505,-0.293682,-0.534274,0.395991,-0.065655
1.180000,-0.229094,-0.185511,-0.292021,-0.537501,0.394899,-0.065325
1.190000,-0.227833,-0.184523,-0.290371,-0.540714,0.393812,-0.064996
1.200000,-0.226580,-0.183541,-0.288733,-0.543912,0.392729,-0.064669
1.210000,-0.225334,-0.182565,-0.287106,-0.547095,0.391650,-0.064344
1.220000,-0.224097,-0.181595,-0.285491,-0.550264,0.390577,-0.064020
1.230000,-0.222868,-0.180630,-0.283886,-0.553418,0.389507,-0.063698
1.240000,-0.221647,-0.179671,-0.282293,-0.556558,0.388442,-0.063378
1.250000,-0.220434,-0.178718,-0.280710,-0.559683,0.387382,-0.063060
1.260000,-0.219229,-0.177770,-0.279138,-0.562793,0.386326,-0.062743
1.270000,-0.218031,-0.176828,-0.277577,-0.565889,0.385274,-0.062427
1.280000,-0.216841,-0.175892,-0.276026,-0.568971,0.384227,-0.062113
1.290000,-0.215659,-0.174961,-0.274486,-0.572038,0.383184,-0.061801
1.300000,-0.214484,-0.174036,-0.272956,-0.575091,0.382145,-0.061491
1.310000,-0.213317,-0.173116,-0.271437,-0.578129,0.381111,-0.061182
1.320000,-0.212157,-0.172201,-0.269928,-0.581153,0.380081,-0.060874
1.330000,-0.211004,-0.171292,-0.268428,-0.584163,0.379055,-0.060568
1.340000,-0.209859,-0.170388,-0.266939,-0.587158,0.378033,-0.060264
1.350000,-0.208720,-0.169490,-0.265460,-0.590139,0.377015,-0.059961
1.360000,-0.207590,-0.168597,-0.263990,-0.593106,0.376001,-0.059660
1.370000,-0.206466,-0.167708,-0.262531,-0.596059,0.374992,-0.059361
1.380000,-0.205349,-0.166826,-0.261080,-0.598997,0.373986,-0.059062
1.390000,-0.204239,-0.165948,-0.259640,-0.601922,0.372985,-0.058766
1.400000,-0.203136,-0.165075,-0.258209,-0.604832,0.371987,-0.058471
1.410000,-0.202040,-0.164207,-0.256787,-0.607729,0.370994,-0.058177
1.420000,-0.200951,-0.163345,-0.255374,-0.610611,0.370004,-0.057885
1.430000,-0.199868,-0.162487,-0.253971,-0.613479,0.369019,-0.057594
1.440000,-0.198792,-0.161635,-0.252577,-0.616333,0.368037,-0.057305
1.450000,-0.197723,-0.160787,-0.251192,-0.619174,0.367059,-0.057018
1.460000,-0.196660,-0.159944,-0.249815,-0.622000,0.366085,-0.056731
1.470000,-0.195604,-0.159106,-0.248448,-0.624813,0.365115,-0.056447
1.480000,-0.194555,-0.158273,-0.247089,-0.627612,0.364149,-0.056163
1.490000,-0.193511,-0.157444,-0.245739,-0.630397,0.363186,-0.055881
1.500000,-0.192475,-0.156620,-0.244398,-0.633168,0.362228,-0.055601
1.510000,-0.191444,-0.155801,-0.243066,-0.635926,0.361273,-0.055322
1.520000,-0.190420,-0.154987,-0.241741,-0.638670,0.360321,-0.055044
1.530000,-0.189402,-0.154177,-0.240426,-0.641400,0.359374,-0.054768
1.540000,-0.188390,-0.153372,-0.239118,-0.644117,0.358430,-0.054493
1.550000,-0.187384,-0.152572,-0.237819,-0.646820,0.357489,-0.054220
1.560000,-0.186384,-0.151776,-0.236528,-0.649509,0.356552,-0.053948
1.570000,-0.185391,-0.150984,-0.235245,-0.652186,0.355619,-0.053677
1.580000,-0.184403,-0.150197,-0.233970,-0.654848,0.354690,-0.053408
1.590000,-0.183421,-0.149415,-0.232703,-0.657498,0.353763,-0.053140
1.600000,-0.182445,-0.148637,-0.231445,-0.660134,0.352841,-0.052874
1.610000,-0.181475,-0.147863,-0.230193,-0.662756,0.351922,-0.052609
1.620000,-0.180511,-0.147094,-0.228950,-0.665366,0.351006,-0.052345
1.630000,-0.179553,-0.146329,-0.227715,-0.667962,0.350094,-0.052082
1.640000,-0.178600,-0.145568,-0.226487,-0.670545,0.349186,-0.051821
1.650000,-0.177653,-0.144811,-0.225267,-0.673114,0.348280,-0.051561
1.660000,-0.176711,-0.144059,-0.224054,-0.675671,0.347378,-0.051303
1.670000,-0.175775,-0.143311,-0.222849,-0.678215,0.346480,-0.051046
1.680000,-0.174845,-0.142567,-0.221651,-0.680745,0.345585,-0.050790
1.690000,-0.173920,-0.141828,-0.220460,-0.683263,0.344693,-0.050535
1.700000,-0.173000,-0.141092,-0.219277,-0.685767,0.343805,-0.050282
1.710000,-0.172086,-0.140361,-0.218101,-0.688259,0.342919,-0.050030
1.720000,-0.171178,-0.139634,-0.216932,-0.690738,0.342038,-0.049779
1.730000,-0.170274,-0.138910,-0.215771,-0.693204,0.341159,-0.049529
1.740000,-0.169376,-0.138191,-0.214616,-0.695657,0.340283,-0.049281
1.750000,-0.168483,-0.137476,-0.213468,-0.698097,0.339411,-0.049034
1.760000,-0.167596,-0.136764,-0.212328,-0.700525,0.338542,-0.048788
1.770000,-0.166713,-0.136057,-0.211194,-0.702940,0.337676,-0.048544
1.780000,-0.165836,-0.135354,-0.210067,-0.705343,0.336814,-0.048301
1.790000,-0.164964,-0.134654,-0.208947,-0.707733,0.335954,-0.048059
1.800000,-0.164096,-0.133958,-0.207834,-0.710110,0.335098,-0.047818
1.810000,-0.163234,-0.133267,-0.206727,-0.712475,0.334245,-0.047578
1.820000,-0.162377,-0.132579,-0.205627,-0.714828,0.333394,-0.047340
1.830000,-0.161525,-0.131894,-0.204533,-0.717168,0.332547,-0.047103
1.840000,-0.160677,-0.131214,-0.203446,-0.719496,0.331703,-0.046867
1.850000,-0.159835,-0.130537,-0.202366,-0.721812,0.330862,-0.046632
1.860000,-0.158997,-0.129864,-0.201292,-0.724115,0.330024,-0.046399
1.870000,-0.158165,-0.129195,-0.200224,-0.726406,0.329189,-0.046166
1.880000,-0.157337,-0.128529,-0.199163,-0.728685,0.328357,-0.045935
1.890000,-0.156513,-0.127867,-0.198108,-0.730952,0.327528,-0.045705
1.900000,-0.155695,-0.127209,-0.197059,-0.733207,0.326702,-0.045476
1.910000,-0.154881,-0.126554,-0.196016,-0.735449,0.325879,-0.045248
1.920000,-0.154072,-0.125903,-0.194980,-0.737680,0.325058,-0.045022
1.930000,-0.153267,-0.125255,-0.193949,-0.739899,0.324241,-0.044796
1.940000,-0.152467,-0.124611,-0.192925,-0.742106,0.323426,-0.044572
1.950000,-0.151671,-0.123970,-0.191906,-0.744301,0.322615,-0.044349
1.960000,-0.150880,-0.123333,-0.190894,-0.746484,0.321806,-0.044127
1.970000,-0.150094,-0.122700,-0.189887,-0.748656,0.321000,-0.043906
1.980000,-0.149312,-0.122069,-0.188887,-0.750816,0.320197,-0.043686
1.990000,-0.148534,-0.121443,-0.187892,-0.752964,0.319397,-0.043467
2.000000,-0.147761,-0.120819,-0.186903,-0.755101,0.318599,-0.043250
2.010000,-0.146992,-0.120199,-0.185920,-0.757226,0.317804,-0.043033
2.020000,-0.146228,-0.119583,-0.184942,-0.759339,0.317012,-0.042818
2.030000,-0.145467,-0.118969,-0.183970,-0.761441,0.316223,-0.042603
2.040000,-0.144711,-0.118359,-0.183004,-0.763532,0.315436,-0.042390
2.050000,-0.143960,-0.117753,-0.182043,-0.765611,0.314652,-0.042178
2.060000,-0.143212,-0.117149,-0.181088,-0.767679,0.313871,-0.041967
2.070000,-0.142469,-0.116549,-0.180138,-0.769736,0.313093,-0.041757
2.080000,-0.141730,-0.115952,-0.179194,-0.771781,0.312317,-0.041548
2.090000,-0.140994,-0.115358,-0.178255,-0.773815,0.311544,-0.041340
2.100000,-0.140263,-0.114768,-0.177322,-0.775838,0.310773,-0.041133
2.110000,-0.139537,-0.114181,-0.176394,-0.777850,0.310005,-0.040927
2.120000,-0.138814,-0.113596,-0.175471,-0.779851,0.309240,-0.040722
2.130000,-0.138095,-0.113015,-0.174554,-0.781841,0.308477,-0.040518
2.140000,-0.137380,-0.112437,-0.173642,-0.783820,0.307717,-0.040316
2.150000,-0.136669,-0.111863,-0.172735,-0.785788,0.306960,-0.040114
2.160000,-0.135962,-0.111291,-0.171833,-0.787745,0.306205,-0.039913
2.170000,-0.135259,-0.110722,-0.170936,-0.789691,0.305452,-0.039714
2.180000,-0.134560,-0.110157,-0.170044,-0.791627,0.304702,-0.039515
2.190000,-0.133865,-0.109594,-0.169158,-0.793552,0.303955,-0.039317
2.200000,-0.133174,-0.109034,-0.168276,-0.795466,0.303210,-0.039121
2.210000,-0.132486,-0.108478,-0.167399,-0.797369,0.302467,-0.038925
2.220000,-0.131802,-0.107924,-0.166528,-0.799262,0.301728,-0.038730
2.230000,-0.131122,-0.107373,-0.165661,-0.801145,0.300990,-0.038536
2.240000,-0.130446,-0.106826,-0.164799,-0.803017,0.300255,-0.038344
2.250000,-0.129773,-0.106281,-0.163942,-0.804878,0.299522,-0.038152
2.260000,-0.129105,-0.105739,-0.163090,-0.806729,0.298792,-0.037961
2.270000,-0.128439,-0.105200,-0.162243,-0.808570,0.298064,-0.037771
2.280000,-0.127778,-0.104664,-0.161400,-0.810400,0.297339,-0.037582
2.290000,-0.127120,-0.104130,-0.160562,-0.812220,0.296616,-0.037394
2.300000,-0.126465,-0.103600,-0.159729,-0.814030,0.295895,-0.037207
2.310000,-0.125815,-0.103072,-0.158900,-0.815830,0.295177,-0.037021
2.320000,-0.125167,-0.102547,-0.158076,-0.817620,0.294461,-0.036836
2.330000,-0.124524,-0.102025,-0.157257,-0.819399,0.293748,-0.036652
2.340000,-0.123884,-0.101506,-0.156442,-0.821169,0.293036,-0.036468
2.350000,-0.123247,-0.100989,-0.155632,-0.822928,0.292327,-0.036286
2.360000,-0.122614,-0.100475,-0.154826,-0.824678,0.291621,-0.036105
2.370000,-0.121984,-0.099964,-0.154025,-0.826417,0.290916,-0.035924
2.380000,-0.121358,-0.099456,-0.153228,-0.828147,0.290214,-0.035744
2.390000,-0.120735,-0.098950,-0.152435,-0.829867,0.289515,-0.035566
2.400000,-0.120115,-0.098447,-0.151647,-0.831577,0.288817,-0.035388
2.410000,-0.119499,-0.097946,-0.150864,-0.833278,0.288122,-0.035211
2.420000,-0.118886,-0.097449,-0.150084,-0.834969,0.287429,-0.035035
2.430000,-0.118276,-0.096953,-0.149309,-0.836650,0.286738,-0.034860
2.440000,-0.117670,-0.096461,-0.148539,-0.838322,0.286049,-0.034685
2.450000,-0.117067,-0.095971,-0.147772,-0.839984,0.285363,-0.034512
2.460000,-0.116467,-0.095483,-0.147010,-0.841637,0.284678,-0.034340
2.470000,-0.115871,-0.094999,-0.146252,-0.843280,0.283996,-0.034168
2.480000,-0.115277,-0.094516,-0.145498,-0.844914,0.283316,-0.033997
2.490000,-0.114687,-0.094037,-0.144748,-0.846538,0.282639,-0.033827
2.500000,-0.114100,-0.093559,-0.144002,-0.848153,0.281963,-0.033658
2.510000,-0.113517,-0.093085,-0.143260,-0.849759,0.281290,-0.033490
2.520000,-0.112936,-0.092612,-0.142523,-0.851356,0.280618,-0.033322
2.530000,-0.112358,-0.092143,-0.141789,-0.852944,0.279949,-0.033156
2.540000,-0.111784,-0.091675,-0.141060,-0.854522,0.279282,-0.032990
2.550000,-0.111213,-0.091210,-0.140334,-0.856091,0.278617,-0.032825
2.560000,-0.110644,-0.090748,-0.139613,-0.857652,0.277954,-0.032661
2.570000,-0.110079,-0.090288,-0.138895,-0.859203,0.277293,-0.032498
2.580000,-0.109517,-0.089830,-0.138181,-0.860745,0.276634,-0.032335
2.590000,-0.108958,-0.089375,-0.137471,-0.862279,0.275978,-0.032174
2.600000,-0.108401,-0.088922,-0.136765,-0.863803,0.275323,-0.032013
2.610000,-0.107848,-0.088472,-0.136063,-0.865319,0.274670,-0.031853
2.620000,-0.107298,-0.088024,-0.135365,-0.866826,0.274020,-0.031694
2.630000,-0.106750,-0.087578,-0.134670,-0.868324,0.273371,-0.031535
2.640000,-0.106206,-0.087135,-0.133979,-0.869814,0.272724,-0.031378
2.650000,-0.105664,-0.086694,-0.133292,-0.871295,0.272080,-0.031221
2.660000,-0.105126,-0.086255,-0.132609,-0.872767,0.271437,-0.031065
2.670000,-0.104590,-0.085818,-0.131929,-0.874231,0.270796,-0.030910
2.680000,-0.104057,-0.085384,-0.131253,-0.875686,0.270158,-0.030755
2.690000,-0.103527,-0.084952,-0.130581,-0.877133,0.269521,-0.030602
2.700000,-0.102999,-0.084522,-0.129912,-0.878571,0.268886,-0.030449
2.710000,-0.102475,-0.084095,-0.129247,-0.880001,0.268253,-0.030297
2.720000,-0.101953,-0.083669,-0.128585,-0.881422,0.267622,-0.030145
2.730000,-0.101434,-0.083246,-0.127927,-0.882836,0.266993,-0.029995
2.740000,-0.100918,-0.082825,-0.127273,-0.884241,0.266366,-0.029845
2.750000,-0.100404,-0.082407,-0.126622,-0.885638,0.265741,-0.029696
2.760000,-0.099894,-0.081990,-0.125974,-0.887026,0.265118,-0.029547
2.770000,-0.099386,-0.081576,-0.125330,-0.888407,0.264497,-0.029400
2.780000,-0.098880,-0.081163,-0.124690,-0.889779,0.263877,-0.029253
2.790000,-0.098377,-0.080753,-0.124053,-0.891143,0.263259,-0.029107
2.800000,-0.097877,-0.080345,-0.123419,-0.892500,0.262644,-0.028961
2.810000,-0.097380,-0.079940,-0.122789,-0.893848,0.262030,-0.028817
2.820000,-0.096885,-0.079536,-0.122162,-0.895188,0.261418,-0.028673
2.830000,-0.096393,-0.079134,-0.121538,-0.896521,0.260808,-0.028529
2.840000,-0.095903,-0.078735,-0.120918,-0.897846,0.260199,-0.028387
2.850000,-0.095416,-0.078337,-0.120301,-0.899163,0.259593,-0.028245
2.860000,-0.094932,-0.077942,-0.119687,-0.900472,0.258988,-0.028104
2.870000,-0.094450,-0.077548,-0.119077,-0.901773,0.258385,-0.027964
2.880000,-0.093970,-0.077157,-0.118470,-0.903067,0.257784,-0.027824
2.890000,-0.093493,-0.076767,-0.117866,-0.904353,0.257184,-0.027685
2.900000,-0.093019,-0.076380,-0.117265,-0.905631,0.256587,-0.027547
2.910000,-0.092547,-0.075995,-0.116668,-0.906902,0.255991,-0.027409
2.920000,-0.092078,-0.075611,-0.116073,-0.908166,0.255397,-0.027272
2.930000,-0.091611,-0.075230,-0.115482,-0.909422,0.254804,-0.027136
2.940000,-0.091146,-0.074851,-0.114894,-0.910670,0.254214,-0.027000
2.950000,-0.090684,-0.074473,-0.114309,-0.911911,0.253625,-0.026865
2.960000,-0.090224,-0.074098,-0.113727,-0.913145,0.253038,-0.026731
2.970000,-0.089767,-0.073724,-0.113148,-0.914371,0.252453,-0.026598
2.980000,-0.089312,-0.073352,-0.112573,-0.915590,0.251869,-0.026465
2.990000,-0.088860,-0.072983,-0.112000,-0.916802,0.251287,-0.026333
3.000000,-0.088410,-0.072615,-0.111430,-0.918007,0.250707,-0.026201
3.010000,-0.087962,-0.072249,-0.110864,-0.919204,0.250128,-0.026070
3.020000,-0.087516,-0.071885,-0.110300,-0.920394,0.249551,-0.025940
3.030000,-0.087073,-0.071522,-0.109739,-0.921578,0.248976,-0.025811
3.040000,-0.086633,-0.071162,-0.109182,-0.922754,0.248403,-0.025682
3.050000,-0.086194,-0.070804,-0.108627,-0.923923,0.247831,-0.025553
3.060000,-0.085758,-0.070447,-0.108075,-0.925085,0.247261,-0.025426
3.070000,-0.085324,-0.070092,-0.107526,-0.926240,0.246692,-0.025299
3.080000,-0.084892,-0.069739,-0.106980,-0.927388,0.246125,-0.025173
3.090000,-0.084463,-0.069388,-0.106437,-0.928530,0.245560,-0.025047
3.100000,-0.084035,-0.069039,-0.105897,-0.929664,0.244997,-0.024922
3.110000,-0.083610,-0.068691,-0.105359,-0.930792,0.244435,-0.024797
3.120000,-0.083188,-0.068345,-0.104824,-0.931913,0.243874,-0.024673
3.130000,-0.082767,-0.068001,-0.104293,-0.933028,0.243315,-0.024550
3.140000,-0.082349,-0.067659,-0.103763,-0.934135,0.242758,-0.024428
3.150000,-0.081932,-0.067318,-0.103237,-0.935236,0.242203,-0.024306
3.160000,-0.081518,-0.066980,-0.102714,-0.936331,0.241649,-0.024184
3.170000,-0.081106,-0.066643,-0.102193,-0.937418,0.241096,-0.024064
3.180000,-0.080697,-0.066307,-0.101675,-0.938500,0.240546,-0.023943
3.190000,-0.080289,-0.065974,-0.101159,-0.939574,0.239996,-0.023824
3.200000,-0.079883,-0.065642,-0.100647,-0.940643,0.239449,-0.023705
3.210000,-0.079480,-0.065312,-0.100137,-0.941704,0.238903,-0.023587
3.220000,-0.079078,-0.064983,-0.099629,-0.942760,0.238358,-0.023469
3.230000,-0.078679,-0.064656,-0.099125,-0.943809,0.237815,-0.023352
3.240000,-0.078282,-0.064331,-0.098623,-0.944852,0.237274,-0.023235
3.250000,-0.077887,-0.064008,-0.098123,-0.945888,0.236734,-0.023119
3.260000,-0.077494,-0.063686,-0.097626,-0.946918,0.236195,-0.023004
3.270000,-0.077103,-0.063366,-0.097132,-0.947942,0.235658,-0.022889
3.280000,-0.076713,-0.063047,-0.096641,-0.948960,0.235123,-0.022774
3.290000,-0.076326,-0.062730,-0.096152,-0.949972,0.234589,-0.022661
3.300000,-0.075941,-0.062415,-0.095665,-0.950977,0.234057,-0.022548
3.310000,-0.075558,-0.062101,-0.095181,-0.951977,0.233526,-0.022435
3.320000,-0.075177,-0.061789,-0.094699,-0.952970,0.232996,-0.022323
3.330000,-0.074798,-0.061479,-0.094220,-0.953958,0.232468,-0.022212
3.340000,-0.074421,-0.061170,-0.093744,-0.954939,0.231942,-0.022101
3.350000,-0.074045,-0.060862,-0.093270,-0.955915,0.231417,-0.021990
3.360000,-0.073672,-0.060557,-0.092798,-0.956884,0.230893,-0.021881
3.370000,-0.073301,-0.060252,-0.092329,-0.957848,0.230371,-0.021771
3.380000,-0.072931,-0.059950,-0.091863,-0.958805,0.229851,-0.021663
3.390000,-0.072564,-0.059648,-0.091398,-0.959757,0.229332,-0.021554
3.400000,-0.072198,-0.059349,-0.090936,-0.960704,0.228814,-0.021447
3.410000,-0.071834,-0.059051,-0.090477,-0.961644,0.228298,-0.021340
3.420000,-0.071472,-0.058754,-0.090020,-0.962579,0.227783,-0.021233
3.430000,-0.071112,-0.058459,-0.089565,-0.963508,0.227269,-0.021127
3.440000,-0.070754,-0.058166,-0.089113,-0.964431,0.226757,-0.021022
3.450000,-0.070397,-0.057874,-0.088663,-0.965349,0.226247,-0.020917
3.460000,-0.070043,-0.057583,-0.088215,-0.966261,0.225737,-0.020812
3.470000,-0.069690,-0.057294,-0.087770,-0.967168,0.225230,-0.020709
3.480000,-0.069339,-0.057006,-0.087327,-0.968069,0.224723,-0.020605
3.490000,-0.068990,-0.056720,-0.086886,-0.968964,0.224218,-0.020502
3.500000,-0.068643,-0.056436,-0.086447,-0.969855,0.223715,-0.020400
3.510000,-0.068297,-0.056152,-0.086011,-0.970739,0.223212,-0.020298
3.520000,-0.067953,-0.055870,-0.085577,-0.971618,0.222711,-0.020197
3.530000,-0.067611,-0.055590,-0.085145,-0.972492,0.222212,-0.020096
3.540000,-0.067271,-0.055311,-0.084716,-0.973361,0.221714,-0.019996
3.550000,-0.066933,-0.055034,-0.084289,-0.974224,0.221217,-0.019896
3.560000,-0.066596,-0.054757,-0.083864,-0.975082,0.220722,-0.019797
3.570000,-0.066261,-0.054483,-0.083441,-0.975935,0.220227,-0.019698
3.580000,-0.065927,-0.054209,-0.083020,-0.976782,0.219735,-0.019599
3.590000,-0.065596,-0.053937,-0.082601,-0.977625,0.219243,-0.019502
3.600000,-0.065266,-0.053667,-0.082185,-0.978462,0.218753,-0.019404
3.610000,-0.064937,-0.053398,-0.081771,-0.979294,0.218264,-0.019307
3.620000,-0.064611,-0.053130,-0.081359,-0.980121,0.217777,-0.019211
3.630000,-0.064286,-0.052863,-0.080949,-0.980943,0.217291,-0.019115
3.640000,-0.063963,-0.052598,-0.080541,-0.981759,0.216806,-0.019020
3.650000,-0.063641,-0.052334,-0.080135,-0.982571,0.216322,-0.018925
3.660000,-0.063321,-0.052072,-0.079731,-0.983378,0.215840,-0.018830
3.670000,-0.063003,-0.051811,-0.079329,-0.984180,0.215359,-0.018736
3.680000,-0.062686,-0.051551,-0.078930,-0.984977,0.214880,-0.018643
3.690000,-0.062371,-0.051293,-0.078532,-0.985769,0.214401,-0.018550
3.700000,-0.062058,-0.051036,-0.078137,-0.986556,0.213924,-0.018457
3.710000,-0.061746,-0.050780,-0.077743,-0.987338,0.213449,-0.018365
3.720000,-0.061435,-0.050525,-0.077352,-0.988116,0.212974,-0.018274
3.730000,-0.061127,-0.050272,-0.076963,-0.988888,0.212501,-0.018182
3.740000,-0.060820,-0.050020,-0.076575,-0.989656,0.212029,-0.018092
3.750000,-0.060514,-0.049769,-0.076190,-0.990419,0.211558,-0.018001
3.760000,-0.060210,-0.049520,-0.075806,-0.991178,0.211089,-0.017911
3.770000,-0.059908,-0.049272,-0.075425,-0.991932,0.210620,-0.017822
3.780000,-0.059607,-0.049025,-0.075045,-0.992681,0.210153,-0.017733
3.790000,-0.059307,-0.048779,-0.074668,-0.993426,0.209688,-0.017645
3.800000,-0.059009,-0.048534,-0.074292,-0.994166,0.209223,-0.017557
3.810000,-0.058713,-0.048291,-0.073918,-0.994901,0.208760,-0.017469
3.820000,-0.058418,-0.048049,-0.073546,-0.995632,0.208298,-0.017382
3.830000,-0.058125,-0.047809,-0.073176,-0.996358,0.207837,-0.017295
3.840000,-0.057833,-0.047569,-0.072808,-0.997080,0.207377,-0.017209
3.850000,-0.057543,-0.047331,-0.072442,-0.997797,0.206919,-0.017123
3.860000,-0.057254,-0.047094,-0.072078,-0.998510,0.206462,-0.017037
3.870000,-0.056966,-0.046858,-0.071715,-0.999219,0.206006,-0.016952
3.880000,-0.056680,-0.046623,-0.071355,-0.999923,0.205551,-0.016868
3.890000,-0.056396,-0.046389,-0.070996,-1.000623,0.205097,-0.016784
3.900000,-0.056113,-0.046157,-0.070639,-1.001318,0.204645,-0.016700
3.910000,-0.055831,-0.045926,-0.070284,-1.002010,0.204193,-0.016616
3.920000,-0.055551,-0.045696,-0.069931,-1.002696,0.203743,-0.016534
3.930000,-0.055272,-0.045467,-0.069579,-1.003379,0.203294,-0.016451
3.940000,-0.054995,-0.045239,-0.069230,-1.004058,0.202847,-0.016369
3.950000,-0.054719,-0.045013,-0.068882,-1.004732,0.202400,-0.016287
3.960000,-0.054444,-0.044787,-0.068536,-1.005402,0.201955,-0.016206
3.970000,-0.054171,-0.044563,-0.068191,-1.006068,0.201511,-0.016125
3.980000,-0.053900,-0.044340,-0.067849,-1.006729,0.201067,-0.016045
3.990000,-0.053629,-0.044118,-0.067508,-1.007387,0.200626,-0.015965
4.000000,-0.053360,-0.043897,-0.067169,-1.008041,0.200185,-0.015885
4.010000,-0.053093,-0.043677,-0.066831,-1.008690,0.199745,-0.015806
4.020000,-0.052826,-0.043459,-0.066496,-1.009335,0.199307,-0.015727
4.030000,-0.052561,-0.043241,-0.066162,-1.009977,0.198869,-0.015648
4.040000,-0.052298,-0.043025,-0.065829,-1.010614,0.198433,-0.015570
4.050000,-0.052036,-0.042809,-0.065499,-1.011248,0.197998,-0.015493
4.060000,-0.051775,-0.042595,-0.065170,-1.011877,0.197564,-0.015415
4.070000,-0.051515,-0.042382,-0.064843,-1.012503,0.197131,-0.015338
4.080000,-0.051257,-0.042170,-0.064517,-1.013125,0.196699,-0.015262
4.090000,-0.051000,-0.041959,-0.064193,-1.013743,0.196269,-0.015186
4.100000,-0.050744,-0.041749,-0.063871,-1.014357,0.195839,-0.015110
4.110000,-0.050490,-0.041540,-0.063550,-1.014967,0.195411,-0.015034
4.120000,-0.050237,-0.041332,-0.063231,-1.015573,0.194983,-0.014959
4.130000,-0.049985,-0.041125,-0.062914,-1.016176,0.194557,-0.014885
4.140000,-0.049734,-0.040919,-0.062598,-1.016775,0.194132,-0.014811
4.150000,-0.049485,-0.040714,-0.062284,-1.017370,0.193708,-0.014737
4.160000,-0.049237,-0.040511,-0.061972,-1.017961,0.193285,-0.014663
4.170000,-0.048990,-0.040308,-0.061661,-1.018549,0.192863,-0.014590
4.180000,-0.048745,-0.040106,-0.061351,-1.019133,0.192442,-0.014517
4.190000,-0.048500,-0.039906,-0.061044,-1.019714,0.192022,-0.014445
4.200000,-0.048257,-0.039706,-0.060737,-1.020291,0.191604,-0.014373
4.210000,-0.048016,-0.039507,-0.060433,-1.020864,0.191186,-0.014301
4.220000,-0.047775,-0.039310,-0.060129,-1.021433,0.190769,-0.014230
4.230000,-0.047536,-0.039113,-0.059828,-1.021999,0.190354,-0.014159
4.240000,-0.047298,-0.038917,-0.059528,-1.022562,0.189939,-0.014088
4.250000,-0.047061,-0.038723,-0.059229,-1.023121,0.189526,-0.014018
4.260000,-0.046825,-0.038529,-0.058932,-1.023677,0.189114,-0.013948
4.270000,-0.046590,-0.038336,-0.058637,-1.024229,0.188702,-0.013878
4.280000,-0.046357,-0.038144,-0.058343,-1.024777,0.188292,-0.013809
4.290000,-0.046125,-0.037954,-0.058050,-1.025322,0.187883,-0.013740
4.300000,-0.045894,-0.037764,-0.057759,-1.025864,0.187475,-0.013671
4.310000,-0.045664,-0.037575,-0.057469,-1.026403,0.187067,-0.013603
4.320000,-0.045435,-0.037387,-0.057181,-1.026938,0.186661,-0.013535
4.330000,-0.045208,-0.037200,-0.056895,-1.027469,0.186256,-0.013468
4.340000,-0.044981,-0.037014,-0.056609,-1.027998,0.185852,-0.013401
4.350000,-0.044756,-0.036829,-0.056326,-1.028523,0.185449,-0.013334
4.360000,-0.044532,-0.036645,-0.056043,-1.029044,0.185047,-0.013267
4.370000,-0.044309,-0.036461,-0.055762,-1.029563,0.184646,-0.013201
4.380000,-0.044087,-0.036279,-0.055483,-1.030078,0.184246,-0.013135
4.390000,-0.043866,-0.036098,-0.055205,-1.030590,0.183846,-0.013070
4.400000,-0.043647,-0.035917,-0.054928,-1.031099,0.183448,-0.013004
4.410000,-0.043428,-0.035737,-0.054653,-1.031604,0.183051,-0.012940
4.420000,-0.043211,-0.035559,-0.054379,-1.032107,0.182655,-0.012875
4.430000,-0.042994,-0.035381,-0.054107,-1.032606,0.182260,-0.012811
4.440000,-0.042779,-0.035204,-0.053835,-1.033102,0.181866,-0.012747
4.450000,-0.042565,-0.035028,-0.053566,-1.033595,0.181473,-0.012683
4.460000,-0.042352,-0.034853,-0.053297,-1.034085,0.181081,-0.012620
4.470000,-0.042140,-0.034679,-0.053030,-1.034572,0.180689,-0.012557
4.480000,-0.041929,-0.034505,-0.052765,-1.035056,0.180299,-0.012494
4.490000,-0.041719,-0.034333,-0.052500,-1.035537,0.179910,-0.012432
4.500000,-0.041510,-0.034161,-0.052237,-1.036014,0.179522,-0.012370
4.510000,-0.041303,-0.033990,-0.051976,-1.036489,0.179134,-0.012308
4.520000,-0.041096,-0.033820,-0.051715,-1.036961,0.178748,-0.012247
4.530000,-0.040890,-0.033651,-0.051456,-1.037430,0.178362,-0.012186
4.540000,-0.040686,-0.033483,-0.051199,-1.037895,0.177978,-0.012125
4.550000,-0.040482,-0.033316,-0.050942,-1.038358,0.177594,-0.012064
4.560000,-0.040280,-0.033149,-0.050687,-1.038818,0.177212,-0.012004
4.570000,-0.040078,-0.032984,-0.050433,-1.039276,0.176830,-0.011944
4.580000,-0.039878,-0.032819,-0.050181,-1.039730,0.176450,-0.011885
4.590000,-0.039678,-0.032655,-0.049929,-1.040181,0.176070,-0.011826
4.600000,-0.039480,-0.032492,-0.049679,-1.040630,0.175691,-0.011767
4.610000,-0.039282,-0.032329,-0.049431,-1.041075,0.175313,-0.011708
4.620000,-0.039085,-0.032168,-0.049183,-1.041518,0.174936,-0.011649
4.630000,-0.038890,-0.032007,-0.048937,-1.041958,0.174560,-0.011591
4.640000,-0.038695,-0.031847,-0.048692,-1.042396,0.174185,-0.011533
4.650000,-0.038502,-0.031688,-0.048448,-1.042830,0.173811,-0.011476
4.660000,-0.038309,-0.031529,-0.048206,-1.043262,0.173437,-0.011419
4.670000,-0.038118,-0.031372,-0.047964,-1.043691,0.173065,-0.011362
4.680000,-0.037927,-0.031215,-0.047724,-1.044118,0.172694,-0.011305
4.690000,-0.037737,-0.031059,-0.047485,-1.044542,0.172323,-0.011249
4.700000,-0.037549,-0.030904,-0.047248,-1.044963,0.171953,-0.011193
4.710000,-0.037361,-0.030749,-0.047011,-1.045381,0.171585,-0.011137
4.720000,-0.037174,-0.030596,-0.046776,-1.045797,0.171217,-0.011081
4.730000,-0.036988,-0.030443,-0.046542,-1.046210,0.170850,-0.011026
4.740000,-0.036803,-0.030291,-0.046309,-1.046621,0.170484,-0.010971
4.750000,-0.036619,-0.030139,-0.046077,-1.047029,0.170119,-0.010916
4.760000,-0.036436,-0.029989,-0.045847,-1.047434,0.169754,-0.010862
4.770000,-0.036254,-0.029839,-0.045617,-1.047837,0.169391,-0.010807
4.780000,-0.036072,-0.029690,-0.045389,-1.048237,0.169028,-0.010754
4.790000,-0.035892,-0.029542,-0.045162,-1.048635,0.168667,-0.010700
4.800000,-0.035712,-0.029394,-0.044936,-1.049030,0.168306,-0.010647
4.810000,-0.035534,-0.029247,-0.044711,-1.049423,0.167946,-0.010593
4.820000,-0.035356,-0.029101,-0.044487,-1.049813,0.167587,-0.010541
4.830000,-0.035179,-0.028956,-0.044265,-1.050201,0.167229,-0.010488
4.840000,-0.035004,-0.028811,-0.044043,-1.050586,0.166872,-0.010436
4.850000,-0.034829,-0.028667,-0.043823,-1.050969,0.166515,-0.010384
4.860000,-0.034654,-0.028524,-0.043604,-1.051350,0.166160,-0.010332
4.870000,-0.034481,-0.028381,-0.043386,-1.051728,0.165805,-0.010280
4.880000,-0.034309,-0.028239,-0.043169,-1.052103,0.165451,-0.010229
4.890000,-0.034137,-0.028098,-0.042953,-1.052477,0.165098,-0.010178
4.900000,-0.033967,-0.027958,-0.042738,-1.052848,0.164746,-0.010127
4.910000,-0.033797,-0.027818,-0.042524,-1.053216,0.164394,-0.010077
4.920000,-0.033628,-0.027679,-0.042311,-1.053583,0.164044,-0.010026
4.930000,-0.033460,-0.027541,-0.042100,-1.053947,0.163694,-0.009976
4.940000,-0.033293,-0.027404,-0.041889,-1.054308,0.163345,-0.009927
4.950000,-0.033126,-0.027267,-0.041680,-1.054668,0.162998,-0.009877
4.960000,-0.032961,-0.027131,-0.041471,-1.055025,0.162650,-0.009828
4.970000,-0.032796,-0.026995,-0.041264,-1.055380,0.162304,-0.009779
4.980000,-0.032632,-0.026860,-0.041057,-1.055732,0.161959,-0.009730
4.990000,-0.032469,-0.026726,-0.040852,-1.056083,0.161614,-0.009681
5.000000,-0.032307,-0.026593,-0.040648,-1.056431,0.161270,-0.009633
5.010000,-0.032145,-0.026460,-0.040445,-1.056777,0.160927,-0.009585
5.020000,-0.031984,-0.026328,-0.040242,-1.057121,0.160585,-0.009537
5.030000,-0.031825,-0.026196,-0.040041,-1.057462,0.160244,-0.009490
5.040000,-0.031665,-0.026065,-0.039841,-1.057802,0.159903,-0.009442
5.050000,-0.031507,-0.025935,-0.039642,-1.058139,0.159563,-0.009395
5.060000,-0.031350,-0.025806,-0.039443,-1.058474,0.159224,-0.009348
5.070000,-0.031193,-0.025677,-0.039246,-1.058807,0.158886,-0.009302
5.080000,-0.031037,-0.025548,-0.039050,-1.059138,0.158549,-0.009255
5.090000,-0.030882,-0.025421,-0.038855,-1.059467,0.158212,-0.009209
5.100000,-0.030728,-0.025294,-0.038661,-1.059793,0.157876,-0.009163
5.110000,-0.030574,-0.025168,-0.038467,-1.060118,0.157542,-0.009118
5.120000,-0.030422,-0.025042,-0.038275,-1.060441,0.157207,-0.009072
5.130000,-0.030270,-0.024917,-0.038084,-1.060761,0.156874,-0.009027
5.140000,-0.030118,-0.024792,-0.037893,-1.061080,0.156541,-0.008982
5.150000,-0.029968,-0.024669,-0.037704,-1.061396,0.156210,-0.008937
5.160000,-0.029818,-0.024545,-0.037515,-1.061711,0.155879,-0.008892
5.170000,-0.029669,-0.024423,-0.037328,-1.062023,0.155548,-0.008848
5.180000,-0.029521,-0.024301,-0.037141,-1.062334,0.155219,-0.008804
5.190000,-0.029373,-0.024180,-0.036956,-1.062642,0.154890,-0.008760
5.200000,-0.029227,-0.024059,-0.036771,-1.062949,0.154562,-0.008716
5.210000,-0.029081,-0.023939,-0.036587,-1.063253,0.154235,-0.008673
5.220000,-0.028935,-0.023819,-0.036404,-1.063556,0.153909,-0.008630
5.230000,-0.028791,-0.023700,-0.036222,-1.063857,0.153583,-0.008587
5.240000,-0.028647,-0.023582,-0.036041,-1.064156,0.153258,-0.008544
5.250000,-0.028504,-0.023464,-0.035861,-1.064453,0.152934,-0.008501
5.260000,-0.028361,-0.023347,-0.035682,-1.064748,0.152611,-0.008459
5.270000,-0.028220,-0.023230,-0.035504,-1.065041,0.152289,-0.008416
5.280000,-0.028079,-0.023114,-0.035326,-1.065332,0.151967,-0.008374
5.290000,-0.027939,-0.022999,-0.035150,-1.065622,0.151646,-0.008333
5.300000,-0.027799,-0.022884,-0.034974,-1.065909,0.151325,-0.008291
5.310000,-0.027660,-0.022770,-0.034799,-1.066195,0.151006,-0.008250
5.320000,-0.027522,-0.022656,-0.034625,-1.066479,0.150687,-0.008209
5.330000,-0.027384,-0.022543,-0.034452,-1.066761,0.150369,-0.008168
5.340000,-0.027248,-0.022431,-0.034280,-1.067042,0.150052,-0.008127
5.350000,-0.027112,-0.022319,-0.034109,-1.067320,0.149735,-0.008086
5.360000,-0.026976,-0.022207,-0.033938,-1.067597,0.149419,-0.008046
5.370000,-0.026841,-0.022096,-0.033769,-1.067872,0.149104,-0.008006
5.380000,-0.026707,-0.021986,-0.033600,-1.068146,0.148790,-0.007966
5.390000,-0.026574,-0.021876,-0.033432,-1.068417,0.148476,-0.007926
5.400000,-0.026441,-0.021767,-0.033265,-1.068687,0.148163,-0.007887
5.410000,-0.026309,-0.021658,-0.033099,-1.068955,0.147851,-0.007847
5.420000,-0.026178,-0.021550,-0.032934,-1.069222,0.147540,-0.007808
5.430000,-0.026047,-0.021443,-0.032769,-1.069486,0.147229,-0.007769
5.440000,-0.025917,-0.021336,-0.032605,-1.069749,0.146919,-0.007731
5.450000,-0.025788,-0.021229,-0.032443,-1.070011,0.146610,-0.007692
5.460000,-0.025659,-0.021123,-0.032280,-1.070270,0.146301,-0.007654
5.470000,-0.025531,-0.021018,-0.032119,-1.070529,0.145993,-0.007615
5.480000,-0.025403,-0.020913,-0.031959,-1.070785,0.145686,-0.007577
5.490000,-0.025276,-0.020808,-0.031799,-1.071040,0.145380,-0.007540
5.500000,-0.025150,-0.020705,-0.031640,-1.071293,0.145074,-0.007502
5.510000,-0.025024,-0.020601,-0.031482,-1.071544,0.144769,-0.007465
5.520000,-0.024899,-0.020498,-0.031325,-1.071794,0.144465,-0.007427
5.530000,-0.024775,-0.020396,-0.031168,-1.072043,0.144161,-0.007390
5.540000,-0.024651,-0.020294,-0.031013,-1.072290,0.143858,-0.007353
5.550000,-0.024528,-0.020193,-0.030858,-1.072535,0.143556,-0.007317
5.560000,-0.024406,-0.020092,-0.030704,-1.072778,0.143255,-0.007280
5.570000,-0.024284,-0.019992,-0.030550,-1.073021,0.142954,-0.007244
5.580000,-0.024163,-0.019892,-0.030398,-1.073261,0.142654,-0.007208
5.590000,-0.024042,-0.019793,-0.030246,-1.073500,0.142354,-0.007172
5.600000,-0.023922,-0.019694,-0.030095,-1.073738,0.142056,-0.007136
5.610000,-0.023803,-0.019596,-0.029945,-1.073974,0.141757,-0.007101
5.620000,-0.023684,-0.019498,-0.029795,-1.074208,0.141460,-0.007065
5.630000,-0.023565,-0.019401,-0.029646,-1.074441,0.141163,-0.007030
5.640000,-0.023448,-0.019304,-0.029498,-1.074673,0.140867,-0.006995
5.650000,-0.023331,-0.019207,-0.029351,-1.074903,0.140572,-0.006960
5.660000,-0.023214,-0.019111,-0.029204,-1.075131,0.140277,-0.006925
5.670000,-0.023098,-0.019016,-0.029058,-1.075358,0.139983,-0.006891
5.680000,-0.022983,-0.018921,-0.028913,-1.075584,0.139690,-0.006856
5.690000,-0.022868,-0.018827,-0.028769,-1.075808,0.139398,-0.006822
5.700000,-0.022754,-0.018733,-0.028625,-1.076031,0.139106,-0.006788
5.710000,-0.022640,-0.018639,-0.028482,-1.076252,0.138814,-0.006754
5.720000,-0.022527,-0.018546,-0.028340,-1.076472,0.138524,-0.006721
5.730000,-0.022415,-0.018454,-0.028198,-1.076691,0.138234,-0.006687
5.740000,-0.022303,-0.018362,-0.028058,-1.076908,0.137944,-0.006654
5.750000,-0.022192,-0.018270,-0.027917,-1.077124,0.137656,-0.006620
5.760000,-0.022081,-0.018179,-0.027778,-1.077338,0.137368,-0.006587
5.770000,-0.021971,-0.018088,-0.027639,-1.077551,0.137080,-0.006555
5.780000,-0.021861,-0.017998,-0.027501,-1.077763,0.136794,-0.006522
5.790000,-0.021752,-0.017908,-0.027364,-1.077973,0.136508,-0.006489
5.800000,-0.021643,-0.017819,-0.027227,-1.078182,0.136222,-0.006457
5.810000,-0.021535,-0.017730,-0.027091,-1.078390,0.135938,-0.006425
5.820000,-0.021428,-0.017641,-0.026956,-1.078596,0.135654,-0.006393
5.830000,-0.021321,-0.017553,-0.026822,-1.078801,0.135370,-0.006361
5.840000,-0.021214,-0.017466,-0.026688,-1.079004,0.135087,-0.006329
5.850000,-0.021108,-0.017378,-0.026554,-1.079207,0.134805,-0.006298
5.860000,-0.021003,-0.017292,-0.026422,-1.079408,0.134524,-0.006266
5.870000,-0.020898,-0.017205,-0.026290,-1.079608,0.134243,-0.006235
5.880000,-0.020794,-0.017119,-0.026159,-1.079806,0.133963,-0.006204
5.890000,-0.020690,-0.017034,-0.026028,-1.080003,0.133683,-0.006173
5.900000,-0.020587,-0.016949,-0.025898,-1.080199,0.133404,-0.006142
5.910000,-0.020484,-0.016864,-0.025769,-1.080394,0.133126,-0.006111
5.920000,-0.020382,-0.016780,-0.025640,-1.080588,0.132848,-0.006081
5.930000,-0.020280,-0.016697,-0.025512,-1.080780,0.132571,-0.006051
5.940000,-0.020179,-0.016613,-0.025385,-1.080971,0.132295,-0.006020
5.950000,-0.020078,-0.016530,-0.025258,-1.081161,0.132019,-0.005990
5.960000,-0.019978,-0.016448,-0.025132,-1.081349,0.131744,-0.005961
5.970000,-0.019878,-0.016366,-0.025006,-1.081537,0.131469,-0.005931
5.980000,-0.019779,-0.016284,-0.024882,-1.081723,0.131195,-0.005901
5.990000,-0.019680,-0.016203,-0.024757,-1.081908,0.130922,-0.005872
6.000000,-0.019582,-0.016122,-0.024634,-1.082092,0.130649,-0.005842
6.010000,-0.019484,-0.016042,-0.024511,-1.082274,0.130377,-0.005813
6.020000,-0.019387,-0.015961,-0.024388,-1.082456,0.130105,-0.005784
6.030000,-0.019290,-0.015882,-0.024267,-1.082636,0.129834,-0.005755
6.040000,-0.019194,-0.015803,-0.024145,-1.082815,0.129564,-0.005727
6.050000,-0.019098,-0.015724,-0.024025,-1.082993,0.129294,-0.005698
6.060000,-0.019003,-0.015645,-0.023905,-1.083170,0.129025,-0.005670
6.070000,-0.018908,-0.015567,-0.023786,-1.083346,0.128757,-0.005642
6.080000,-0.018814,-0.015490,-0.023667,-1.083521,0.128489,-0.005613
6.090000,-0.018720,-0.015412,-0.023549,-1.083694,0.128222,-0.005585
6.100000,-0.018626,-0.015335,-0.023431,-1.083867,0.127955,-0.005558
6.110000,-0.018533,-0.015259,-0.023314,-1.084038,0.127689,-0.005530
6.120000,-0.018441,-0.015183,-0.023198,-1.084208,0.127424,-0.005502
6.130000,-0.018349,-0.015107,-0.023082,-1.084377,0.127159,-0.005475
6.140000,-0.018257,-0.015032,-0.022967,-1.084545,0.126895,-0.005447
6.150000,-0.018166,-0.014957,-0.022852,-1.084712,0.126631,-0.005420
6.160000,-0.018075,-0.014882,-0.022738,-1.084878,0.126368,-0.005393
6.170000,-0.017985,-0.014808,-0.022625,-1.085043,0.126105,-0.005366
6.180000,-0.017895,-0.014734,-0.022512,-1.085207,0.125843,-0.005340
6.190000,-0.017806,-0.014660,-0.022399,-1.085369,0.125582,-0.005313
6.200000,-0.017717,-0.014587,-0.022288,-1.085531,0.125321,-0.005286
6.210000,-0.017629,-0.014514,-0.022176,-1.085692,0.125061,-0.005260
6.220000,-0.017541,-0.014442,-0.022066,-1.085851,0.124801,-0.005234
6.230000,-0.017453,-0.014370,-0.021955,-1.086010,0.124542,-0.005208
6.240000,-0.017366,-0.014298,-0.021846,-1.086167,0.124284,-0.005182
6.250000,-0.017280,-0.014227,-0.021737,-1.086324,0.124026,-0.005156
6.260000,-0.017193,-0.014156,-0.021628,-1.086479,0.123769,-0.005130
6.270000,-0.017108,-0.014085,-0.021520,-1.086634,0.123512,-0.005105
6.280000,-0.017022,-0.014015,-0.021413,-1.086788,0.123256,-0.005079
6.290000,-0.016937,-0.013945,-0.021306,-1.086940,0.123001,-0.005054
6.300000,-0.016853,-0.013875,-0.021200,-1.087092,0.122746,-0.005029
6.310000,-0.016769,-0.013806,-0.021094,-1.087242,0.122491,-0.005004
6.320000,-0.016685,-0.013737,-0.020989,-1.087392,0.122237,-0.004979
6.330000,-0.016602,-0.013669,-0.020884,-1.087541,0.121984,-0.004954
6.340000,-0.016519,-0.013601,-0.020780,-1.087689,0.121731,-0.004929
6.350000,-0.016436,-0.013533,-0.020676,-1.087835,0.121479,-0.004904
6.360000,-0.016354,-0.013465,-0.020573,-1.087981,0.121227,-0.004880
6.370000,-0.016273,-0.013398,-0.020470,-1.088126,0.120976,-0.004856
6.380000,-0.016192,-0.013331,-0.020368,-1.088270,0.120726,-0.004831
6.390000,-0.016111,-0.013265,-0.020266,-1.088413,0.120476,-0.004807
6.400000,-0.016030,-0.013198,-0.020165,-1.088556,0.120226,-0.004783
6.410000,-0.015950,-0.013133,-0.020065,-1.088697,0.119978,-0.004759
6.420000,-0.015871,-0.013067,-0.019964,-1.088837,0.119729,-0.004736
6.430000,-0.015792,-0.013002,-0.019865,-1.088977,0.119482,-0.004712
6.440000,-0.015713,-0.012937,-0.019766,-1.089115,0.119234,-0.004689
6.450000,-0.015634,-0.012872,-0.019667,-1.089253,0.118988,-0.004665
6.460000,-0.015556,-0.012808,-0.019569,-1.089390,0.118742,-0.004642
6.470000,-0.015479,-0.012744,-0.019471,-1.089526,0.118496,-0.004619
6.480000,-0.015401,-0.012681,-0.019374,-1.089661,0.118251,-0.004596
6.490000,-0.015325,-0.012617,-0.019277,-1.089795,0.118007,-0.004573
6.500000,-0.015248,-0.012555,-0.019181,-1.089928,0.117763,-0.004550
6.510000,-0.015172,-0.012492,-0.019085,-1.090061,0.117519,-0.004527
6.520000,-0.015096,-0.012430,-0.018990,-1.090192,0.117276,-0.004505
6.530000,-0.015021,-0.012368,-0.018895,-1.090323,0.117034,-0.004482
6.540000,-0.014946,-0.012306,-0.018801,-1.090453,0.116792,-0.004460
6.550000,-0.014872,-0.012244,-0.018707,-1.090582,0.116551,-0.004438
6.560000,-0.014797,-0.012183,-0.018614,-1.090710,0.116310,-0.004416
6.570000,-0.014723,-0.012123,-0.018521,-1.090838,0.116070,-0.004394
6.580000,-0.014650,-0.012062,-0.018429,-1.090964,0.115830,-0.004372
6.590000,-0.014577,-0.012002,-0.018337,-1.091090,0.115591,-0.004350
6.600000,-0.014504,-0.011942,-0.018245,-1.091215,0.115353,-0.004328
6.610000,-0.014432,-0.011882,-0.018154,-1.091339,0.115114,-0.004307
6.620000,-0.014360,-0.011823,-0.018063,-1.091463,0.114877,-0.004285
6.630000,-0.014288,-0.011764,-0.017973,-1.091585,0.114640,-0.004264
6.640000,-0.014217,-0.011706,-0.017884,-1.091707,0.114403,-0.004242
6.650000,-0.014146,-0.011647,-0.017794,-1.091828,0.114167,-0.004221
6.660000,-0.014075,-0.011589,-0.017706,-1.091949,0.113932,-0.004200
6.670000,-0.014005,-0.011531,-0.017617,-1.092068,0.113697,-0.004179
6.680000,-0.013935,-0.011474,-0.017529,-1.092187,0.113462,-0.004158
6.690000,-0.013866,-0.011416,-0.017442,-1.092305,0.113228,-0.004138
6.700000,-0.013797,-0.011359,-0.017355,-1.092422,0.112995,-0.004117
6.710000,-0.013728,-0.011303,-0.017268,-1.092538,0.112762,-0.004097
6.720000,-0.013659,-0.011246,-0.017182,-1.092654,0.112530,-0.004076
6.730000,-0.013591,-0.011190,-0.017096,-1.092769,0.112298,-0.004056
6.740000,-0.013523,-0.011134,-0.017011,-1.092883,0.112066,-0.004036
6.750000,-0.013456,-0.011079,-0.016926,-1.092997,0.111835,-0.004015
6.760000,-0.013389,-0.011024,-0.016842,-1.093110,0.111605,-0.003995
6.770000,-0.013322,-0.010969,-0.016758,-1.093222,0.111375,-0.003975
6.780000,-0.013255,-0.010914,-0.016674,-1.093333,0.111146,-0.003956
6.790000,-0.013189,-0.010860,-0.016591,-1.093444,0.110917,-0.003936
6.800000,-0.013123,-0.010805,-0.016508,-1.093554,0.110688,-0.003916
6.810000,-0.013058,-0.010751,-0.016426,-1.093663,0.110460,-0.003897
6.820000,-0.012993,-0.010698,-0.016344,-1.093771,0.110233,-0.003877
6.830000,-0.012928,-0.010644,-0.016262,-1.093879,0.110006,-0.003858
6.840000,-0.012863,-0.010591,-0.016181,-1.093986,0.109780,-0.003839
6.850000,-0.012799,-0.010539,-0.016100,-1.094093,0.109554,-0.003820
6.860000,-0.012735,-0.010486,-0.016020,-1.094198,0.109328,-0.003801
6.870000,-0.012672,-0.010434,-0.015940,-1.094303,0.109103,-0.003782
6.880000,-0.012609,-0.010382,-0.015861,-1.094408,0.108879,-0.003763
6.890000,-0.012546,-0.010330,-0.015781,-1.094511,0.108655,-0.003744
6.900000,-0.012483,-0.010278,-0.015703,-1.094615,0.108432,-0.003725
6.910000,-0.012421,-0.010227,-0.015624,-1.094717,0.108209,-0.003707
6.920000,-0.012359,-0.010176,-0.015546,-1.094819,0.107986,-0.003688
6.930000,-0.012297,-0.010125,-0.015469,-1.094920,0.107764,-0.003670
6.940000,-0.012236,-0.010075,-0.015392,-1.095020,0.107543,-0.003651
6.950000,-0.012175,-0.010024,-0.015315,-1.095120,0.107322,-0.003633
6.960000,-0.012114,-0.009974,-0.015238,-1.095219,0.107101,-0.003615
6.970000,-0.012054,-0.009925,-0.015162,-1.095318,0.106881,-0.003597
6.980000,-0.011994,-0.009875,-0.015087,-1.095415,0.106661,-0.003579
6.990000,-0.011934,-0.009826,-0.015011,-1.095513,0.106442,-0.003561
7.000000,-0.011874,-0.009777,-0.014937,-1.095609,0.106223,-0.003544
7.010000,-0.011815,-0.009728,-0.014862,-1.095705,0.106005,-0.003526
7.020000,-0.011756,-0.009680,-0.014788,-1.095801,0.105788,-0.003508
7.030000,-0.011697,-0.009631,-0.014714,-1.095895,0.105570,-0.003491
7.040000,-0.011639,-0.009583,-0.014641,-1.095990,0.105354,-0.003473
7.050000,-0.011581,-0.009535,-0.014568,-1.096083,0.105137,-0.003456
7.060000,-0.011523,-0.009488,-0.014495,-1.096176,0.104921,-0.003439
7.070000,-0.011466,-0.009441,-0.014423,-1.096268,0.104706,-0.003422
7.080000,-0.011408,-0.009393,-0.014351,-1.096360,0.104491,-0.003405
7.090000,-0.011352,-0.009347,-0.014279,-1.096451,0.104277,-0.003388
7.100000,-0.011295,-0.009300,-0.014208,-1.096542,0.104063,-0.003371
7.110000,-0.011239,-0.009254,-0.014137,-1.096632,0.103849,-0.003354
7.120000,-0.011183,-0.009207,-0.014066,-1.096721,0.103636,-0.003337
7.130000,-0.011127,-0.009161,-0.013996,-1.096810,0.103423,-0.003321
7.140000,-0.011071,-0.009116,-0.013926,-1.096898,0.103211,-0.003304
7.150000,-0.011016,-0.009070,-0.013857,-1.096986,0.103000,-0.003288
7.160000,-0.010961,-0.009025,-0.013788,-1.097073,0.102788,-0.003271
7.170000,-0.010906,-0.008980,-0.013719,-1.097160,0.102578,-0.003255
7.180000,-0.010852,-0.008935,-0.013651,-1.097246,0.102367,-0.003239
7.190000,-0.010798,-0.008891,-0.013582,-1.097331,0.102157,-0.003222
7.200000,-0.010744,-0.008846,-0.013515,-1.097416,0.101948,-0.003206
7.210000,-0.010690,-0.008802,-0.013447,-1.097501,0.101739,-0.003190
7.220000,-0.010637,-0.008758,-0.013380,-1.097585,0.101531,-0.003174
7.230000,-0.010584,-0.008715,-0.013313,-1.097668,0.101323,-0.003159
7.240000,-0.010531,-0.008671,-0.013247,-1.097751,0.101115,-0.003143
7.250000,-0.010479,-0.008628,-0.013181,-1.097833,0.100908,-0.003127
7.260000,-0.010426,-0.008585,-0.013115,-1.097915,0.100701,-0.003112
7.270000,-0.010374,-0.008542,-0.013050,-1.097996,0.100495,-0.003096
7.280000,-0.010323,-0.008499,-0.012985,-1.098076,0.100289,-0.003081
7.290000,-0.010271,-0.008457,-0.012920,-1.098157,0.100084,-0.003065
7.300000,-0.010220,-0.008415,-0.012855,-1.098236,0.099879,-0.003050
7.310000,-0.010169,-0.008373,-0.012791,-1.098315,0.099674,-0.003035
7.320000,-0.010118,-0.008331,-0.012727,-1.098394,0.099470,-0.003020
7.330000,-0.010068,-0.008290,-0.012664,-1.098472,0.099266,-0.003005
7.340000,-0.010017,-0.008248,-0.012601,-1.098550,0.099063,-0.002990
7.350000,-0.009967,-0.008207,-0.012538,-1.098627,0.098860,-0.002975
7.360000,-0.009918,-0.008166,-0.012475,-1.098703,0.098658,-0.002960
7.370000,-0.009868,-0.008125,-0.012413,-1.098779,0.098456,-0.002945
7.380000,-0.009819,-0.008085,-0.012351,-1.098855,0.098255,-0.002930
7.390000,-0.009770,-0.008045,-0.012290,-1.098930,0.098054,-0.002916
7.400000,-0.009721,-0.008004,-0.012228,-1.099005,0.097853,-0.002901
7.410000,-0.009673,-0.007964,-0.012167,-1.099079,0.097653,-0.002887
7.420000,-0.009625,-0.007925,-0.012107,-1.099153,0.097453,-0.002872
7.430000,-0.009577,-0.007885,-0.012046,-1.099226,0.097254,-0.002858
7.440000,-0.009529,-0.007846,-0.011986,-1.099299,0.097055,-0.002844
7.450000,-0.009481,-0.007807,-0.011926,-1.099371,0.096857,-0.002830
7.460000,-0.009434,-0.007768,-0.011867,-1.099443,0.096658,-0.002815
7.470000,-0.009387,-0.007729,-0.011808,-1.099514,0.096461,-0.002801
7.480000,-0.009340,-0.007690,-0.011749,-1.099585,0.096264,-0.002787
7.490000,-0.009293,-0.007652,-0.011690,-1.099655,0.096067,-0.002774
7.500000,-0.009247,-0.007614,-0.011632,-1.099725,0.095871,-0.002760
7.510000,-0.009201,-0.007576,-0.011574,-1.099795,0.095675,-0.002746
7.520000,-0.009155,-0.007538,-0.011516,-1.099864,0.095479,-0.002732
7.530000,-0.009109,-0.007501,-0.011459,-1.099933,0.095284,-0.002719
7.540000,-0.009064,-0.007463,-0.011401,-1.100001,0.095089,-0.002705
7.550000,-0.009019,-0.007426,-0.011345,-1.100069,0.094895,-0.002692
7.560000,-0.008974,-0.007389,-0.011288,-1.100136,0.094701,-0.002678
7.570000,-0.008929,-0.007352,-0.011232,-1.100203,0.094508,-0.002665
7.580000,-0.008884,-0.007315,-0.011176,-1.100269,0.094315,-0.002652
7.590000,-0.008840,-0.007279,-0.011120,-1.100335,0.094122,-0.002638
7.600000,-0.008796,-0.007243,-0.011064,-1.100401,0.093930,-0.002625
7.610000,-0.008752,-0.007206,-0.011009,-1.100466,0.093738,-0.002612
7.620000,-0.008709,-0.007171,-0.010954,-1.100531,0.093547,-0.002599
7.630000,-0.008665,-0.007135,-0.010900,-1.100595,0.093356,-0.002586
7.640000,-0.008622,-0.007099,-0.010845,-1.100659,0.093165,-0.002573
7.650000,-0.008579,-0.007064,-0.010791,-1.100723,0.092975,-0.002560
7.660000,-0.008536,-0.007029,-0.010737,-1.100786,0.092785,-0.002548
7.670000,-0.008493,-0.006993,-0.010684,-1.100848,0.092596,-0.002535
7.680000,-0.008451,-0.006959,-0.010630,-1.100911,0.092407,-0.002522
7.690000,-0.008409,-0.006924,-0.010577,-1.100973,0.092218,-0.002510
7.700000,-0.008367,-0.006889,-0.010525,-1.101034,0.092030,-0.002497
7.710000,-0.008325,-0.006855,-0.010472,-1.101095,0.091843,-0.002485
7.720000,-0.008284,-0.006821,-0.010420,-1.101156,0.091655,-0.002472
7.730000,-0.008242,-0.006787,-0.010368,-1.101216,0.091468,-0.002460
7.740000,-0.008201,-0.006753,-0.010316,-1.101276,0.091282,-0.002448
7.750000,-0.008160,-0.006719,-0.010265,-1.101336,0.091096,-0.002435
7.760000,-0.008120,-0.006686,-0.010214,-1.101395,0.090910,-0.002423
7.770000,-0.008079,-0.006652,-0.010163,-1.101454,0.090724,-0.002411
7.780000,-0.008039,-0.006619,-0.010112,-1.101512,0.090539,-0.002399
7.790000,-0.007999,-0.006586,-0.010061,-1.101570,0.090355,-0.002387
7.800000,-0.007959,-0.006553,-0.010011,-1.101628,0.090171,-0.002375
7.810000,-0.007919,-0.006521,-0.009961,-1.101685,0.089987,-0.002363
7.820000,-0.007880,-0.006488,-0.009912,-1.101742,0.089803,-0.002352
7.830000,-0.007840,-0.006456,-0.009862,-1.101798,0.089620,-0.002340
7.840000,-0.007801,-0.006424,-0.009813,-1.101855,0.089438,-0.002328
7.850000,-0.007762,-0.006391,-0.009764,-1.101910,0.089255,-0.002317
7.860000,-0.007724,-0.006360,-0.009715,-1.101966,0.089074,-0.002305
7.870000,-0.007685,-0.006328,-0.009667,-1.102021,0.088892,-0.002294
7.880000,-0.007647,-0.006296,-0.009619,-1.102076,0.088711,-0.002282
7.890000,-0.007609,-0.006265,-0.009571,-1.102130,0.088530,-0.002271
7.900000,-0.007571,-0.006234,-0.009523,-1.102184,0.088350,-0.002259
7.910000,-0.007533,-0.006203,-0.009475,-1.102238,0.088170,-0.002248
7.920000,-0.007495,-0.006172,-0.009428,-1.102291,0.087990,-0.002237
7.930000,-0.007458,-0.006141,-0.009381,-1.102344,0.087811,-0.002226
7.940000,-0.007421,-0.006110,-0.009334,-1.102397,0.087632,-0.002215
7.950000,-0.007384,-0.006080,-0.009288,-1.102449,0.087454,-0.002204
7.960000,-0.007347,-0.006049,-0.009241,-1.102501,0.087276,-0.002193
7.970000,-0.007310,-0.006019,-0.009195,-1.102553,0.087098,-0.002182
7.980000,-0.007274,-0.005989,-0.009150,-1.102604,0.086921,-0.002171
7.990000,-0.007238,-0.005959,-0.009104,-1.102655,0.086744,-0.002160
8.000000,-0.007201,-0.005930,-0.009058,-1.102706,0.086567,-0.002149
8.010000,-0.007165,-0.005900,-0.009013,-1.102756,0.086391,-0.002139
8.020000,-0.007130,-0.005871,-0.008968,-1.102806,0.086215,-0.002128
8.030000,-0.007094,-0.005841,-0.008924,-1.102856,0.086040,-0.002117
8.040000,-0.007059,-0.005812,-0.008879,-1.102905,0.085865,-0.002107
8.050000,-0.007024,-0.005783,-0.008835,-1.102954,0.085690,-0.002096
8.060000,-0.006989,-0.005754,-0.008791,-1.103003,0.085516,-0.002086
8.070000,-0.006954,-0.005726,-0.008747,-1.103052,0.085342,-0.002075
8.080000,-0.006919,-0.005697,-0.008703,-1.103100,0.085168,-0.002065
8.090000,-0.006885,-0.005669,-0.008660,-1.103148,0.084995,-0.002055
8.100000,-0.006850,-0.005640,-0.008617,-1.103195,0.084822,-0.002044
8.110000,-0.006816,-0.005612,-0.008574,-1.103242,0.084650,-0.002034
8.120000,-0.006782,-0.005584,-0.008531,-1.103289,0.084478,-0.002024
8.130000,-0.006748,-0.005556,-0.008488,-1.103336,0.084306,-0.002014
8.140000,-0.006715,-0.005529,-0.008446,-1.103382,0.084134,-0.002004
8.150000,-0.006681,-0.005501,-0.008404,-1.103428,0.083963,-0.001994
8.160000,-0.006648,-0.005474,-0.008362,-1.103474,0.083793,-0.001984
8.170000,-0.006615,-0.005446,-0.008320,-1.103519,0.083622,-0.001974
8.180000,-0.006582,-0.005419,-0.008279,-1.103564,0.083452,-0.001964
8.190000,-0.006549,-0.005392,-0.008237,-1.103609,0.083283,-0.001954
8.200000,-0.006516,-0.005365,-0.008196,-1.103653,0.083113,-0.001945
8.210000,-0.006484,-0.005339,-0.008155,-1.103698,0.082944,-0.001935
8.220000,-0.006451,-0.005312,-0.008115,-1.103742,0.082776,-0.001925
8.230000,-0.006419,-0.005285,-0.008074,-1.103785,0.082608,-0.001916
8.240000,-0.006387,-0.005259,-0.008034,-1.103829,0.082440,-0.001906
8.250000,-0.006355,-0.005233,-0.007994,-1.103872,0.082272,-0.001897
8.260000,-0.006323,-0.005207,-0.007954,-1.103915,0.082105,-0.001887
8.270000,-0.006292,-0.005181,-0.007914,-1.103957,0.081938,-0.001878
8.280000,-0.006261,-0.005155,-0.007875,-1.103999,0.081772,-0.001868
8.290000,-0.006229,-0.005129,-0.007836,-1.104041,0.081606,-0.001859
8.300000,-0.006198,-0.005104,-0.007797,-1.104083,0.081440,-0.001850
8.310000,-0.006167,-0.005078,-0.007758,-1.104125,0.081275,-0.001841
8.320000,-0.006137,-0.005053,-0.007719,-1.104166,0.081110,-0.001831
8.330000,-0.006106,-0.005028,-0.007680,-1.104207,0.080945,-0.001822
8.340000,-0.006075,-0.005003,-0.007642,-1.104247,0.080780,-0.001813
8.350000,-0.006045,-0.004978,-0.007604,-1.104288,0.080616,-0.001804
8.360000,-0.006015,-0.004953,-0.007566,-1.104328,0.080453,-0.001795
8.370000,-0.005985,-0.004928,-0.007528,-1.104368,0.080289,-0.001786
8.380000,-0.005955,-0.004903,-0.007491,-1.104408,0.080126,-0.001777
8.390000,-0.005925,-0.004879,-0.007453,-1.104447,0.079964,-0.001768
8.400000,-0.005896,-0.004855,-0.007416,-1.104486,0.079801,-0.001760
8.410000,-0.005867,-0.004830,-0.007379,-1.104525,0.079640,-0.001751
8.420000,-0.005837,-0.004806,-0.007342,-1.104564,0.079478,-0.001742
8.430000,-0.005808,-0.004782,-0.007306,-1.104602,0.079317,-0.001733
8.440000,-0.005779,-0.004759,-0.007269,-1.104640,0.079156,-0.001725
8.450000,-0.005750,-0.004735,-0.007233,-1.104678,0.078995,-0.001716
8.460000,-0.005722,-0.004711,-0.007197,-1.104716,0.078835,-0.001708
8.470000,-0.005693,-0.004688,-0.007161,-1.104753,0.078675,-0.001699
8.480000,-0.005665,-0.004664,-0.007125,-1.104790,0.078515,-0.001691
8.490000,-0.005636,-0.004641,-0.007090,-1.104827,0.078356,-0.001682
8.500000,-0.005608,-0.004618,-0.007055,-1.104864,0.078197,-0.001674
8.510000,-0.005580,-0.004595,-0.007019,-1.104900,0.078038,-0.001665
8.520000,-0.005553,-0.004572,-0.006984,-1.104936,0.077880,-0.001657
8.530000,-0.005525,-0.004549,-0.006950,-1.104972,0.077722,-0.001649
8.540000,-0.005497,-0.004526,-0.006915,-1.105008,0.077564,-0.001641
8.550000,-0.005470,-0.004504,-0.006880,-1.105044,0.077407,-0.001633
8.560000,-0.005443,-0.004481,-0.006846,-1.105079,0.077250,-0.001624
8.570000,-0.005415,-0.004459,-0.006812,-1.105114,0.077094,-0.001616
8.580000,-0.005388,-0.004437,-0.006778,-1.105149,0.076937,-0.001608
8.590000,-0.005362,-0.004415,-0.006744,-1.105183,0.076781,-0.001600
8.600000,-0.005335,-0.004393,-0.006710,-1.105218,0.076626,-0.001592
8.610000,-0.005308,-0.004371,-0.006677,-1.105252,0.076470,-0.001584
8.620000,-0.005282,-0.004349,-0.006644,-1.105286,0.076315,-0.001576
8.630000,-0.005255,-0.004327,-0.006611,-1.105319,0.076161,-0.001569
8.640000,-0.005229,-0.004306,-0.006578,-1.105353,0.076006,-0.001561
8.650000,-0.005203,-0.004284,-0.006545,-1.105386,0.075852,-0.001553
8.660000,-0.005177,-0.004263,-0.006512,-1.105419,0.075698,-0.001545
8.670000,-0.005151,-0.004242,-0.006480,-1.105452,0.075545,-0.001537
8.680000,-0.005126,-0.004220,-0.006447,-1.105485,0.075392,-0.001530
8.690000,-0.005100,-0.004199,-0.006415,-1.105517,0.075239,-0.001522
8.700000,-0.005075,-0.004178,-0.006383,-1.105549,0.075087,-0.001515
8.710000,-0.005049,-0.004158,-0.006351,-1.105581,0.074935,-0.001507
8.720000,-0.005024,-0.004137,-0.006320,-1.105613,0.074783,-0.001499
8.730000,-0.004999,-0.004116,-0.006288,-1.105645,0.074631,-0.001492
8.740000,-0.004974,-0.004096,-0.006257,-1.105676,0.074480,-0.001485
8.750000,-0.004949,-0.004075,-0.006226,-1.105707,0.074329,-0.001477
8.760000,-0.004925,-0.004055,-0.006195,-1.105738,0.074179,-0.001470
8.770000,-0.004900,-0.004035,-0.006164,-1.105769,0.074028,-0.001462
8.780000,-0.004876,-0.004015,-0.006133,-1.105800,0.073879,-0.001455
8.790000,-0.004851,-0.003995,-0.006102,-1.105830,0.073729,-0.001448
8.800000,-0.004827,-0.003975,-0.006072,-1.105860,0.073580,-0.001441
8.810000,-0.004803,-0.003955,-0.006042,-1.105890,0.073431,-0.001434
8.820000,-0.004779,-0.003935,-0.006011,-1.105920,0.073282,-0.001426
8.830000,-0.004755,-0.003915,-0.005981,-1.105950,0.073134,-0.001419
8.840000,-0.004732,-0.003896,-0.005952,-1.105979,0.072985,-0.001412
8.850000,-0.004708,-0.003877,-0.005922,-1.106009,0.072838,-0.001405
8.860000,-0.004684,-0.003857,-0.005892,-1.106038,0.072690,-0.001398
8.870000,-0.004661,-0.003838,-0.005863,-1.106066,0.072543,-0.001391
8.880000,-0.004638,-0.003819,-0.005834,-1.106095,0.072396,-0.001384
8.890000,-0.004615,-0.003800,-0.005805,-1.106124,0.072250,-0.001377
8.900000,-0.004592,-0.003781,-0.005776,-1.106152,0.072103,-0.001370
8.910000,-0.004569,-0.003762,-0.005747,-1.106180,0.071958,-0.001364
8.920000,-0.004546,-0.003743,-0.005718,-1.106208,0.071812,-0.001357
8.930000,-0.004523,-0.003725,-0.005690,-1.106236,0.071667,-0.001350
8.940000,-0.004501,-0.003706,-0.005661,-1.106263,0.071522,-0.001343
8.950000,-0.004478,-0.003687,-0.005633,-1.106291,0.071377,-0.001337
8.960000,-0.004456,-0.003669,-0.005605,-1.106318,0.071232,-0.001330
8.970000,-0.004434,-0.003651,-0.005577,-1.106345,0.071088,-0.001323
8.980000,-0.004412,-0.003633,-0.005549,-1.106372,0.070945,-0.001317
8.990000,-0.004390,-0.003614,-0.005522,-1.106399,0.070801,-0.001310
9.000000,-0.004368,-0.003596,-0.005494,-1.106425,0.070658,-0.001304
9.010000,-0.004346,-0.003578,-0.005467,-1.106452,0.070515,-0.001297
9.020000,-0.004324,-0.003561,-0.005439,-1.106478,0.070372,-0.001291
9.030000,-0.004303,-0.003543,-0.005412,-1.106504,0.070230,-0.001284
9.040000,-0.004281,-0.003525,-0.005385,-1.106530,0.070088,-0.001278
9.050000,-0.004260,-0.003508,-0.005358,-1.106555,0.069946,-0.001271
9.060000,-0.004239,-0.003490,-0.005332,-1.106581,0.069805,-0.001265
9.070000,-0.004218,-0.003473,-0.005305,-1.106606,0.069663,-0.001259
9.080000,-0.004196,-0.003455,-0.005279,-1.106631,0.069523,-0.001252
9.090000,-0.004176,-0.003438,-0.005252,-1.106657,0.069382,-0.001246
9.100000,-0.004155,-0.003421,-0.005226,-1.106681,0.069242,-0.001240
9.110000,-0.004134,-0.003404,-0.005200,-1.106706,0.069102,-0.001234
9.120000,-0.004113,-0.003387,-0.005174,-1.106731,0.068962,-0.001228
9.130000,-0.004093,-0.003370,-0.005148,-1.106755,0.068823,-0.001222
9.140000,-0.004072,-0.003353,-0.005123,-1.106779,0.068683,-0.001215
9.150000,-0.004052,-0.003337,-0.005097,-1.106803,0.068545,-0.001209
9.160000,-0.004032,-0.003320,-0.005072,-1.106827,0.068406,-0.001203
9.170000,-0.004012,-0.003303,-0.005046,-1.106851,0.068268,-0.001197
9.180000,-0.003992,-0.003287,-0.005021,-1.106875,0.068130,-0.001191
9.190000,-0.003972,-0.003270,-0.004996,-1.106898,0.067992,-0.001185
9.200000,-0.003952,-0.003254,-0.004971,-1.106921,0.067855,-0.001180
9.210000,-0.003932,-0.003238,-0.004946,-1.106945,0.067718,-0.001174
9.220000,-0.003913,-0.003222,-0.004922,-1.106968,0.067581,-0.001168
9.230000,-0.003893,-0.003206,-0.004897,-1.106991,0.067444,-0.001162
9.240000,-0.003874,-0.003190,-0.004873,-1.107013,0.067308,-0.001156
9.250000,-0.003854,-0.003174,-0.004848,-1.107036,0.067172,-0.001150
9.260000,-0.003835,-0.003158,-0.004824,-1.107058,0.067036,-0.001145
9.270000,-0.003816,-0.003142,-0.004800,-1.107081,0.066901,-0.001139
9.280000,-0.003797,-0.003127,-0.004776,-1.107103,0.066766,-0.001133
9.290000,-0.003778,-0.003111,-0.004752,-1.107125,0.066631,-0.001128
9.300000,-0.003759,-0.003095,-0.004729,-1.107147,0.066496,-0.001122
9.310000,-0.003741,-0.003080,-0.004705,-1.107168,0.066362,-0.001116
9.320000,-0.003722,-0.003065,-0.004682,-1.107190,0.066228,-0.001111
9.330000,-0.003703,-0.003049,-0.004658,-1.107211,0.066094,-0.001105
9.340000,-0.003685,-0.003034,-0.004635,-1.107233,0.065960,-0.001100
9.350000,-0.003667,-0.003019,-0.004612,-1.107254,0.065827,-0.001094
9.360000,-0.003648,-0.003004,-0.004589,-1.107275,0.065694,-0.001089
9.370000,-0.003630,-0.002989,-0.004566,-1.107296,0.065562,-0.001083
9.380000,-0.003612,-0.002974,-0.004543,-1.107316,0.065429,-0.001078
9.390000,-0.003594,-0.002959,-0.004521,-1.107337,0.065297,-0.001073
9.400000,-0.003576,-0.002944,-0.004498,-1.107357,0.065165,-0.001067
9.410000,-0.003558,-0.002930,-0.004476,-1.107378,0.065034,-0.001062
9.420000,-0.003540,-0.002915,-0.004453,-1.107398,0.064902,-0.001057
9.430000,-0.003523,-0.002901,-0.004431,-1.107418,0.064771,-0.001051
9.440000,-0.003505,-0.002886,-0.004409,-1.107438,0.064641,-0.001046
9.450000,-0.003488,-0.002872,-0.004387,-1.107458,0.064510,-0.001041
9.460000,-0.003470,-0.002857,-0.004365,-1.107478,0.064380,-0.001036
9.470000,-0.003453,-0.002843,-0.004343,-1.107497,0.064250,-0.001031
9.480000,-0.003436,-0.002829,-0.004322,-1.107517,0.064120,-0.001025
9.490000,-0.003419,-0.002815,-0.004300,-1.107536,0.063991,-0.001020
9.500000,-0.003402,-0.002801,-0.004279,-1.107555,0.063862,-0.001015
9.510000,-0.003385,-0.002787,-0.004257,-1.107574,0.063733,-0.001010
9.520000,-0.003368,-0.002773,-0.004236,-1.107593,0.063604,-0.001005
9.530000,-0.003351,-0.002759,-0.004215,-1.107612,0.063476,-0.001000
9.540000,-0.003334,-0.002745,-0.004194,-1.107631,0.063348,-0.000995
9.550000,-0.003318,-0.002732,-0.004173,-1.107649,0.063220,-0.000990
9.560000,-0.003301,-0.002718,-0.004152,-1.107668,0.063092,-0.000985
9.570000,-0.003285,-0.002705,-0.004132,-1.107686,0.062965,-0.000980
9.580000,-0.003268,-0.002691,-0.004111,-1.107704,0.062838,-0.000975
9.590000,-0.003252,-0.002678,-0.004090,-1.107723,0.062711,-0.000971
9.600000,-0.003236,-0.002664,-0.004070,-1.107741,0.062585,-0.000966
9.610000,-0.003220,-0.002651,-0.004050,-1.107758,0.062458,-0.000961
9.620000,-0.003203,-0.002638,-0.004030,-1.107776,0.062332,-0.000956
9.630000,-0.003187,-0.002625,-0.004009,-1.107794,0.062207,-0.000951
9.640000,-0.003172,-0.002612,-0.003989,-1.107811,0.062081,-0.000947
9.650000,-0.003156,-0.002598,-0.003970,-1.107829,0.061956,-0.000942
9.660000,-0.003140,-0.002586,-0.003950,-1.107846,0.061831,-0.000937
9.670000,-0.003124,-0.002573,-0.003930,-1.107863,0.061706,-0.000933
9.680000,-0.003109,-0.002560,-0.003910,-1.107880,0.061582,-0.000928
9.690000,-0.003093,-0.002547,-0.003891,-1.107897,0.061458,-0.000923
9.700000,-0.003078,-0.002534,-0.003872,-1.107914,0.061334,-0.000919
9.710000,-0.003063,-0.002522,-0.003852,-1.107931,0.061210,-0.000914
9.720000,-0.003047,-0.002509,-0.003833,-1.107948,0.061086,-0.000909
9.730000,-0.003032,-0.002497,-0.003814,-1.107964,0.060963,-0.000905
9.740000,-0.003017,-0.002484,-0.003795,-1.107981,0.060840,-0.000900
9.750000,-0.003002,-0.002472,-0.003776,-1.107997,0.060718,-0.000896
9.760000,-0.002987,-0.002459,-0.003757,-1.108013,0.060595,-0.000891
9.770000,-0.002972,-0.002447,-0.003738,-1.108029,0.060473,-0.000887
9.780000,-0.002957,-0.002435,-0.003720,-1.108045,0.060351,-0.000883
9.790000,-0.002942,-0.002423,-0.003701,-1.108061,0.060229,-0.000878
9.800000,-0.002928,-0.002411,-0.003683,-1.108077,0.060108,-0.000874
9.810000,-0.002913,-0.002399,-0.003664,-1.108093,0.059987,-0.000869
9.820000,-0.002899,-0.002387,-0.003646,-1.108108,0.059866,-0.000865
9.830000,-0.002884,-0.002375,-0.003628,-1.108124,0.059745,-0.000861
9.840000,-0.002870,-0.002363,-0.003610,-1.108139,0.059625,-0.000857
9.850000,-0.002855,-0.002351,-0.003592,-1.108155,0.059505,-0.000852
9.860000,-0.002841,-0.002339,-0.003574,-1.108170,0.059385,-0.000848
9.870000,-0.002827,-0.002328,-0.003556,-1.108185,0.059265,-0.000844
9.880000,-0.002813,-0.002316,-0.003538,-1.108200,0.059146,-0.000840
9.890000,-0.002799,-0.002305,-0.003521,-1.108215,0.059026,-0.000835
9.900000,-0.002785,-0.002293,-0.003503,-1.108230,0.058907,-0.000831
9.910000,-0.002771,-0.002282,-0.003486,-1.108244,0.058789,-0.000827
9.920000,-0.002757,-0.002270,-0.003468,-1.108259,0.058670,-0.000823
9.930000,-0.002743,-0.002259,-0.003451,-1.108274,0.058552,-0.000819
9.940000,-0.002730,-0.002248,-0.003434,-1.108288,0.058434,-0.000815
9.950000,-0.002716,-0.002237,-0.003417,-1.108302,0.058316,-0.000811
9.960000,-0.002703,-0.002225,-0.003400,-1.108317,0.058199,-0.000807
9.970000,-0.002689,-0.002214,-0.003383,-1.108331,0.058081,-0.000803
9.980000,-0.002676,-0.002203,-0.003366,-1.108345,0.057964,-0.000799
9.990000,-0.002662,-0.002192,-0.003349,-1.108359,0.057848,-0.000795
10.000000,-0.002649,-0.002181,-0.003332,-1.108373,0.057731,-0.000791
