0.000000,0.982411,-0.343787,0.734207,-0.141248,0.204984,-0.509178
0.010000,0.968257,-0.341678,0.725364,-0.145909,0.204532,-0.505337
0.020000,0.954564,-0.339588,0.716761,-0.150558,0.204081,-0.501544
0.030000,0.941307,-0.337514,0.708385,-0.155194,0.203631,-0.497798
0.040000,0.928462,-0.335458,0.700226,-0.159817,0.203183,-0.494098
0.050000,0.916008,-0.333419,0.692275,-0.164427,0.202735,-0.490444
0.060000,0.903924,-0.331396,0.684521,-0.169024,0.202289,-0.486834
0.070000,0.892191,-0.329390,0.676956,-0.173608,0.201844,-0.483268
0.080000,0.880793,-0.327400,0.669571,-0.178179,0.201400,-0.479744
0.090000,0.869712,-0.325426,0.662360,-0.182737,0.200957,-0.476262
0.100000,0.858934,-0.323469,0.655314,-0.187282,0.200516,-0.472820
0.110000,0.848444,-0.321527,0.648427,-0.191813,0.200075,-0.469419
0.120000,0.838230,-0.319600,0.641693,-0.196331,0.199636,-0.466057
0.130000,0.828278,-0.317689,0.635105,-0.200836,0.199198,-0.462734
0.140000,0.818578,-0.315792,0.628658,-0.205327,0.198761,-0.459448
0.150000,0.809119,-0.313911,0.622347,-0.209804,0.198325,-0.456199
0.160000,0.799890,-0.312045,0.616165,-0.214268,0.197890,-0.452987
0.170000,0.790881,-0.310193,0.610110,-0.218719,0.197456,-0.449810
0.180000,0.782084,-0.308355,0.604175,-0.223155,0.197023,-0.446668
0.190000,0.773490,-0.306532,0.598357,-0.227578,0.196592,-0.443561
0.200000,0.765091,-0.304723,0.592651,-0.231987,0.196162,-0.440487
0.210000,0.756880,-0.302928,0.587055,-0.236382,0.195732,-0.437446
0.220000,0.748848,-0.301146,0.581563,-0.240763,0.195304,-0.434438
0.230000,0.740990,-0.299378,0.576172,-0.245131,0.194877,-0.431462
0.240000,0.733299,-0.297624,0.570880,-0.249484,0.194451,-0.428517
0.250000,0.725769,-0.295882,0.565683,-0.253823,0.194026,-0.425603
0.260000,0.718394,-0.294154,0.560577,-0.258148,0.193602,-0.422719
0.270000,0.711168,-0.292439,0.555561,-0.262459,0.193180,-0.419865
0.280000,0.704087,-0.290737,0.550631,-0.266756,0.192758,-0.417040
0.290000,0.697145,-0.289047,0.545784,-0.271038,0.192337,-0.414244
0.300000,0.690338,-0.287370,0.541019,-0.275307,0.191918,-0.411476
0.310000,0.683660,-0.285705,0.536332,-0.279561,0.191500,-0.408735
0.320000,0.677109,-0.284053,0.531722,-0.283800,0.191082,-0.406022
0.330000,0.670679,-0.282412,0.527185,-0.288025,0.190666,-0.403336
0.340000,0.664367,-0.280784,0.522721,-0.292236,0.190251,-0.400677
0.350000,0.658169,-0.279167,0.518327,-0.296432,0.189836,-0.398043
0.360000,0.652082,-0.277563,0.514001,-0.300614,0.189423,-0.395435
0.370000,0.646102,-0.275970,0.509741,-0.304781,0.189011,-0.392852
0.380000,0.640226,-0.274388,0.505545,-0.308934,0.188600,-0.390293
0.390000,0.634450,-0.272818,0.501412,-0.313072,0.188190,-0.387760
0.400000,0.628773,-0.271259,0.497340,-0.317196,0.187781,-0.385250
0.410000,0.623190,-0.269711,0.493328,-0.321305,0.187373,-0.382763
0.420000,0.617699,-0.268174,0.489373,-0.325399,0.186966,-0.380300
0.430000,0.612298,-0.266648,0.485475,-0.329478,0.186560,-0.377860
0.440000,0.606984,-0.265133,0.481632,-0.333543,0.186155,-0.375443
0.450000,0.601755,-0.263628,0.477842,-0.337593,0.185751,-0.373047
0.460000,0.596608,-0.262134,0.474105,-0.341628,0.185349,-0.370674
0.470000,0.591541,-0.260651,0.470419,-0.345649,0.184947,-0.368322
0.480000,0.586552,-0.259177,0.466782,-0.349654,0.184546,-0.365991
0.490000,0.581639,-0.257714,0.463194,-0.353645,0.184146,-0.363681
0.500000,0.576800,-0.256262,0.459654,-0.357621,0.183747,-0.361392
0.510000,0.572032,-0.254819,0.456160,-0.361582,0.183349,-0.359123
0.520000,0.567335,-0.253386,0.452712,-0.365528,0.182953,-0.356875
0.530000,0.562706,-0.251963,0.449307,-0.369459,0.182557,-0.354645
0.540000,0.558144,-0.250550,0.445946,-0.373375,0.182162,-0.352436
0.550000,0.553647,-0.249146,0.442628,-0.377276,0.181768,-0.350245
0.560000,0.549213,-0.247752,0.439350,-0.381163,0.181375,-0.348074
0.570000,0.544841,-0.246368,0.436113,-0.385034,0.180983,-0.345921
0.580000,0.540529,-0.244993,0.432916,-0.388890,0.180592,-0.343787
0.590000,0.536277,-0.243627,0.429758,-0.392732,0.180202,-0.341671
0.600000,0.532081,-0.242270,0.426638,-0.396558,0.179813,-0.339572
0.610000,0.527943,-0.240922,0.423554,-0.400370,0.179425,-0.337492
0.620000,0.523859,-0.239584,0.420508,-0.404166,0.179038,-0.335429
0.630000,0.519828,-0.238254,0.417496,-0.407947,0.178652,-0.333383
0.640000,0.515851,-0.236933,0.414520,-0.411713,0.178267,-0.331354
0.650000,0.511924,-0.235621,0.411578,-0.415465,0.177882,-0.329341
0.660000,0.508048,-0.234318,0.408670,-0.419201,0.177499,-0.327346
0.670000,0.504221,-0.233023,0.405794,-0.422922,0.177117,-0.325366
0.680000,0.500441,-0.231737,0.402951,-0.426628,0.176735,-0.323403
0.690000,0.496709,-0.230459,0.400139,-0.430319,0.176355,-0.321456
0.700000,0.493023,-0.229189,0.397359,-0.433995,0.175975,-0.319524
0.710000,0.489382,-0.227928,0.394609,-0.437656,0.175597,-0.317608
0.720000,0.485785,-0.226675,0.391889,-0.441302,0.175219,-0.315707
0.730000,0.482231,-0.225431,0.389198,-0.444933,0.174842,-0.313821
0.740000,0.478719,-0.224194,0.386535,-0.448549,0.174467,-0.311951
0.750000,0.475249,-0.222965,0.383902,-0.452150,0.174092,-0.310095
0.760000,0.471820,-0.221744,0.381295,-0.455735,0.173718,-0.308253
0.770000,0.468430,-0.220531,0.378717,-0.459306,0.173345,-0.306426
0.780000,0.465079,-0.219326,0.376164,-0.462862,0.172973,-0.304614
0.790000,0.461767,-0.218129,0.373639,-0.466402,0.172601,-0.302815
0.800000,0.458492,-0.216939,0.371139,-0.469928,0.172231,-0.301030
0.810000,0.455254,-0.215757,0.368664,-0.473439,0.171862,-0.299259
0.820000,0.452052,-0.214582,0.366214,-0.476934,0.171493,-0.297501
0.830000,0.448886,-0.213415,0.363789,-0.480415,0.171125,-0.295757
0.840000,0.445754,-0.212255,0.361388,-0.483881,0.170759,-0.294026
0.850000,0.442657,-0.211102,0.359011,-0.487331,0.170393,-0.292309
0.860000,0.439593,-0.209957,0.356657,-0.490767,0.170028,-0.290604
0.870000,0.436562,-0.208819,0.354326,-0.494188,0.169664,-0.288912
0.880000,0.433563,-0.207688,0.352017,-0.497594,0.169301,-0.287232
0.890000,0.430596,-0.206564,0.349731,-0.500985,0.168938,-0.285565
0.900000,0.427660,-0.205447,0.347466,-0.504361,0.168577,-0.283911
0.910000,0.424755,-0.204338,0.345223,-0.507722,0.168216,-0.282268
0.920000,0.421880,-0.203235,0.343002,-0.511069,0.167857,-0.280638
0.930000,0.419034,-0.202138,0.340801,-0.514400,0.167498,-0.279020
0.940000,0.416218,-0.201049,0.338620,-0.517717,0.167140,-0.277414
0.950000,0.413430,-0.199966,0.336460,-0.521019,0.166783,-0.275819
0.960000,0.410670,-0.198891,0.334319,-0.524306,0.166427,-0.274236
0.970000,0.407938,-0.197821,0.332199,-0.527578,0.166071,-0.272664
0.980000,0.405233,-0.196759,0.330097,-0.530836,0.165717,-0.271104
0.990000,0.402554,-0.195702,0.328014,-0.534079,0.165363,-0.269554
1.000000,0.399902,-0.194653,0.325950,-0.537307,0.165010,-0.268016
1.010000,0.397276,-0.193609,0.323905,-0.540521,0.164658,-0.266489
1.020000,0.394675,-0.192572,0.321878,-0.543719,0.164307,-0.264973
1.030000,0.392100,-0.191541,0.319868,-0.546904,0.163957,-0.263467
1.040000,0.389549,-0.190517,0.317877,-0.550073,0.163607,-0.261972
1.050000,0.387022,-0.189499,0.315902,-0.553228,0.163259,-0.260488
1.060000,0.384519,-0.188487,0.313945,-0.556369,0.162911,-0.259014
1.070000,0.382039,-0.187481,0.312005,-0.559495,0.162564,-0.257550
1.080000,0.379583,-0.186481,0.310081,-0.562606,0.162218,-0.256097
1.090000,0.377150,-0.185487,0.308174,-0.565703,0.161873,-0.254653
1.100000,0.374739,-0.184499,0.306283,-0.568785,0.161528,-0.253220
1.110000,0.372350,-0.183517,0.304408,-0.571853,0.161185,-0.251796
1.120000,0.369982,-0.182541,0.302549,-0.574907,0.160842,-0.250383
1.130000,0.367637,-0.181571,0.300705,-0.577946,0.160500,-0.248979
1.140000,0.365312,-0.180606,0.298877,-0.580971,0.160159,-0.247584
1.150000,0.363009,-0.179647,0.297064,-0.583982,0.159818,-0.246199
1.160000,0.360725,-0.178694,0.295265,-0.586978,0.159479,-0.244824
1.170000,0.358462,-0.177747,0.293482,-0.589960,0.159140,-0.243457
1.180000,0.356219,-0.176805,0.291713,-0.592928,0.158802,-0.242100
1.190000,0.353996,-0.175869,0.289958,-0.595881,0.158465,-0.240753
1.200000,0.351792,-0.174938,0.288218,-0.598821,0.158129,-0.239414
1.210000,0.349607,-0.174013,0.286492,-0.601746,0.157793,-0.238084
1.220000,0.347441,-0.173093,0.284779,-0.604657,0.157458,-0.236763
1.230000,0.345294,-0.172179,0.283080,-0.607554,0.157124,-0.235451
1.240000,0.343165,-0.171270,0.281395,-0.610437,0.156791,-0.234147
1.250000,0.341054,-0.170366,0.279723,-0.613307,0.156459,-0.232853
1.260000,0.338961,-0.169468,0.278064,-0.616162,0.156127,-0.231566
1.270000,0.336885,-0.168575,0.276418,-0.619003,0.155796,-0.230289
1.280000,0.334827,-0.167687,0.274785,-0.621830,0.155466,-0.229019
1.290000,0.332786,-0.166804,0.273164,-0.624644,0.155137,-0.227758
1.300000,0.330762,-0.165926,0.271557,-0.627443,0.154809,-0.226505
1.310000,0.328755,-0.165054,0.269961,-0.630229,0.154481,-0.225261
1.320000,0.326764,-0.164186,0.268378,-0.633001,0.154154,-0.224024
1.330000,0.324789,-0.163324,0.266807,-0.635760,0.153828,-0.222795
1.340000,0.322831,-0.162466,0.265247,-0.638505,0.153502,-0.221575
1.350000,0.320888,-0.161614,0.263700,-0.641236,0.153178,-0.220362
1.360000,0.318961,-0.160766,0.262164,-0.643953,0.152854,-0.219157
1.370000,0.317049,-0.159923,0.260640,-0.646657,0.152531,-0.217960
1.380000,0.315153,-0.159085,0.259127,-0.649348,0.152208,-0.216770
1.390000,0.313272,-0.158252,0.257625,-0.652025,0.151887,-0.215589
1.400000,0.311405,-0.157424,0.256135,-0.654688,0.151566,-0.214414
1.410000,0.309554,-0.156600,0.254655,-0.657338,0.151246,-0.213247
1.420000,0.307717,-0.155781,0.253186,-0.659975,0.150926,-0.212088
1.430000,0.305894,-0.154967,0.251729,-0.662598,0.150608,-0.210936
1.440000,0.304085,-0.154157,0.250281,-0.665209,0.150290,-0.209791
1.450000,0.302290,-0.153352,0.248845,-0.667805,0.149973,-0.208653
1.460000,0.300510,-0.152552,0.247419,-0.670389,0.149657,-0.207522
1.470000,0.298743,-0.151756,0.246003,-0.672960,0.149341,-0.206399
1.480000,0.296989,-0.150965,0.244597,-0.675517,0.149026,-0.205283
1.490000,0.295249,-0.150178,0.243201,-0.678062,0.148712,-0.204173
1.500000,0.293522,-0.149396,0.241816,-0.680593,0.148398,-0.203071
1.510000,0.291808,-0.148618,0.240440,-0.683111,0.148086,-0.201975
1.520000,0.290107,-0.147844,0.239074,-0.685617,0.147774,-0.200886
1.530000,0.288418,-0.147075,0.237717,-0.688109,0.147462,-0.199804
1.540000,0.286743,-0.146310,0.236371,-0.690589,0.147152,-0.198728
1.550000,0.285079,-0.145549,0.235033,-0.693055,0.146842,-0.197660
1.560000,0.283428,-0.144793,0.233705,-0.695509,0.146533,-0.196597
1.570000,0.281790,-0.144041,0.232387,-0.697951,0.146225,-0.195542
1.580000,0.280163,-0.143293,0.231077,-0.700379,0.145917,-0.194492
1.590000,0.278548,-0.142549,0.229777,-0.702795,0.145610,-0.193450
1.600000,0.276945,-0.141810,0.228485,-0.705198,0.145304,-0.192413
1.610000,0.275354,-0.141074,0.227203,-0.707589,0.144998,-0.191383
1.620000,0.273774,-0.140343,0.225929,-0.709967,0.144693,-0.190359
1.630000,0.272206,-0.139616,0.224664,-0.712333,0.144389,-0.189341
1.640000,0.270649,-0.138893,0.223407,-0.714686,0.144086,-0.188330
1.650000,0.269103,-0.138173,0.222160,-0.717027,0.143783,-0.187324
1.660000,0.267568,-0.137458,0.220920,-0.719356,0.143481,-0.186325
1.670000,0.266044,-0.136747,0.219689,-0.721672,0.143180,-0.185332
1.680000,0.264531,-0.136040,0.218466,-0.723976,0.142879,-0.184345
1.690000,0.263028,-0.135336,0.217252,-0.726268,0.142579,-0.183363
1.700000,0.261536,-0.134637,0.216046,-0.728548,0.142280,-0.182388
1.710000,0.260055,-0.133941,0.214847,-0.730815,0.141981,-0.181418
1.720000,0.258584,-0.133250,0.213657,-0.733071,0.141683,-0.180454
1.730000,0.257123,-0.132562,0.212475,-0.735314,0.141386,-0.179496
1.740000,0.255673,-0.131878,0.211300,-0.737546,0.141090,-0.178543
1.750000,0.254232,-0.131197,0.210133,-0.739765,0.140794,-0.177596
1.760000,0.252802,-0.130521,0.208974,-0.741973,0.140499,-0.176655
1.770000,0.251381,-0.129848,0.207823,-0.744169,0.140204,-0.175720
1.780000,0.249970,-0.129178,0.206679,-0.746353,0.139910,-0.174790
1.790000,0.248569,-0.128513,0.205542,-0.748525,0.139617,-0.173865
1.800000,0.247177,-0.127851,0.204413,-0.750686,0.139325,-0.172946
1.810000,0.245795,-0.127193,0.203292,-0.752835,0.139033,-0.172032
1.820000,0.244422,-0.126538,0.202177,-0.754972,0.138742,-0.171124
1.830000,0.243059,-0.125887,0.201070,-0.757098,0.138451,-0.170221
1.840000,0.241705,-0.125239,0.199970,-0.759212,0.138162,-0.169323
1.850000,0.240359,-0.124595,0.198877,-0.761315,0.137872,-0.168430
1.860000,0.239023,-0.123955,0.197791,-0.763406,0.137584,-0.167543
1.870000,0.237696,-0.123318,0.196712,-0.765486,0.137296,-0.166661
1.880000,0.236378,-0.122684,0.195640,-0.767555,0.137009,-0.165784
1.890000,0.235068,-0.122054,0.194575,-0.769612,0.136722,-0.164912
1.900000,0.233767,-0.121427,0.193516,-0.771658,0.136437,-0.164045
1.910000,0.232475,-0.120804,0.192464,-0.773693,0.136151,-0.163183
1.920000,0.231191,-0.120184,0.191419,-0.775717,0.135867,-0.162326
1.930000,0.229916,-0.119568,0.190381,-0.777729,0.135583,-0.161474
1.940000,0.228649,-0.118954,0.189349,-0.779731,0.135300,-0.160627
1.950000,0.227390,-0.118344,0.188323,-0.781721,0.135017,-0.159785
1.960000,0.226140,-0.117738,0.187304,-0.783701,0.134735,-0.158948
1.970000,0.224897,-0.117134,0.186292,-0.785670,0.134454,-0.158115
1.980000,0.223663,-0.116534,0.185285,-0.787627,0.134173,-0.157287
1.990000,0.222437,-0.115937,0.184285,-0.789574,0.133893,-0.156464
2.000000,0.221219,-0.115344,0.183291,-0.791511,0.133614,-0.155646
2.010000,0.220008,-0.114753,0.182304,-0.793436,0.133335,-0.154833
2.020000,0.218806,-0.114166,0.181322,-0.795351,0.133057,-0.154024
2.030000,0.217611,-0.113582,0.180346,-0.797255,0.132779,-0.153219
2.040000,0.216423,-0.113001,0.179377,-0.799149,0.132502,-0.152419
2.050000,0.215244,-0.112423,0.178413,-0.801032,0.132226,-0.151624
2.060000,0.214072,-0.111849,0.177456,-0.802904,0.131950,-0.150834
2.070000,0.212907,-0.111277,0.176504,-0.804766,0.131675,-0.150047
2.080000,0.211749,-0.110708,0.175558,-0.806618,0.131401,-0.149265
2.090000,0.210599,-0.110143,0.174618,-0.808459,0.131127,-0.148488
2.100000,0.209457,-0.109580,0.173683,-0.810290,0.130854,-0.147715
2.110000,0.208321,-0.109021,0.172755,-0.812111,0.130581,-0.146946
2.120000,0.207193,-0.108464,0.171832,-0.813921,0.130309,-0.146182
2.130000,0.206071,-0.107910,0.170914,-0.815722,0.130038,-0.145422
2.140000,0.204957,-0.107360,0.170002,-0.817512,0.129767,-0.144666
2.150000,0.203849,-0.106812,0.169095,-0.819292,0.129497,-0.143915
2.160000,0.202749,-0.106267,0.168194,-0.821062,0.129227,-0.143168
2.170000,0.201655,-0.105726,0.167299,-0.822822,0.128959,-0.142425
2.180000,0.200568,-0.105187,0.166409,-0.824572,0.128690,-0.141686
2.190000,0.199488,-0.104650,0.165524,-0.826313,0.128423,-0.140951
2.200000,0.198415,-0.104117,0.164644,-0.828043,0.128155,-0.140220
2.210000,0.197348,-0.103587,0.163770,-0.829764,0.127889,-0.139493
2.220000,0.196287,-0.103059,0.162900,-0.831475,0.127623,-0.138771
2.230000,0.195234,-0.102534,0.162036,-0.833176,0.127358,-0.138052
2.240000,0.194186,-0.102012,0.161178,-0.834867,0.127093,-0.137338
2.250000,0.193145,-0.101493,0.160324,-0.836549,0.126829,-0.136627
2.260000,0.192111,-0.100976,0.159475,-0.838221,0.126565,-0.135920
2.270000,0.191082,-0.100463,0.158631,-0.839884,0.126302,-0.135218
2.280000,0.190060,-0.099952,0.157792,-0.841537,0.126040,-0.134519
2.290000,0.189044,-0.099443,0.156959,-0.843181,0.125778,-0.133824
2.300000,0.188035,-0.098937,0.156130,-0.844815,0.125517,-0.133133
2.310000,0.187031,-0.098434,0.155306,-0.846441,0.125256,-0.132445
2.320000,0.186033,-0.097934,0.154486,-0.848056,0.124996,-0.131762
2.330000,0.185042,-0.097436,0.153672,-0.849663,0.124737,-0.131082
2.340000,0.184056,-0.096941,0.152862,-0.851260,0.124478,-0.130406
2.350000,0.183077,-0.096449,0.152057,-0.852848,0.124220,-0.129733
2.360000,0.182103,-0.095959,0.151257,-0.854427,0.123962,-0.129065
2.370000,0.181135,-0.095471,0.150461,-0.855997,0.123705,-0.128400
2.380000,0.180173,-0.094987,0.149670,-0.857558,0.123448,-0.127738
2.390000,0.179216,-0.094505,0.148884,-0.859110,0.123192,-0.127081
2.400000,0.178265,-0.094025,0.148102,-0.860652,0.122937,-0.126427
2.410000,0.177320,-0.093548,0.147325,-0.862186,0.122682,-0.125776
2.420000,0.176381,-0.093073,0.146552,-0.863711,0.122428,-0.125129
2.430000,0.175447,-0.092601,0.145783,-0.865228,0.122174,-0.124486
2.440000,0.174518,-0.092131,0.145019,-0.866735,0.121921,-0.123846
2.450000,0.173595,-0.091664,0.144260,-0.868234,0.121668,-0.123209
2.460000,0.172678,-0.091199,0.143505,-0.869724,0.121416,-0.122576
2.470000,0.171765,-0.090737,0.142754,-0.871205,0.121165,-0.121947
2.480000,0.170858,-0.090277,0.142007,-0.872678,0.120914,-0.121320
2.490000,0.169957,-0.089819,0.141265,-0.874143,0.120664,-0.120698
2.500000,0.169061,-0.089364,0.140527,-0.875598,0.120414,-0.120078
2.510000,0.168170,-0.088911,0.139793,-0.877046,0.120164,-0.119462
2.520000,0.167284,-0.088461,0.139063,-0.878484,0.119916,-0.118849
2.530000,0.166403,-0.088013,0.138337,-0.879915,0.119668,-0.118240
2.540000,0.165528,-0.087567,0.137616,-0.881337,0.119420,-0.117634
2.550000,0.164657,-0.087124,0.136898,-0.882751,0.119173,-0.117031
2.560000,0.163792,-0.086683,0.136185,-0.884156,0.118926,-0.116432
2.570000,0.162931,-0.086244,0.135476,-0.885554,0.118680,-0.115835
2.580000,0.162076,-0.085808,0.134771,-0.886943,0.118435,-0.115242
2.590000,0.161225,-0.085373,0.134069,-0.888324,0.118190,-0.114652
2.600000,0.160380,-0.084941,0.133372,-0.889696,0.117946,-0.114066
2.610000,0.159539,-0.084512,0.132678,-0.891061,0.117702,-0.113482
2.620000,0.158703,-0.084084,0.131989,-0.892418,0.117459,-0.112901
2.630000,0.157872,-0.083659,0.131303,-0.893767,0.117216,-0.112324
2.640000,0.157046,-0.083236,0.130621,-0.895108,0.116974,-0.111750
2.650000,0.156224,-0.082815,0.129943,-0.896441,0.116732,-0.111179
2.660000,0.155407,-0.082396,0.129269,-0.897766,0.116491,-0.110611
2.670000,0.154595,-0.081980,0.128599,-0.899083,0.116250,-0.110046
2.680000,0.153787,-0.081566,0.127932,-0.900393,0.116010,-0.109483
2.690000,0.152984,-0.081153,0.127269,-0.901695,0.115771,-0.108924
2.700000,0.152186,-0.080743,0.126610,-0.902989,0.115532,-0.108368
2.710000,0.151392,-0.080335,0.125954,-0.904276,0.115293,-0.107815
2.720000,0.150603,-0.079930,0.125302,-0.905555,0.115055,-0.107265
2.730000,0.149818,-0.079526,0.124654,-0.906826,0.114818,-0.106718
2.740000,0.149037,-0.079124,0.124009,-0.908090,0.114581,-0.106174
2.750000,0.148261,-0.078725,0.123368,-0.909346,0.114344,-0.105632
2.760000,0.147489,-0.078327,0.122730,-0.910595,0.114109,-0.105094
2.770000,0.146722,-0.077932,0.122096,-0.911836,0.113873,-0.104558
2.780000,0.145959,-0.077539,0.121466,-0.913071,0.113638,-0.104025
2.790000,0.145200,-0.077147,0.120838,-0.914297,0.113404,-0.103495
2.800000,0.144446,-0.076758,0.120215,-0.915517,0.113170,-0.102968
2.810000,0.143696,-0.076371,0.119595,-0.916729,0.112937,-0.102444
2.820000,0.142950,-0.075985,0.118978,-0.917934,0.112704,-0.101922
2.830000,0.142208,-0.075602,0.118364,-0.919132,0.112472,-0.101403
2.840000,0.141470,-0.075221,0.117754,-0.920323,0.112240,-0.100887
2.850000,0.140736,-0.074841,0.117148,-0.921506,0.112009,-0.100374
2.860000,0.140007,-0.074464,0.116544,-0.922683,0.111778,-0.099863
2.870000,0.139281,-0.074088,0.115944,-0.923852,0.111548,-0.099355
2.880000,0.138560,-0.073715,0.115347,-0.925015,0.111318,-0.098850
2.890000,0.137843,-0.073343,0.114754,-0.926171,0.111089,-0.098348
2.900000,0.137129,-0.072974,0.114163,-0.927319,0.110860,-0.097848
2.910000,0.136420,-0.072606,0.113576,-0.928461,0.110632,-0.097350
2.920000,0.135714,-0.072240,0.112992,-0.929596,0.110404,-0.096856
2.930000,0.135012,-0.071876,0.112412,-0.930724,0.110177,-0.096364
2.940000,0.134315,-0.071514,0.111834,-0.931846,0.109950,-0.095874
2.950000,0.133621,-0.071153,0.111260,-0.932961,0.109723,-0.095387
2.960000,0.132931,-0.070795,0.110689,-0.934069,0.109498,-0.094903
2.970000,0.132245,-0.070438,0.110120,-0.935170,0.109272,-0.094421
2.980000,0.131562,-0.070084,0.109555,-0.936265,0.109048,-0.093942
2.990000,0.130883,-0.069731,0.108993,-0.937353,0.108823,-0.093465
3.000000,0.130208,-0.069379,0.108434,-0.938435,0.108599,-0.092991
3.010000,0.129537,-0.069030,0.107878,-0.939510,0.108376,-0.092519
3.020000,0.128870,-0.068683,0.107325,-0.940578,0.108153,-0.092050
3.030000,0.128206,-0.068337,0.106775,-0.941641,0.107931,-0.091583
3.040000,0.127545,-0.067993,0.106228,-0.942696,0.107709,-0.091119
3.050000,0.126889,-0.067651,0.105684,-0.943746,0.107488,-0.090657
3.060000,0.126236,-0.067310,0.105143,-0.944789,0.107267,-0.090197
3.070000,0.125586,-0.066971,0.104605,-0.945826,0.107046,-0.089740
3.080000,0.124940,-0.066634,0.104070,-0.946857,0.106826,-0.089285
3.090000,0.124298,-0.066299,0.103537,-0.947881,0.106607,-0.088833
3.100000,0.123659,-0.065966,0.103008,-0.948899,0.106388,-0.088383
3.110000,0.123023,-0.065634,0.102481,-0.949911,0.106169,-0.087935
3.120000,0.122391,-0.065304,0.101957,-0.950917,0.105951,-0.087490
3.130000,0.121763,-0.064975,0.101436,-0.951917,0.105733,-0.087047
3.140000,0.121138,-0.064648,0.100917,-0.952911,0.105516,-0.086606
3.150000,0.120516,-0.064323,0.100402,-0.953898,0.105300,-0.086168
3.160000,0.119897,-0.064000,0.099889,-0.954880,0.105083,-0.085732
3.170000,0.119282,-0.063678,0.099379,-0.955856,0.104868,-0.085298
3.180000,0.118671,-0.063358,0.098872,-0.956826,0.104652,-0.084866
3.190000,0.118062,-0.063039,0.098367,-0.957790,0.104438,-0.084437
3.200000,0.117457,-0.062722,0.097865,-0.958748,0.104223,-0.084010
3.210000,0.116855,-0.062407,0.097366,-0.959700,0.104009,-0.083585
3.220000,0.116257,-0.062094,0.096869,-0.960647,0.103796,-0.083163
3.230000,0.115661,-0.061781,0.096375,-0.961588,0.103583,-0.082742
3.240000,0.115069,-0.061471,0.095884,-0.962523,0.103371,-0.082324
3.250000,0.114480,-0.061162,0.095395,-0.963452,0.103159,-0.081908
3.260000,0.113894,-0.060855,0.094909,-0.964376,0.102947,-0.081494
3.270000,0.113312,-0.060549,0.094426,-0.965294,0.102736,-0.081082
3.280000,0.112732,-0.060245,0.093945,-0.966206,0.102525,-0.080672
3.290000,0.112156,-0.059942,0.093467,-0.967113,0.102315,-0.080265
3.300000,0.111582,-0.059641,0.092991,-0.968015,0.102105,-0.079859
3.310000,0.111012,-0.059342,0.092517,-0.968911,0.101896,-0.079456
3.320000,0.110445,-0.059044,0.092046,-0.969801,0.101687,-0.079055
3.330000,0.109881,-0.058747,0.091578,-0.970686,0.101479,-0.078655
3.340000,0.109319,-0.058452,0.091112,-0.971566,0.101271,-0.078258
3.350000,0.108761,-0.058158,0.090649,-0.972440,0.101063,-0.077863
3.360000,0.108206,-0.057866,0.090188,-0.973309,0.100856,-0.077470
3.370000,0.107654,-0.057576,0.089729,-0.974172,0.100650,-0.077079
3.380000,0.107105,-0.057287,0.089273,-0.975031,0.100443,-0.076690
3.390000,0.106558,-0.056999,0.088820,-0.975884,0.100238,-0.076303
3.400000,0.106015,-0.056713,0.088368,-0.976731,0.100032,-0.075918
3.410000,0.105474,-0.056429,0.087919,-0.977574,0.099828,-0.075535
3.420000,0.104937,-0.056145,0.087473,-0.978411,0.099623,-0.075154
3.430000,0.104402,-0.055864,0.087028,-0.979244,0.099419,-0.074775
3.440000,0.103870,-0.055583,0.086587,-0.980071,0.099216,-0.074398
3.450000,0.103341,-0.055304,0.086147,-0.980893,0.099013,-0.074023
3.460000,0.102814,-0.055027,0.085710,-0.981710,0.098810,-0.073650
3.470000,0.102291,-0.054751,0.085275,-0.982522,0.098608,-0.073279
3.480000,0.101770,-0.054476,0.084842,-0.983329,0.098406,-0.072909
3.490000,0.101252,-0.054203,0.084412,-0.984132,0.098205,-0.072542
3.500000,0.100737,-0.053931,0.083984,-0.984929,0.098004,-0.072176
3.510000,0.100224,-0.053660,0.083558,-0.985721,0.097803,-0.071813
3.520000,0.099714,-0.053391,0.083134,-0.986509,0.097603,-0.071451
3.530000,0.099207,-0.053123,0.082713,-0.987291,0.097404,-0.071091
3.540000,0.098703,-0.052857,0.082293,-0.988069,0.097204,-0.070733
3.550000,0.098201,-0.052592,0.081876,-0.988842,0.097006,-0.070376
3.560000,0.097702,-0.052328,0.081461,-0.989610,0.096807,-0.070022
3.570000,0.097205,-0.052066,0.081049,-0.990374,0.096609,-0.069669
3.580000,0.096711,-0.051805,0.080638,-0.991132,0.096412,-0.069318
3.590000,0.096220,-0.051545,0.080230,-0.991887,0.096215,-0.068969
3.600000,0.095731,-0.051286,0.079823,-0.992636,0.096018,-0.068622
3.610000,0.095245,-0.051029,0.079419,-0.993381,0.095822,-0.068277
3.620000,0.094762,-0.050773,0.079017,-0.994121,0.095626,-0.067933
3.630000,0.094280,-0.050519,0.078617,-0.994857,0.095431,-0.067591
3.640000,0.093802,-0.050266,0.078219,-0.995588,0.095236,-0.067251
3.650000,0.093326,-0.050014,0.077824,-0.996314,0.095041,-0.066912
3.660000,0.092852,-0.049763,0.077430,-0.997037,0.094847,-0.066576
3.670000,0.092381,-0.049514,0.077038,-0.997754,0.094653,-0.066241
3.680000,0.091913,-0.049265,0.076649,-0.998468,0.094460,-0.065908
3.690000,0.091447,-0.049019,0.076261,-0.999176,0.094267,-0.065576
3.700000,0.090983,-0.048773,0.075875,-0.999881,0.094074,-0.065246
3.710000,0.090522,-0.048528,0.075492,-1.000581,0.093882,-0.064918
3.720000,0.090063,-0.048285,0.075110,-1.001277,0.093690,-0.064592
3.730000,0.089607,-0.048043,0.074730,-1.001968,0.093499,-0.064267
3.740000,0.089153,-0.047803,0.074353,-1.002655,0.093308,-0.063944
3.750000,0.088701,-0.047563,0.073977,-1.003338,0.093118,-0.063622
3.760000,0.088252,-0.047325,0.073603,-1.004017,0.092928,-0.063302
3.770000,0.087805,-0.047088,0.073231,-1.004691,0.092738,-0.062984
3.780000,0.087360,-0.046852,0.072861,-1.005361,0.092549,-0.062667
3.790000,0.086918,-0.046617,0.072494,-1.006028,0.092360,-0.062352
3.800000,0.086478,-0.046384,0.072127,-1.006690,0.092172,-0.062039
3.810000,0.086040,-0.046151,0.071763,-1.007347,0.091984,-0.061727
3.820000,0.085605,-0.045920,0.071401,-1.008001,0.091796,-0.061417
3.830000,0.085171,-0.045690,0.071040,-1.008651,0.091609,-0.061108
3.840000,0.084740,-0.045461,0.070682,-1.009297,0.091422,-0.060801
3.850000,0.084312,-0.045234,0.070325,-1.009938,0.091235,-0.060496
3.860000,0.083885,-0.045007,0.069970,-1.010576,0.091049,-0.060192
3.870000,0.083461,-0.044782,0.069617,-1.011210,0.090864,-0.059890
3.880000,0.083039,-0.044558,0.069266,-1.011840,0.090678,-0.059589
3.890000,0.082619,-0.044334,0.068917,-1.012465,0.090493,-0.059289
3.900000,0.082202,-0.044113,0.068569,-1.013087,0.090309,-0.058992
3.910000,0.081786,-0.043892,0.068223,-1.013706,0.090125,-0.058695
3.920000,0.081373,-0.043672,0.067879,-1.014320,0.089941,-0.058401
3.930000,0.080962,-0.043453,0.067537,-1.014930,0.089758,-0.058107
3.940000,0.080553,-0.043236,0.067196,-1.015537,0.089575,-0.057816
3.950000,0.080146,-0.043019,0.066858,-1.016140,0.089392,-0.057525
3.960000,0.079741,-0.042804,0.066521,-1.016739,0.089210,-0.057237
3.970000,0.079338,-0.042590,0.066185,-1.017334,0.089028,-0.056949
3.980000,0.078937,-0.042377,0.065852,-1.017926,0.088847,-0.056663
3.990000,0.078539,-0.042164,0.065520,-1.018514,0.088666,-0.056379
4.000000,0.078142,-0.041953,0.065190,-1.019098,0.088485,-0.056096
4.010000,0.077748,-0.041743,0.064862,-1.019679,0.088305,-0.055815
4.020000,0.077355,-0.041534,0.064535,-1.020256,0.088125,-0.055534
4.030000,0.076965,-0.041327,0.064210,-1.020829,0.087946,-0.055256
4.040000,0.076577,-0.041120,0.063886,-1.021399,0.087767,-0.054978
4.050000,0.076190,-0.040914,0.063565,-1.021965,0.087588,-0.054703
4.060000,0.075806,-0.040709,0.063245,-1.022528,0.087410,-0.054428
4.070000,0.075424,-0.040506,0.062926,-1.023087,0.087232,-0.054155
4.080000,0.075043,-0.040303,0.062609,-1.023643,0.087054,-0.053883
4.090000,0.074665,-0.040101,0.062294,-1.024195,0.086877,-0.053613
4.100000,0.074288,-0.039901,0.061981,-1.024744,0.086700,-0.053344
4.110000,0.073914,-0.039701,0.061669,-1.025290,0.086524,-0.053077
4.120000,0.073541,-0.039502,0.061358,-1.025832,0.086347,-0.052810
4.130000,0.073170,-0.039305,0.061049,-1.026370,0.086172,-0.052546
4.140000,0.072801,-0.039108,0.060742,-1.026905,0.085996,-0.052282
4.150000,0.072435,-0.038912,0.060437,-1.027437,0.085821,-0.052020
4.160000,0.072069,-0.038718,0.060133,-1.027966,0.085647,-0.051759
4.170000,0.071706,-0.038524,0.059830,-1.028491,0.085473,-0.051500
4.180000,0.071345,-0.038331,0.059529,-1.029013,0.085299,-0.051241
4.190000,0.070986,-0.038140,0.059230,-1.029532,0.085125,-0.050984
4.200000,0.070628,-0.037949,0.058932,-1.030047,0.084952,-0.050729
4.210000,0.070272,-0.037759,0.058636,-1.030559,0.084779,-0.050475
4.220000,0.069918,-0.037570,0.058341,-1.031068,0.084607,-0.050222
4.230000,0.069566,-0.037382,0.058047,-1.031574,0.084435,-0.049970
4.240000,0.069216,-0.037195,0.057756,-1.032077,0.084263,-0.049719
4.250000,0.068867,-0.037009,0.057465,-1.032576,0.084092,-0.049470
4.260000,0.068521,-0.036824,0.057176,-1.033072,0.083921,-0.049222
4.270000,0.068176,-0.036640,0.056889,-1.033566,0.083750,-0.048976
4.280000,0.067833,-0.036457,0.056603,-1.034056,0.083580,-0.048730
4.290000,0.067491,-0.036275,0.056319,-1.034543,0.083410,-0.048486
4.300000,0.067152,-0.036093,0.056036,-1.035027,0.083240,-0.048243
4.310000,0.066814,-0.035913,0.055754,-1.035508,0.083071,-0.048001
4.320000,0.066477,-0.035733,0.055474,-1.035986,0.082902,-0.047761
4.330000,0.066143,-0.035554,0.055195,-1.036461,0.082734,-0.047521
4.340000,0.065810,-0.035377,0.054918,-1.036932,0.082566,-0.047283
4.350000,0.065479,-0.035200,0.054642,-1.037401,0.082398,-0.047047
4.360000,0.065150,-0.035024,0.054368,-1.037867,0.082231,-0.046811
4.370000,0.064822,-0.034849,0.054094,-1.038331,0.082064,-0.046576
4.380000,0.064496,-0.034674,0.053823,-1.038791,0.081897,-0.046343
4.390000,0.064172,-0.034501,0.053553,-1.039248,0.081730,-0.046111
4.400000,0.063849,-0.034329,0.053284,-1.039702,0.081564,-0.045880
4.410000,0.063528,-0.034157,0.053016,-1.040154,0.081399,-0.045650
4.420000,0.063209,-0.033986,0.052750,-1.040603,0.081233,-0.045422
4.430000,0.062891,-0.033816,0.052485,-1.041049,0.081069,-0.045194
4.440000,0.062575,-0.033647,0.052222,-1.041492,0.080904,-0.044968
4.450000,0.062260,-0.033479,0.051959,-1.041932,0.080740,-0.044743
4.460000,0.061947,-0.033312,0.051699,-1.042369,0.080576,-0.044519
4.470000,0.061636,-0.033145,0.051439,-1.042804,0.080412,-0.044296
4.480000,0.061326,-0.032980,0.051181,-1.043236,0.080249,-0.044074
4.490000,0.061018,-0.032815,0.050924,-1.043666,0.080086,-0.043853
4.500000,0.060712,-0.032651,0.050669,-1.044092,0.079923,-0.043634
4.510000,0.060407,-0.032488,0.050414,-1.044516,0.079761,-0.043415
4.520000,0.060103,-0.032325,0.050161,-1.044937,0.079599,-0.043198
4.530000,0.059801,-0.032164,0.049910,-1.045356,0.079438,-0.042982
4.540000,0.059501,-0.032003,0.049659,-1.045772,0.079276,-0.042766
4.550000,0.059202,-0.031843,0.049410,-1.046185,0.079116,-0.042552
4.560000,0.058905,-0.031684,0.049162,-1.046596,0.078955,-0.042339
4.570000,0.058609,-0.031525,0.048916,-1.047004,0.078795,-0.042127
4.580000,0.058315,-0.031368,0.048670,-1.047410,0.078635,-0.041917
4.590000,0.058022,-0.031211,0.048426,-1.047813,0.078475,-0.041707
4.600000,0.057730,-0.031055,0.048183,-1.048213,0.078316,-0.041498
4.610000,0.057441,-0.030900,0.047942,-1.048611,0.078157,-0.041290
4.620000,0.057152,-0.030746,0.047701,-1.049006,0.077999,-0.041084
4.630000,0.056865,-0.030592,0.047462,-1.049399,0.077841,-0.040878
4.640000,0.056580,-0.030439,0.047224,-1.049790,0.077683,-0.040674
4.650000,0.056296,-0.030287,0.046987,-1.050178,0.077525,-0.040470
4.660000,0.056013,-0.030136,0.046752,-1.050563,0.077368,-0.040268
4.670000,0.055732,-0.029985,0.046517,-1.050946,0.077211,-0.040066
4.680000,0.055453,-0.029835,0.046284,-1.051327,0.077055,-0.039866
4.690000,0.055174,-0.029686,0.046052,-1.051705,0.076898,-0.039666
4.700000,0.054898,-0.029538,0.045821,-1.052081,0.076742,-0.039468
4.710000,0.054622,-0.029390,0.045592,-1.052454,0.076587,-0.039270
4.720000,0.054348,-0.029243,0.045363,-1.052825,0.076432,-0.039074
4.730000,0.054075,-0.029097,0.045136,-1.053194,0.076277,-0.038878
4.740000,0.053804,-0.028952,0.044909,-1.053561,0.076122,-0.038684
4.750000,0.053534,-0.028807,0.044684,-1.053925,0.075968,-0.038490
4.760000,0.053266,-0.028663,0.044461,-1.054287,0.075814,-0.038298
4.770000,0.052999,-0.028520,0.044238,-1.054646,0.075660,-0.038106
4.780000,0.052733,-0.028378,0.044016,-1.055003,0.075507,-0.037916
4.790000,0.052468,-0.028236,0.043796,-1.055358,0.075354,-0.037726
4.800000,0.052205,-0.028095,0.043576,-1.055711,0.075201,-0.037537
4.810000,0.051943,-0.027955,0.043358,-1.056062,0.075049,-0.037350
4.820000,0.051683,-0.027815,0.043141,-1.056410,0.074897,-0.037163
4.830000,0.051424,-0.027676,0.042924,-1.056756,0.074745,-0.036977
4.840000,0.051166,-0.027538,0.042709,-1.057100,0.074594,-0.036792
4.850000,0.050909,-0.027400,0.042495,-1.057442,0.074443,-0.036608
4.860000,0.050654,-0.027263,0.042283,-1.057781,0.074292,-0.036425
4.870000,0.050400,-0.027127,0.042071,-1.058119,0.074141,-0.036243
4.880000,0.050148,-0.026992,0.041860,-1.058454,0.073991,-0.036062
4.890000,0.049896,-0.026857,0.041650,-1.058787,0.073841,-0.035881
4.900000,0.049646,-0.026723,0.041442,-1.059118,0.073692,-0.035702
4.910000,0.049397,-0.026589,0.041234,-1.059447,0.073542,-0.035523
4.920000,0.049150,-0.026456,0.041028,-1.059774,0.073394,-0.035346
4.930000,0.048904,-0.026324,0.040822,-1.060099,0.073245,-0.035169
4.940000,0.048658,-0.026193,0.040618,-1.060421,0.073097,-0.034993
4.950000,0.048415,-0.026062,0.040415,-1.060742,0.072949,-0.034818
4.960000,0.048172,-0.025932,0.040212,-1.061061,0.072801,-0.034644
4.970000,0.047931,-0.025802,0.040011,-1.061377,0.072654,-0.034471
4.980000,0.047691,-0.025674,0.039811,-1.061692,0.072507,-0.034299
4.990000,0.047452,-0.025545,0.039611,-1.062004,0.072360,-0.034127
5.000000,0.047214,-0.025418,0.039413,-1.062315,0.072213,-0.033956
5.010000,0.046977,-0.025291,0.039216,-1.062624,0.072067,-0.033787
5.020000,0.046742,-0.025165,0.039019,-1.062930,0.071921,-0.033618
5.030000,0.046508,-0.025039,0.038824,-1.063235,0.071776,-0.033450
5.040000,0.046275,-0.024914,0.038630,-1.063538,0.071630,-0.033283
5.050000,0.046043,-0.024789,0.038436,-1.063839,0.071486,-0.033116
5.060000,0.045813,-0.024666,0.038244,-1.064138,0.071341,-0.032951
5.070000,0.045583,-0.024542,0.038053,-1.064435,0.071197,-0.032786
5.080000,0.045355,-0.024420,0.037862,-1.064730,0.071053,-0.032622
5.090000,0.045128,-0.024298,0.037673,-1.065023,0.070909,-0.032459
5.100000,0.044902,-0.024177,0.037484,-1.065315,0.070765,-0.032297
5.110000,0.044677,-0.024056,0.037297,-1.065604,0.070622,-0.032135
5.120000,0.044453,-0.023936,0.037110,-1.065892,0.070479,-0.031975
5.130000,0.044231,-0.023816,0.036924,-1.066178,0.070337,-0.031815
5.140000,0.044009,-0.023697,0.036740,-1.066462,0.070194,-0.031656
5.150000,0.043789,-0.023579,0.036556,-1.066744,0.070053,-0.031498
5.160000,0.043570,-0.023461,0.036373,-1.067025,0.069911,-0.031340
5.170000,0.043351,-0.023344,0.036191,-1.067304,0.069769,-0.031184
5.180000,0.043134,-0.023228,0.036010,-1.067580,0.069628,-0.031028
5.190000,0.042918,-0.023112,0.035830,-1.067856,0.069488,-0.030873
5.200000,0.042704,-0.022996,0.035650,-1.068129,0.069347,-0.030719
5.210000,0.042490,-0.022881,0.035472,-1.068401,0.069207,-0.030565
5.220000,0.042277,-0.022767,0.035295,-1.068671,0.069067,-0.030412
5.230000,0.042066,-0.022654,0.035118,-1.068939,0.068927,-0.030260
5.240000,0.041855,-0.022540,0.034942,-1.069206,0.068788,-0.030109
5.250000,0.041646,-0.022428,0.034768,-1.069470,0.068649,-0.029959
5.260000,0.041437,-0.022316,0.034594,-1.069734,0.068510,-0.029809
5.270000,0.041230,-0.022204,0.034421,-1.069995,0.068372,-0.029660
5.280000,0.041023,-0.022094,0.034248,-1.070255,0.068233,-0.029512
5.290000,0.040818,-0.021983,0.034077,-1.070513,0.068096,-0.029365
5.300000,0.040614,-0.021874,0.033907,-1.070770,0.067958,-0.029218
5.310000,0.040411,-0.021764,0.033737,-1.071024,0.067821,-0.029072
5.320000,0.040208,-0.021656,0.033568,-1.071278,0.067683,-0.028927
5.330000,0.040007,-0.021548,0.033401,-1.071529,0.067547,-0.028782
5.340000,0.039807,-0.021440,0.033234,-1.071779,0.067410,-0.028638
5.350000,0.039608,-0.021333,0.033067,-1.072028,0.067274,-0.028495
5.360000,0.039410,-0.021227,0.032902,-1.072275,0.067138,-0.028353
5.370000,0.039213,-0.021121,0.032737,-1.072520,0.067002,-0.028211
5.380000,0.039016,-0.021015,0.032574,-1.072764,0.066867,-0.028070
5.390000,0.038821,-0.020910,0.032411,-1.073006,0.066732,-0.027930
5.400000,0.038627,-0.020806,0.032249,-1.073247,0.066597,-0.027791
5.410000,0.038434,-0.020702,0.032088,-1.073486,0.066463,-0.027652
5.420000,0.038242,-0.020599,0.031927,-1.073723,0.066328,-0.027514
5.430000,0.038050,-0.020496,0.031768,-1.073959,0.066194,-0.027376
5.440000,0.037860,-0.020394,0.031609,-1.074194,0.066061,-0.027240
5.450000,0.037671,-0.020292,0.031451,-1.074427,0.065927,-0.027103
5.460000,0.037482,-0.020190,0.031294,-1.074659,0.065794,-0.026968
5.470000,0.037295,-0.020090,0.031137,-1.074889,0.065661,-0.026833
5.480000,0.037108,-0.019989,0.030981,-1.075117,0.065529,-0.026699
5.490000,0.036923,-0.019890,0.030827,-1.075345,0.065396,-0.026566
5.500000,0.036738,-0.019790,0.030672,-1.075570,0.065264,-0.026433
5.510000,0.036554,-0.019692,0.030519,-1.075795,0.065133,-0.026301
5.520000,0.036371,-0.019593,0.030367,-1.076017,0.065001,-0.026170
5.530000,0.036190,-0.019495,0.030215,-1.076239,0.064870,-0.026039
5.540000,0.036009,-0.019398,0.030064,-1.076459,0.064739,-0.025909
5.550000,0.035829,-0.019301,0.029913,-1.076678,0.064608,-0.025780
5.560000,0.035649,-0.019205,0.029764,-1.076895,0.064478,-0.025651
5.570000,0.035471,-0.019109,0.029615,-1.077111,0.064348,-0.025523
5.580000,0.035294,-0.019014,0.029467,-1.077325,0.064218,-0.025396
5.590000,0.035117,-0.018919,0.029320,-1.077538,0.064088,-0.025269
5.600000,0.034942,-0.018824,0.029173,-1.077750,0.063959,-0.025143
5.610000,0.034767,-0.018730,0.029028,-1.077960,0.063830,-0.025017
5.620000,0.034593,-0.018637,0.028883,-1.078169,0.063701,-0.024892
5.630000,0.034420,-0.018544,0.028738,-1.078377,0.063572,-0.024768
5.640000,0.034248,-0.018451,0.028595,-1.078583,0.063444,-0.024644
5.650000,0.034077,-0.018359,0.028452,-1.078788,0.063316,-0.024521
5.660000,0.033907,-0.018268,0.028310,-1.078992,0.063188,-0.024399
5.670000,0.033737,-0.018177,0.028168,-1.079195,0.063061,-0.024277
5.680000,0.033569,-0.018086,0.028027,-1.079396,0.062933,-0.024155
5.690000,0.033401,-0.017996,0.027887,-1.079596,0.062806,-0.024035
5.700000,0.033234,-0.017906,0.027748,-1.079794,0.062680,-0.023915
5.710000,0.033068,-0.017816,0.027609,-1.079992,0.062553,-0.023795
5.720000,0.032902,-0.017727,0.027471,-1.080188,0.062427,-0.023677
5.730000,0.032738,-0.017639,0.027334,-1.080383,0.062301,-0.023558
5.740000,0.032574,-0.017551,0.027197,-1.080576,0.062175,-0.023441
5.750000,0.032411,-0.017463,0.027062,-1.080768,0.062050,-0.023324
5.760000,0.032249,-0.017376,0.026926,-1.080960,0.061925,-0.023207
5.770000,0.032088,-0.017290,0.026792,-1.081149,0.061800,-0.023091
5.780000,0.031928,-0.017203,0.026658,-1.081338,0.061675,-0.022976
5.790000,0.031768,-0.017117,0.026525,-1.081526,0.061551,-0.022861
5.800000,0.031610,-0.017032,0.026392,-1.081712,0.061427,-0.022747
5.810000,0.031452,-0.016947,0.026260,-1.081897,0.061303,-0.022634
5.820000,0.031294,-0.016862,0.026129,-1.082081,0.061179,-0.022521
5.830000,0.031138,-0.016778,0.025999,-1.082263,0.061056,-0.022408
5.840000,0.030982,-0.016695,0.025869,-1.082445,0.060933,-0.022296
5.850000,0.030828,-0.016611,0.025740,-1.082625,0.060810,-0.022185
5.860000,0.030674,-0.016528,0.025611,-1.082805,0.060687,-0.022074
5.870000,0.030520,-0.016446,0.025483,-1.082983,0.060565,-0.021964
5.880000,0.030368,-0.016364,0.025356,-1.083160,0.060443,-0.021854
5.890000,0.030216,-0.016282,0.025229,-1.083335,0.060321,-0.021745
5.900000,0.030065,-0.016201,0.025103,-1.083510,0.060199,-0.021637
5.910000,0.029915,-0.016120,0.024978,-1.083684,0.060078,-0.021529
5.920000,0.029765,-0.016040,0.024853,-1.083856,0.059957,-0.021421
5.930000,0.029617,-0.015960,0.024729,-1.084028,0.059836,-0.021314
5.940000,0.029469,-0.015880,0.024605,-1.084198,0.059715,-0.021208
5.950000,0.029322,-0.015801,0.024482,-1.084367,0.059595,-0.021102
5.960000,0.029175,-0.015722,0.024360,-1.084535,0.059475,-0.020997
5.970000,0.029029,-0.015643,0.024238,-1.084702,0.059355,-0.020892
5.980000,0.028884,-0.015565,0.024117,-1.084868,0.059235,-0.020788
5.990000,0.028740,-0.015488,0.023997,-1.085033,0.059116,-0.020684
6.000000,0.028596,-0.015410,0.023877,-1.085197,0.058997,-0.020581
6.010000,0.028454,-0.015333,0.023758,-1.085359,0.058878,-0.020478
6.020000,0.028311,-0.015257,0.023639,-1.085521,0.058759,-0.020376
6.030000,0.028170,-0.015181,0.023521,-1.085682,0.058641,-0.020274
6.040000,0.028029,-0.015105,0.023404,-1.085842,0.058523,-0.020173
6.050000,0.027889,-0.015030,0.023287,-1.086000,0.058405,-0.020072
6.060000,0.027750,-0.014955,0.023171,-1.086158,0.058287,-0.019972
6.070000,0.027611,-0.014880,0.023055,-1.086315,0.058170,-0.019872
6.080000,0.027473,-0.014806,0.022940,-1.086470,0.058052,-0.019773
6.090000,0.027336,-0.014732,0.022825,-1.086625,0.057935,-0.019674
6.100000,0.027200,-0.014658,0.022711,-1.086778,0.057819,-0.019576
6.110000,0.027064,-0.014585,0.022598,-1.086931,0.057702,-0.019478
6.120000,0.026929,-0.014513,0.022485,-1.087083,0.057586,-0.019381
6.130000,0.026794,-0.014440,0.022373,-1.087233,0.057470,-0.019284
6.140000,0.026660,-0.014368,0.022261,-1.087383,0.057354,-0.019188
6.150000,0.026527,-0.014296,0.022150,-1.087532,0.057239,-0.019092
6.160000,0.026395,-0.014225,0.022039,-1.087680,0.057123,-0.018997
6.170000,0.026263,-0.014154,0.021929,-1.087827,0.057008,-0.018902
6.180000,0.026132,-0.014083,0.021820,-1.087973,0.056893,-0.018808
6.190000,0.026001,-0.014013,0.021711,-1.088118,0.056779,-0.018714
6.200000,0.025871,-0.013943,0.021602,-1.088262,0.056664,-0.018621
6.210000,0.025742,-0.013874,0.021494,-1.088405,0.056550,-0.018528
6.220000,0.025613,-0.013804,0.021387,-1.088547,0.056436,-0.018435
6.230000,0.025486,-0.013736,0.021280,-1.088688,0.056323,-0.018343
6.240000,0.025358,-0.013667,0.021174,-1.088829,0.056209,-0.018252
6.250000,0.025232,-0.013599,0.021068,-1.088968,0.056096,-0.018161
6.260000,0.025106,-0.013531,0.020963,-1.089107,0.055983,-0.018070
6.270000,0.024980,-0.013464,0.020858,-1.089245,0.055871,-0.017980
6.280000,0.024856,-0.013396,0.020754,-1.089381,0.055758,-0.017890
6.290000,0.024731,-0.013329,0.020651,-1.089517,0.055646,-0.017801
6.300000,0.024608,-0.013263,0.020548,-1.089652,0.055534,-0.017712
6.310000,0.024485,-0.013197,0.020445,-1.089787,0.055422,-0.017624
6.320000,0.024363,-0.013131,0.020343,-1.089920,0.055310,-0.017536
6.330000,0.024241,-0.013065,0.020241,-1.090053,0.055199,-0.017448
6.340000,0.024120,-0.013000,0.020140,-1.090184,0.055088,-0.017361
6.350000,0.024000,-0.012935,0.020040,-1.090315,0.054977,-0.017274
6.360000,0.023880,-0.012871,0.019940,-1.090445,0.054866,-0.017188
6.370000,0.023761,-0.012807,0.019840,-1.090574,0.054756,-0.017102
6.380000,0.023642,-0.012743,0.019741,-1.090703,0.054646,-0.017017
6.390000,0.023524,-0.012679,0.019643,-1.090830,0.054536,-0.016932
6.400000,0.023406,-0.012616,0.019545,-1.090957,0.054426,-0.016848
6.410000,0.023290,-0.012553,0.019447,-1.091083,0.054316,-0.016764
6.420000,0.023173,-0.012490,0.019350,-1.091208,0.054207,-0.016680
6.430000,0.023058,-0.012428,0.019253,-1.091332,0.054098,-0.016597
6.440000,0.022942,-0.012366,0.019157,-1.091455,0.053989,-0.016514
6.450000,0.022828,-0.012304,0.019062,-1.091578,0.053880,-0.016431
6.460000,0.022714,-0.012243,0.018966,-1.091700,0.053772,-0.016349
6.470000,0.022601,-0.012182,0.018872,-1.091821,0.053664,-0.016268
6.480000,0.022488,-0.012121,0.018778,-1.091941,0.053556,-0.016187
6.490000,0.022375,-0.012061,0.018684,-1.092061,0.053448,-0.016106
6.500000,0.022264,-0.012000,0.018591,-1.092180,0.053340,-0.016026
6.510000,0.022153,-0.011941,0.018498,-1.092298,0.053233,-0.015946
6.520000,0.022042,-0.011881,0.018405,-1.092415,0.053126,-0.015866
6.530000,0.021932,-0.011822,0.018314,-1.092531,0.053019,-0.015787
6.540000,0.021822,-0.011763,0.018222,-1.092647,0.052912,-0.015708
6.550000,0.021714,-0.011704,0.018131,-1.092762,0.052806,-0.015630
6.560000,0.021605,-0.011646,0.018041,-1.092876,0.052700,-0.015552
6.570000,0.021497,-0.011588,0.017951,-1.092990,0.052594,-0.015474
6.580000,0.021390,-0.011530,0.017861,-1.093103,0.052488,-0.015397
6.590000,0.021283,-0.011472,0.017772,-1.093215,0.052382,-0.015320
6.600000,0.021177,-0.011415,0.017683,-1.093326,0.052277,-0.015244
6.610000,0.021071,-0.011358,0.017595,-1.093437,0.052172,-0.015168
6.620000,0.020966,-0.011301,0.017507,-1.093547,0.052067,-0.015092
6.630000,0.020861,-0.011245,0.017420,-1.093656,0.051962,-0.015017
6.640000,0.020757,-0.011189,0.017333,-1.093765,0.051858,-0.014942
6.650000,0.020654,-0.011133,0.017246,-1.093873,0.051753,-0.014867
6.660000,0.020550,-0.011078,0.017160,-1.093980,0.051649,-0.014793
6.670000,0.020448,-0.011022,0.017075,-1.094086,0.051545,-0.014719
6.680000,0.020346,-0.010967,0.016989,-1.094192,0.051442,-0.014646
6.690000,0.020244,-0.010913,0.016905,-1.094297,0.051338,-0.014573
6.700000,0.020143,-0.010858,0.016820,-1.094401,0.051235,-0.014500
6.710000,0.020043,-0.010804,0.016736,-1.094505,0.051132,-0.014428
6.720000,0.019943,-0.010750,0.016653,-1.094608,0.051029,-0.014356
6.730000,0.019843,-0.010696,0.016570,-1.094711,0.050926,-0.014284
6.740000,0.019744,-0.010643,0.016487,-1.094813,0.050824,-0.014213
6.750000,0.019646,-0.010590,0.016405,-1.094914,0.050722,-0.014142
6.760000,0.019547,-0.010537,0.016323,-1.095014,0.050620,-0.014071
6.770000,0.019450,-0.010485,0.016241,-1.095114,0.050518,-0.014001
6.780000,0.019353,-0.010432,0.016160,-1.095213,0.050416,-0.013931
6.790000,0.019256,-0.010380,0.016080,-1.095312,0.050315,-0.013862
6.800000,0.019160,-0.010329,0.015999,-1.095410,0.050214,-0.013792
6.810000,0.019064,-0.010277,0.015919,-1.095507,0.050113,-0.013724
6.820000,0.018969,-0.010226,0.015840,-1.095603,0.050012,-0.013655
6.830000,0.018875,-0.010175,0.015761,-1.095700,0.049912,-0.013587
6.840000,0.018780,-0.010124,0.015682,-1.095795,0.049811,-0.013519
6.850000,0.018687,-0.010073,0.015604,-1.095890,0.049711,-0.013452
6.860000,0.018593,-0.010023,0.015526,-1.095984,0.049611,-0.013385
6.870000,0.018501,-0.009973,0.015449,-1.096078,0.049512,-0.013318
6.880000,0.018408,-0.009923,0.015372,-1.096170,0.049412,-0.013251
6.890000,0.018316,-0.009874,0.015295,-1.096263,0.049313,-0.013185
6.900000,0.018225,-0.009825,0.015219,-1.096355,0.049214,-0.013120
6.910000,0.018134,-0.009776,0.015143,-1.096446,0.049115,-0.013054
6.920000,0.018044,-0.009727,0.015067,-1.096536,0.049016,-0.012989
6.930000,0.017954,-0.009678,0.014992,-1.096627,0.048917,-0.012924
6.940000,0.017864,-0.009630,0.014917,-1.096716,0.048819,-0.012860
6.950000,0.017775,-0.009582,0.014843,-1.096805,0.048721,-0.012795
6.960000,0.017686,-0.009534,0.014769,-1.096893,0.048623,-0.012732
6.970000,0.017598,-0.009487,0.014695,-1.096981,0.048525,-0.012668
6.980000,0.017510,-0.009439,0.014622,-1.097068,0.048428,-0.012605
6.990000,0.017423,-0.009392,0.014549,-1.097155,0.048330,-0.012542
7.000000,0.017336,-0.009345,0.014476,-1.097241,0.048233,-0.012479
7.010000,0.017249,-0.009299,0.014404,-1.097326,0.048136,-0.012417
7.020000,0.017163,-0.009252,0.014332,-1.097411,0.048040,-0.012355
7.030000,0.017077,-0.009206,0.014260,-1.097496,0.047943,-0.012294
7.040000,0.016992,-0.009160,0.014189,-1.097580,0.047847,-0.012232
7.050000,0.016907,-0.009115,0.014118,-1.097663,0.047751,-0.012171
7.060000,0.016823,-0.009069,0.014048,-1.097746,0.047655,-0.012111
7.070000,0.016739,-0.009024,0.013978,-1.097828,0.047559,-0.012050
7.080000,0.016655,-0.008979,0.013908,-1.097910,0.047463,-0.011990
7.090000,0.016572,-0.008934,0.013839,-1.097991,0.047368,-0.011930
7.100000,0.016490,-0.008890,0.013770,-1.098072,0.047273,-0.011871
7.110000,0.016407,-0.008845,0.013701,-1.098152,0.047178,-0.011811
7.120000,0.016326,-0.008801,0.013633,-1.098231,0.047083,-0.011753
7.130000,0.016244,-0.008757,0.013565,-1.098311,0.046988,-0.011694
7.140000,0.016163,-0.008714,0.013497,-1.098389,0.046894,-0.011636
7.150000,0.016082,-0.008670,0.013430,-1.098467,0.046800,-0.011577
7.160000,0.016002,-0.008627,0.013363,-1.098545,0.046706,-0.011520
7.170000,0.015922,-0.008584,0.013296,-1.098622,0.046612,-0.011462
7.180000,0.015843,-0.008541,0.013229,-1.098699,0.046518,-0.011405
7.190000,0.015764,-0.008498,0.013163,-1.098775,0.046425,-0.011348
7.200000,0.015685,-0.008456,0.013098,-1.098850,0.046332,-0.011292
7.210000,0.015607,-0.008414,0.013032,-1.098926,0.046239,-0.011235
7.220000,0.015529,-0.008372,0.012967,-1.099000,0.046146,-0.011179
7.230000,0.015451,-0.008330,0.012903,-1.099074,0.046053,-0.011123
7.240000,0.015374,-0.008289,0.012838,-1.099148,0.045961,-0.011068
7.250000,0.015298,-0.008247,0.012774,-1.099221,0.045868,-0.011013
7.260000,0.015221,-0.008206,0.012711,-1.099294,0.045776,-0.010958
7.270000,0.015145,-0.008165,0.012647,-1.099366,0.045684,-0.010903
7.280000,0.015070,-0.008124,0.012584,-1.099438,0.045592,-0.010849
7.290000,0.014995,-0.008084,0.012521,-1.099510,0.045501,-0.010795
7.300000,0.014920,-0.008044,0.012459,-1.099581,0.045409,-0.010741
7.310000,0.014845,-0.008003,0.012397,-1.099651,0.045318,-0.010687
7.320000,0.014771,-0.007963,0.012335,-1.099721,0.045227,-0.010634
7.330000,0.014698,-0.007924,0.012273,-1.099791,0.045136,-0.010581
7.340000,0.014624,-0.007884,0.012212,-1.099860,0.045046,-0.010528
7.350000,0.014551,-0.007845,0.012151,-1.099928,0.044955,-0.010475
7.360000,0.014479,-0.007806,0.012090,-1.099997,0.044865,-0.010423
7.370000,0.014406,-0.007767,0.012030,-1.100064,0.044775,-0.010371
7.380000,0.014334,-0.007728,0.011970,-1.100132,0.044685,-0.010319
7.390000,0.014263,-0.007690,0.011910,-1.100199,0.044595,-0.010268
7.400000,0.014192,-0.007651,0.011851,-1.100265,0.044506,-0.010217
7.410000,0.014121,-0.007613,0.011792,-1.100331,0.044416,-0.010166
7.420000,0.014051,-0.007575,0.011733,-1.100397,0.044327,-0.010115
7.430000,0.013980,-0.007537,0.011674,-1.100462,0.044238,-0.010065
7.440000,0.013911,-0.007500,0.011616,-1.100527,0.044149,-0.010014
7.450000,0.013841,-0.007462,0.011558,-1.100591,0.044061,-0.009964
7.460000,0.013772,-0.007425,0.011501,-1.100655,0.043972,-0.009915
7.470000,0.013703,-0.007388,0.011443,-1.100719,0.043884,-0.009865
7.480000,0.013635,-0.007351,0.011386,-1.100782,0.043796,-0.009816
7.490000,0.013567,-0.007314,0.011329,-1.100845,0.043708,-0.009767
7.500000,0.013499,-0.007278,0.011273,-1.100907,0.043620,-0.009718
7.510000,0.013432,-0.007242,0.011217,-1.100969,0.043533,-0.009670
7.520000,0.013365,-0.007206,0.011161,-1.101030,0.043445,-0.009622
7.530000,0.013298,-0.007170,0.011105,-1.101091,0.043358,-0.009574
7.540000,0.013232,-0.007134,0.011049,-1.101152,0.043271,-0.009526
7.550000,0.013166,-0.007098,0.010994,-1.101213,0.043184,-0.009478
7.560000,0.013100,-0.007063,0.010940,-1.101273,0.043098,-0.009431
7.570000,0.013035,-0.007028,0.010885,-1.101332,0.043011,-0.009384
7.580000,0.012970,-0.006993,0.010831,-1.101391,0.042925,-0.009337
7.590000,0.012905,-0.006958,0.010777,-1.101450,0.042839,-0.009291
7.600000,0.012841,-0.006923,0.010723,-1.101509,0.042753,-0.009244
7.610000,0.012777,-0.006888,0.010669,-1.101567,0.042667,-0.009198
7.620000,0.012713,-0.006854,0.010616,-1.101624,0.042581,-0.009152
7.630000,0.012650,-0.006820,0.010563,-1.101682,0.042496,-0.009107
7.640000,0.012586,-0.006786,0.010510,-1.101738,0.042410,-0.009061
7.650000,0.012524,-0.006752,0.010458,-1.101795,0.042325,-0.009016
7.660000,0.012461,-0.006718,0.010406,-1.101851,0.042240,-0.008971
7.670000,0.012399,-0.006685,0.010354,-1.101907,0.042156,-0.008926
7.680000,0.012337,-0.006652,0.010302,-1.101963,0.042071,-0.008882
7.690000,0.012276,-0.006618,0.010251,-1.102018,0.041987,-0.008838
7.700000,0.012214,-0.006585,0.010200,-1.102073,0.041902,-0.008793
7.710000,0.012153,-0.006552,0.010149,-1.102127,0.041818,-0.008750
7.720000,0.012093,-0.006520,0.010098,-1.102181,0.041734,-0.008706
7.730000,0.012032,-0.006487,0.010048,-1.102235,0.041651,-0.008662
7.740000,0.011972,-0.006455,0.009998,-1.102288,0.041567,-0.008619
7.750000,0.011913,-0.006423,0.009948,-1.102341,0.041484,-0.008576
7.760000,0.011853,-0.006391,0.009898,-1.102394,0.041400,-0.008534
7.770000,0.011794,-0.006359,0.009849,-1.102446,0.041317,-0.008491
7.780000,0.011735,-0.006327,0.009800,-1.102498,0.041234,-0.008449
7.790000,0.011677,-0.006296,0.009751,-1.102550,0.041152,-0.008406
7.800000,0.011618,-0.006264,0.009702,-1.102601,0.041069,-0.008365
7.810000,0.011561,-0.006233,0.009654,-1.102652,0.040987,-0.008323
7.820000,0.011503,-0.006202,0.009606,-1.102703,0.040904,-0.008281
7.830000,0.011445,-0.006171,0.009558,-1.102753,0.040822,-0.008240
7.840000,0.011388,-0.006140,0.009510,-1.102803,0.040740,-0.008199
7.850000,0.011332,-0.006109,0.009463,-1.102853,0.040659,-0.008158
7.860000,0.011275,-0.006079,0.009415,-1.102902,0.040577,-0.008117
7.870000,0.011219,-0.006049,0.009368,-1.102951,0.040496,-0.008077
7.880000,0.011163,-0.006018,0.009322,-1.103000,0.040414,-0.008036
7.890000,0.011107,-0.005988,0.009275,-1.103049,0.040333,-0.007996
7.900000,0.011052,-0.005959,0.009229,-1.103097,0.040252,-0.007957
7.910000,0.010997,-0.005929,0.009183,-1.103145,0.040172,-0.007917
7.920000,0.010942,-0.005899,0.009137,-1.103192,0.040091,-0.007877
7.930000,0.010887,-0.005870,0.009091,-1.103239,0.040011,-0.007838
7.940000,0.010833,-0.005841,0.009046,-1.103286,0.039930,-0.007799
7.950000,0.010779,-0.005811,0.009001,-1.103333,0.039850,-0.007760
7.960000,0.010725,-0.005782,0.008956,-1.103379,0.039770,-0.007721
7.970000,0.010671,-0.005754,0.008911,-1.103425,0.039691,-0.007683
7.980000,0.010618,-0.005725,0.008867,-1.103471,0.039611,-0.007644
7.990000,0.010565,-0.005696,0.008823,-1.103516,0.039532,-0.007606
8.000000,0.010513,-0.005668,0.008779,-1.103561,0.039452,-0.007568
8.010000,0.010460,-0.005640,0.008735,-1.103606,0.039373,-0.007531
8.020000,0.010408,-0.005612,0.008691,-1.103651,0.039294,-0.007493
8.030000,0.010356,-0.005584,0.008648,-1.103695,0.039215,-0.007456
8.040000,0.010304,-0.005556,0.008605,-1.103739,0.039137,-0.007419
8.050000,0.010253,-0.005528,0.008562,-1.103783,0.039058,-0.007382
8.060000,0.010202,-0.005500,0.008519,-1.103826,0.038980,-0.007345
8.070000,0.010151,-0.005473,0.008477,-1.103869,0.038902,-0.007308
8.080000,0.010100,-0.005446,0.008434,-1.103912,0.038824,-0.007272
8.090000,0.010050,-0.005419,0.008392,-1.103955,0.038746,-0.007235
8.100000,0.010000,-0.005392,0.008351,-1.103997,0.038668,-0.007199
8.110000,0.009950,-0.005365,0.008309,-1.104039,0.038591,-0.007163
8.120000,0.009900,-0.005338,0.008267,-1.104081,0.038513,-0.007128
8.130000,0.009851,-0.005311,0.008226,-1.104122,0.038436,-0.007092
8.140000,0.009802,-0.005285,0.008185,-1.104163,0.038359,-0.007057
8.150000,0.009753,-0.005258,0.008144,-1.104204,0.038282,-0.007022
8.160000,0.009704,-0.005232,0.008104,-1.104245,0.038205,-0.006986
8.170000,0.009656,-0.005206,0.008063,-1.104285,0.038129,-0.006952
8.180000,0.009608,-0.005180,0.008023,-1.104326,0.038052,-0.006917
8.190000,0.009560,-0.005154,0.007983,-1.104366,0.037976,-0.006882
8.200000,0.009512,-0.005129,0.007943,-1.104405,0.037900,-0.006848
8.210000,0.009465,-0.005103,0.007904,-1.104445,0.037824,-0.006814
8.220000,0.009417,-0.005078,0.007864,-1.104484,0.037748,-0.006780
8.230000,0.009370,-0.005052,0.007825,-1.104523,0.037672,-0.006746
8.240000,0.009324,-0.005027,0.007786,-1.104561,0.037597,-0.006713
8.250000,0.009277,-0.005002,0.007747,-1.104600,0.037521,-0.006679
8.260000,0.009231,-0.004977,0.007708,-1.104638,0.037446,-0.006646
8.270000,0.009185,-0.004952,0.007670,-1.104676,0.037371,-0.006613
8.280000,0.009139,-0.004927,0.007632,-1.104713,0.037296,-0.006580
8.290000,0.009093,-0.004903,0.007594,-1.104751,0.037221,-0.006547
8.300000,0.009048,-0.004878,0.007556,-1.104788,0.037147,-0.006514
8.310000,0.009003,-0.004854,0.007518,-1.104825,0.037072,-0.006482
8.320000,0.008958,-0.004830,0.007481,-1.104861,0.036998,-0.006449
8.330000,0.008913,-0.004806,0.007443,-1.104898,0.036924,-0.006417
8.340000,0.008869,-0.004782,0.007406,-1.104934,0.036850,-0.006385
8.350000,0.008825,-0.004758,0.007369,-1.104970,0.036776,-0.006353
8.360000,0.008781,-0.004734,0.007332,-1.105006,0.036702,-0.006322
8.370000,0.008737,-0.004711,0.007296,-1.105041,0.036628,-0.006290
8.380000,0.008693,-0.004687,0.007259,-1.105077,0.036555,-0.006259
8.390000,0.008650,-0.004664,0.007223,-1.105112,0.036482,-0.006227
8.400000,0.008607,-0.004641,0.007187,-1.105147,0.036409,-0.006196
8.410000,0.008564,-0.004617,0.007151,-1.105181,0.036336,-0.006165
8.420000,0.008521,-0.004594,0.007116,-1.105216,0.036263,-0.006135
8.430000,0.008479,-0.004571,0.007080,-1.105250,0.036190,-0.006104
8.440000,0.008436,-0.004549,0.007045,-1.105284,0.036118,-0.006074
8.450000,0.008394,-0.004526,0.007010,-1.105317,0.036045,-0.006043
8.460000,0.008352,-0.004503,0.006975,-1.105351,0.035973,-0.006013
8.470000,0.008311,-0.004481,0.006940,-1.105384,0.035901,-0.005983
8.480000,0.008269,-0.004459,0.006905,-1.105417,0.035829,-0.005953
8.490000,0.008228,-0.004436,0.006871,-1.105450,0.035757,-0.005924
8.500000,0.008187,-0.004414,0.006837,-1.105483,0.035685,-0.005894
8.510000,0.008146,-0.004392,0.006803,-1.105515,0.035614,-0.005865
8.520000,0.008105,-0.004370,0.006769,-1.105547,0.035542,-0.005836
8.530000,0.008065,-0.004348,0.006735,-1.105580,0.035471,-0.005806
8.540000,0.008025,-0.004327,0.006701,-1.105611,0.035400,-0.005777
8.550000,0.007985,-0.004305,0.006668,-1.105643,0.035329,-0.005749
8.560000,0.007945,-0.004284,0.006635,-1.105674,0.035258,-0.005720
8.570000,0.007905,-0.004262,0.006601,-1.105706,0.035188,-0.005691
8.580000,0.007866,-0.004241,0.006569,-1.105737,0.035117,-0.005663
8.590000,0.007827,-0.004220,0.006536,-1.105767,0.035047,-0.005635
8.600000,0.007788,-0.004199,0.006503,-1.105798,0.034977,-0.005607
8.610000,0.007749,-0.004178,0.006471,-1.105828,0.034906,-0.005579
8.620000,0.007710,-0.004157,0.006438,-1.105859,0.034836,-0.005551
8.630000,0.007672,-0.004136,0.006406,-1.105889,0.034767,-0.005523
8.640000,0.007633,-0.004116,0.006374,-1.105918,0.034697,-0.005496
8.650000,0.007595,-0.004095,0.006343,-1.105948,0.034627,-0.005468
8.660000,0.007557,-0.004075,0.006311,-1.105978,0.034558,-0.005441
8.670000,0.007520,-0.004054,0.006279,-1.106007,0.034489,-0.005414
8.680000,0.007482,-0.004034,0.006248,-1.106036,0.034420,-0.005387
8.690000,0.007445,-0.004014,0.006217,-1.106065,0.034351,-0.005360
8.700000,0.007408,-0.003994,0.006186,-1.106093,0.034282,-0.005333
8.710000,0.007371,-0.003974,0.006155,-1.106122,0.034213,-0.005307
8.720000,0.007334,-0.003954,0.006124,-1.106150,0.034145,-0.005280
8.730000,0.007297,-0.003935,0.006094,-1.106178,0.034076,-0.005254
8.740000,0.007261,-0.003915,0.006063,-1.106206,0.034008,-0.005228
8.750000,0.007225,-0.003895,0.006033,-1.106234,0.033940,-0.005202
8.760000,0.007189,-0.003876,0.006003,-1.106262,0.033872,-0.005176
8.770000,0.007153,-0.003857,0.005973,-1.106289,0.033804,-0.005150
8.780000,0.007117,-0.003837,0.005943,-1.106316,0.033736,-0.005124
8.790000,0.007082,-0.003818,0.005914,-1.106343,0.033669,-0.005099
8.800000,0.007046,-0.003799,0.005884,-1.106370,0.033601,-0.005073
8.810000,0.007011,-0.003780,0.005855,-1.106397,0.033534,-0.005048
8.820000,0.006976,-0.003761,0.005826,-1.106424,0.033467,-0.005023
8.830000,0.006941,-0.003743,0.005797,-1.106450,0.033400,-0.004998
8.840000,0.006907,-0.003724,0.005768,-1.106476,0.033333,-0.004973
8.850000,0.006872,-0.003705,0.005739,-1.106502,0.033266,-0.004948
8.860000,0.006838,-0.003687,0.005710,-1.106528,0.033199,-0.004923
8.870000,0.006804,-0.003669,0.005682,-1.106554,0.033133,-0.004899
8.880000,0.006770,-0.003650,0.005654,-1.106579,0.033066,-0.004874
8.890000,0.006736,-0.003632,0.005625,-1.106605,0.033000,-0.004850
8.900000,0.006703,-0.003614,0.005597,-1.106630,0.032934,-0.004826
8.910000,0.006669,-0.003596,0.005569,-1.106655,0.032868,-0.004802
8.920000,0.006636,-0.003578,0.005542,-1.106680,0.032802,-0.004778
8.930000,0.006603,-0.003560,0.005514,-1.106705,0.032736,-0.004754
8.940000,0.006570,-0.003542,0.005486,-1.106729,0.032671,-0.004730
8.950000,0.006537,-0.003525,0.005459,-1.106754,0.032605,-0.004707
8.960000,0.006505,-0.003507,0.005432,-1.106778,0.032540,-0.004683
8.970000,0.006472,-0.003490,0.005405,-1.106802,0.032475,-0.004660
8.980000,0.006440,-0.003472,0.005378,-1.106826,0.032410,-0.004636
8.990000,0.006408,-0.003455,0.005351,-1.106850,0.032345,-0.004613
9.000000,0.006376,-0.003438,0.005324,-1.106873,0.032280,-0.004590
9.010000,0.006344,-0.003421,0.005298,-1.106897,0.032215,-0.004567
9.020000,0.006312,-0.003404,0.005271,-1.106920,0.032151,-0.004545
9.030000,0.006281,-0.003387,0.005245,-1.106943,0.032087,-0.004522
9.040000,0.006249,-0.003370,0.005219,-1.106966,0.032022,-0.004499
9.050000,0.006218,-0.003353,0.005193,-1.106989,0.031958,-0.004477
9.060000,0.006187,-0.003336,0.005167,-1.107012,0.031894,-0.004455
9.070000,0.006156,-0.003319,0.005141,-1.107034,0.031830,-0.004432
9.080000,0.006126,-0.003303,0.005115,-1.107057,0.031766,-0.004410
9.090000,0.006095,-0.003286,0.005090,-1.107079,0.031703,-0.004388
9.100000,0.006065,-0.003270,0.005065,-1.107101,0.031639,-0.004366
9.110000,0.006035,-0.003254,0.005039,-1.107123,0.031576,-0.004345
9.120000,0.006004,-0.003238,0.005014,-1.107145,0.031513,-0.004323
9.130000,0.005974,-0.003221,0.004989,-1.107167,0.031450,-0.004301
9.140000,0.005945,-0.003205,0.004964,-1.107189,0.031387,-0.004280
9.150000,0.005915,-0.003189,0.004940,-1.107210,0.031324,-0.004259
9.160000,0.005886,-0.003173,0.004915,-1.107231,0.031261,-0.004237
9.170000,0.005856,-0.003158,0.004890,-1.107252,0.031198,-0.004216
9.180000,0.005827,-0.003142,0.004866,-1.107273,0.031136,-0.004195
9.190000,0.005798,-0.003126,0.004842,-1.107294,0.031074,-0.004174
9.200000,0.005769,-0.003111,0.004818,-1.107315,0.031011,-0.004153
9.210000,0.005740,-0.003095,0.004794,-1.107336,0.030949,-0.004133
9.220000,0.005712,-0.003080,0.004770,-1.107356,0.030887,-0.004112
9.230000,0.005683,-0.003064,0.004746,-1.107377,0.030825,-0.004092
9.240000,0.005655,-0.003049,0.004722,-1.107397,0.030764,-0.004071
9.250000,0.005627,-0.003034,0.004699,-1.107417,0.030702,-0.004051
9.260000,0.005598,-0.003019,0.004675,-1.107437,0.030641,-0.004031
9.270000,0.005571,-0.003004,0.004652,-1.107457,0.030579,-0.004011
9.280000,0.005543,-0.002989,0.004629,-1.107476,0.030518,-0.003991
9.290000,0.005515,-0.002974,0.004606,-1.107496,0.030457,-0.003971
9.300000,0.005488,-0.002959,0.004583,-1.107516,0.030396,-0.003951
9.310000,0.005460,-0.002944,0.004560,-1.107535,0.030335,-0.003931
9.320000,0.005433,-0.002929,0.004537,-1.107554,0.030274,-0.003912
9.330000,0.005406,-0.002915,0.004514,-1.107573,0.030214,-0.003892
9.340000,0.005379,-0.002900,0.004492,-1.107592,0.030153,-0.003873
9.350000,0.005352,-0.002886,0.004469,-1.107611,0.030093,-0.003853
9.360000,0.005325,-0.002871,0.004447,-1.107630,0.030032,-0.003834
9.370000,0.005299,-0.002857,0.004425,-1.107648,0.029972,-0.003815
9.380000,0.005272,-0.002843,0.004403,-1.107667,0.029912,-0.003796
9.390000,0.005246,-0.002829,0.004381,-1.107685,0.029852,-0.003777
9.400000,0.005220,-0.002815,0.004359,-1.107703,0.029793,-0.003758
9.410000,0.005194,-0.002801,0.004337,-1.107721,0.029733,-0.003739
9.420000,0.005168,-0.002787,0.004316,-1.107739,0.029673,-0.003721
9.430000,0.005142,-0.002773,0.004294,-1.107757,0.029614,-0.003702
9.440000,0.005117,-0.002759,0.004273,-1.107775,0.029555,-0.003684
9.450000,0.005091,-0.002745,0.004251,-1.107793,0.029495,-0.003665
9.460000,0.005066,-0.002731,0.004230,-1.107810,0.029436,-0.003647
9.470000,0.005040,-0.002718,0.004209,-1.107828,0.029377,-0.003629
9.480000,0.005015,-0.002704,0.004188,-1.107845,0.029319,-0.003611
9.490000,0.004990,-0.002691,0.004167,-1.107862,0.029260,-0.003593
9.500000,0.004965,-0.002677,0.004146,-1.107879,0.029201,-0.003575
9.510000,0.004941,-0.002664,0.004126,-1.107896,0.029143,-0.003557
9.520000,0.004916,-0.002651,0.004105,-1.107913,0.029085,-0.003539
9.530000,0.004891,-0.002637,0.004085,-1.107930,0.029026,-0.003522
9.540000,0.004867,-0.002624,0.004064,-1.107947,0.028968,-0.003504
9.550000,0.004843,-0.002611,0.004044,-1.107963,0.028910,-0.003487
9.560000,0.004819,-0.002598,0.004024,-1.107980,0.028852,-0.003469
9.570000,0.004795,-0.002585,0.004004,-1.107996,0.028795,-0.003452
9.580000,0.004771,-0.002572,0.003984,-1.108012,0.028737,-0.003435
9.590000,0.004747,-0.002559,0.003964,-1.108028,0.028679,-0.003418
9.600000,0.004723,-0.002547,0.003944,-1.108044,0.028622,-0.003401
9.610000,0.004700,-0.002534,0.003925,-1.108060,0.028565,-0.003384
9.620000,0.004676,-0.002521,0.003905,-1.108076,0.028507,-0.003367
9.630000,0.004653,-0.002509,0.003886,-1.108092,0.028450,-0.003350
9.640000,0.004630,-0.002496,0.003866,-1.108107,0.028393,-0.003333
9.650000,0.004607,-0.002484,0.003847,-1.108123,0.028337,-0.003317
9.660000,0.004584,-0.002471,0.003828,-1.108138,0.028280,-0.003300
9.670000,0.004561,-0.002459,0.003809,-1.108154,0.028223,-0.003284
9.680000,0.004538,-0.002447,0.003790,-1.108169,0.028167,-0.003267
9.690000,0.004515,-0.002435,0.003771,-1.108184,0.028110,-0.003251
9.700000,0.004493,-0.002423,0.003752,-1.108199,0.028054,-0.003235
9.710000,0.004470,-0.002410,0.003733,-1.108214,0.027998,-0.003219
9.720000,0.004448,-0.002398,0.003715,-1.108229,0.027942,-0.003203
9.730000,0.004426,-0.002386,0.003696,-1.108244,0.027886,-0.003187
9.740000,0.004404,-0.002375,0.003678,-1.108258,0.027830,-0.003171
9.750000,0.004382,-0.002363,0.003659,-1.108273,0.027774,-0.003155
9.760000,0.004360,-0.002351,0.003641,-1.108287,0.027719,-0.003139
9.770000,0.004338,-0.002339,0.003623,-1.108302,0.027663,-0.003123
9.780000,0.004317,-0.002328,0.003605,-1.108316,0.027608,-0.003108
9.790000,0.004295,-0.002316,0.003587,-1.108330,0.027553,-0.003092
9.800000,0.004274,-0.002304,0.003569,-1.108344,0.027497,-0.003077
9.810000,0.004252,-0.002293,0.003551,-1.108358,0.027442,-0.003062
9.820000,0.004231,-0.002281,0.003533,-1.108372,0.027388,-0.003046
9.830000,0.004210,-0.002270,0.003516,-1.108386,0.027333,-0.003031
9.840000,0.004189,-0.002259,0.003498,-1.108399,0.027278,-0.003016
9.850000,0.004168,-0.002247,0.003481,-1.108413,0.027223,-0.003001
9.860000,0.004147,-0.002236,0.003463,-1.108427,0.027169,-0.002986
9.870000,0.004127,-0.002225,0.003446,-1.108440,0.027115,-0.002971
9.880000,0.004106,-0.002214,0.003429,-1.108453,0.027060,-0.002956
9.890000,0.004086,-0.002203,0.003412,-1.108467,0.027006,-0.002942
9.900000,0.004065,-0.002192,0.003395,-1.108480,0.026952,-0.002927
9.910000,0.004045,-0.002181,0.003378,-1.108493,0.026898,-0.002912
9.920000,0.004025,-0.002170,0.003361,-1.108506,0.026844,-0.002898
9.930000,0.004005,-0.002159,0.003344,-1.108519,0.026790,-0.002883
9.940000,0.003985,-0.002149,0.003328,-1.108532,0.026737,-0.002869
9.950000,0.003965,-0.002138,0.003311,-1.108545,0.026683,-0.002855
9.960000,0.003945,-0.002127,0.003294,-1.108557,0.026630,-0.002840
9.970000,0.003925,-0.002117,0.003278,-1.108570,0.026577,-0.002826
9.980000,0.003906,-0.002106,0.003262,-1.108582,0.026523,-0.002812
9.990000,0.003886,-0.002096,0.003245,-1.108595,0.026470,-0.002798
10.000000,0.003867,-0.002085,0.003229,-1.108607,0.026417,-0.002784
