0.000000,-0.390243,0.612563,0.853194,0.371564,0.700388,0.536306
0.010000,-0.387710,0.607382,0.851758,0.366163,0.697419,0.532111
0.020000,-0.385200,0.602278,0.850302,0.360762,0.694475,0.527972
0.030000,-0.382715,0.597249,0.848826,0.355363,0.691555,0.523887
0.040000,-0.380252,0.592293,0.847329,0.349966,0.688659,0.519857
0.050000,-0.377812,0.587408,0.845813,0.344570,0.685786,0.515878
0.060000,-0.375395,0.582593,0.844277,0.339175,0.682937,0.511952
0.070000,-0.373000,0.577847,0.842721,0.333783,0.680111,0.508075
0.080000,-0.370627,0.573167,0.841147,0.328392,0.677308,0.504247
0.090000,-0.368276,0.568552,0.839555,0.323004,0.674527,0.500468
0.100000,-0.365945,0.564000,0.837944,0.317617,0.671768,0.496735
0.110000,-0.363636,0.559510,0.836314,0.312233,0.669031,0.493049
0.120000,-0.361347,0.555081,0.834667,0.306852,0.666315,0.489407
0.130000,-0.359079,0.550711,0.833003,0.301473,0.663621,0.485810
0.140000,-0.356830,0.546399,0.831321,0.296097,0.660948,0.482256
0.150000,-0.354602,0.542144,0.829621,0.290724,0.658296,0.478744
0.160000,-0.352392,0.537945,0.827906,0.285354,0.655664,0.475274
0.170000,-0.350202,0.533799,0.826173,0.279987,0.653052,0.471844
0.180000,-0.348031,0.529707,0.824425,0.274623,0.650460,0.468454
0.190000,-0.345879,0.525666,0.822660,0.269263,0.647888,0.465103
0.200000,-0.343745,0.521676,0.820880,0.263907,0.645335,0.461790
0.210000,-0.341629,0.517737,0.819084,0.258554,0.642802,0.458515
0.220000,-0.339531,0.513845,0.817273,0.253205,0.640287,0.455277
0.230000,-0.337451,0.510002,0.815447,0.247860,0.637791,0.452075
0.240000,-0.335388,0.506206,0.813606,0.242519,0.635314,0.448908
0.250000,-0.333342,0.502455,0.811751,0.237183,0.632855,0.445776
0.260000,-0.331314,0.498749,0.809882,0.231850,0.630414,0.442679
0.270000,-0.329302,0.495087,0.807999,0.226523,0.627990,0.439614
0.280000,-0.327306,0.491469,0.806102,0.221200,0.625585,0.436583
0.290000,-0.325327,0.487893,0.804192,0.215882,0.623196,0.433584
0.300000,-0.323364,0.484358,0.802268,0.210569,0.620825,0.430617
0.310000,-0.321417,0.480864,0.800332,0.205260,0.618471,0.427681
0.320000,-0.319486,0.477410,0.798382,0.199957,0.616133,0.424775
0.330000,-0.317570,0.473995,0.796421,0.194660,0.613812,0.421900
0.340000,-0.315670,0.470619,0.794447,0.189368,0.611508,0.419054
0.350000,-0.313784,0.467280,0.792461,0.184081,0.609219,0.416237
0.360000,-0.311914,0.463979,0.790463,0.178800,0.606947,0.413449
0.370000,-0.310058,0.460713,0.788454,0.173525,0.604691,0.410689
0.380000,-0.308217,0.457484,0.786434,0.168257,0.602450,0.407957
0.390000,-0.306390,0.454290,0.784403,0.162994,0.600224,0.405252
0.400000,-0.304578,0.451130,0.782360,0.157737,0.598014,0.402573
0.410000,-0.302780,0.448003,0.780308,0.152487,0.595818,0.399921
0.420000,-0.300995,0.444911,0.778244,0.147243,0.593638,0.397295
0.430000,-0.299224,0.441850,0.776171,0.142006,0.591473,0.394694
0.440000,-0.297467,0.438822,0.774088,0.136776,0.589322,0.392118
0.450000,-0.295723,0.435826,0.771995,0.131553,0.587185,0.389567
0.460000,-0.293992,0.432860,0.769893,0.126336,0.585063,0.387040
0.470000,-0.292275,0.429925,0.767782,0.121127,0.582954,0.384536
0.480000,-0.290570,0.427020,0.765661,0.115925,0.580860,0.382057
0.490000,-0.288878,0.424144,0.763532,0.110730,0.578779,0.379600
0.500000,-0.287199,0.421297,0.761394,0.105543,0.576712,0.377167
0.510000,-0.285533,0.418479,0.759248,0.100364,0.574659,0.374756
0.520000,-0.283878,0.415689,0.757094,0.095192,0.572619,0.372366
0.530000,-0.282236,0.412927,0.754932,0.090028,0.570592,0.369999
0.540000,-0.280606,0.410191,0.752762,0.084873,0.568578,0.367653
0.550000,-0.278988,0.407483,0.750584,0.079725,0.566577,0.365329
0.560000,-0.277382,0.404800,0.748399,0.074586,0.564588,0.363025
0.570000,-0.275787,0.402144,0.746207,0.069454,0.562613,0.360741
0.580000,-0.274205,0.399513,0.744009,0.064332,0.560650,0.358478
0.590000,-0.272633,0.396907,0.741803,0.059218,0.558699,0.356235
0.600000,-0.271073,0.394326,0.739591,0.054113,0.556760,0.354012
0.610000,-0.269524,0.391769,0.737373,0.049016,0.554834,0.351808
0.620000,-0.267986,0.389236,0.735148,0.043929,0.552919,0.349623
0.630000,-0.266459,0.386726,0.732918,0.038850,0.551016,0.347457
0.640000,-0.264943,0.384240,0.730682,0.033781,0.549125,0.345309
0.650000,-0.263438,0.381777,0.728440,0.028721,0.547246,0.343180
0.660000,-0.261943,0.379336,0.726193,0.023670,0.545378,0.341069
0.670000,-0.260459,0.376918,0.723941,0.018629,0.543521,0.338976
0.680000,-0.258985,0.374521,0.721684,0.013597,0.541676,0.336900
0.690000,-0.257521,0.372146,0.719422,0.008575,0.539842,0.334842
0.700000,-0.256068,0.369793,0.717156,0.003563,0.538019,0.332801
0.710000,-0.254625,0.367460,0.714885,-0.001439,0.536206,0.330777
0.720000,-0.253192,0.365148,0.712609,-0.006431,0.534405,0.328769
0.730000,-0.251768,0.362856,0.710330,-0.011413,0.532614,0.326778
0.740000,-0.250355,0.360584,0.708047,-0.016384,0.530834,0.324803
0.750000,-0.248951,0.358333,0.705760,-0.021346,0.529064,0.322845
0.760000,-0.247557,0.356100,0.703469,-0.026297,0.527305,0.320902
0.770000,-0.246172,0.353887,0.701175,-0.031237,0.525556,0.318975
0.780000,-0.244797,0.351693,0.698878,-0.036167,0.523817,0.317063
0.790000,-0.243431,0.349518,0.696578,-0.041086,0.522088,0.315166
0.800000,-0.242074,0.347361,0.694275,-0.045994,0.520369,0.313285
0.810000,-0.240726,0.345223,0.691969,-0.050891,0.518660,0.311419
0.820000,-0.239387,0.343102,0.689660,-0.055778,0.516961,0.309567
0.830000,-0.238058,0.341000,0.687350,-0.060653,0.515272,0.307730
0.840000,-0.236737,0.338915,0.685036,-0.065517,0.513592,0.305907
0.850000,-0.235425,0.336847,0.682721,-0.070369,0.511921,0.304098
0.860000,-0.234122,0.334796,0.680404,-0.075210,0.510260,0.302303
0.870000,-0.232827,0.332762,0.678085,-0.080040,0.508609,0.300522
0.880000,-0.231541,0.330745,0.675764,-0.084858,0.506966,0.298755
0.890000,-0.230263,0.328744,0.673442,-0.089665,0.505333,0.297001
0.900000,-0.228994,0.326760,0.671118,-0.094459,0.503709,0.295261
0.910000,-0.227733,0.324791,0.668794,-0.099242,0.502093,0.293534
0.920000,-0.226481,0.322838,0.666468,-0.104013,0.500487,0.291820
0.930000,-0.225236,0.320901,0.664141,-0.108772,0.498889,0.290119
0.940000,-0.224000,0.318980,0.661813,-0.113519,0.497300,0.288430
0.950000,-0.222771,0.317073,0.659485,-0.118253,0.495720,0.286754
0.960000,-0.221551,0.315182,0.657156,-0.122976,0.494149,0.285091
0.970000,-0.220338,0.313306,0.654827,-0.127686,0.492586,0.283440
0.980000,-0.219134,0.311444,0.652498,-0.132384,0.491031,0.281801
0.990000,-0.217936,0.309597,0.650168,-0.137069,0.489484,0.280174
1.000000,-0.216747,0.307764,0.647839,-0.141742,0.487946,0.278559
1.010000,-0.215565,0.305945,0.645509,-0.146402,0.486416,0.276956
1.020000,-0.214391,0.304140,0.643180,-0.151049,0.484895,0.275365
1.030000,-0.213224,0.302350,0.640851,-0.155684,0.483381,0.273785
1.040000,-0.212065,0.300572,0.638523,-0.160305,0.481875,0.272217
1.050000,-0.210913,0.298809,0.636195,-0.164914,0.480377,0.270659
1.060000,-0.209768,0.297059,0.633868,-0.169510,0.478887,0.269113
1.070000,-0.208631,0.295322,0.631542,-0.174093,0.477405,0.267579
1.080000,-0.207500,0.293598,0.629217,-0.178662,0.475930,0.266054
1.090000,-0.206377,0.291887,0.626893,-0.183219,0.474463,0.264541
1.100000,-0.205261,0.290188,0.624570,-0.187762,0.473004,0.263039
1.110000,-0.204151,0.288503,0.622249,-0.192292,0.471552,0.261547
1.120000,-0.203049,0.286830,0.619929,-0.196809,0.470108,0.260065
1.130000,-0.201953,0.285169,0.617610,-0.201312,0.468671,0.258594
1.140000,-0.200865,0.283520,0.615293,-0.205801,0.467241,0.257134
1.150000,-0.199783,0.281884,0.612978,-0.210278,0.465818,0.255683
1.160000,-0.198707,0.280259,0.610665,-0.214740,0.464403,0.254242
1.170000,-0.197639,0.278647,0.608354,-0.219189,0.462995,0.252812
1.180000,-0.196576,0.277046,0.606044,-0.223624,0.461593,0.251391
1.190000,-0.195521,0.275456,0.603737,-0.228045,0.460199,0.249980
1.200000,-0.194472,0.273878,0.601432,-0.232453,0.458812,0.248579
1.210000,-0.193429,0.272312,0.599130,-0.236847,0.457432,0.247187
1.220000,-0.192393,0.270756,0.596830,-0.241226,0.456058,0.245805
1.230000,-0.191363,0.269212,0.594532,-0.245592,0.454691,0.244432
1.240000,-0.190339,0.267679,0.592237,-0.249944,0.453331,0.243068
1.250000,-0.189321,0.266156,0.589945,-0.254282,0.451978,0.241714
1.260000,-0.188310,0.264644,0.587656,-0.258605,0.450631,0.240369
1.270000,-0.187305,0.263143,0.585369,-0.262915,0.449291,0.239033
1.280000,-0.186305,0.261653,0.583086,-0.267210,0.447957,0.237705
1.290000,-0.185312,0.260173,0.580805,-0.271491,0.446630,0.236387
1.300000,-0.184325,0.258703,0.578528,-0.275758,0.445309,0.235077
1.310000,-0.183344,0.257243,0.576254,-0.280010,0.443995,0.233776
1.320000,-0.182368,0.255794,0.573983,-0.284248,0.442686,0.232484
1.330000,-0.181399,0.254354,0.571716,-0.288472,0.441384,0.231200
1.340000,-0.180435,0.252924,0.569452,-0.292681,0.440089,0.229925
1.350000,-0.179477,0.251505,0.567191,-0.296876,0.438799,0.228658
1.360000,-0.178525,0.250095,0.564935,-0.301056,0.437515,0.227399
1.370000,-0.177578,0.248694,0.562682,-0.305222,0.436238,0.226149
1.380000,-0.176637,0.247303,0.560432,-0.309373,0.434966,0.224906
1.390000,-0.175701,0.245922,0.558187,-0.313510,0.433701,0.223672
1.400000,-0.174771,0.244549,0.555945,-0.317631,0.432441,0.222446
1.410000,-0.173847,0.243186,0.553708,-0.321739,0.431187,0.221227
1.420000,-0.172928,0.241833,0.551474,-0.325831,0.429939,0.220017
1.430000,-0.172014,0.240488,0.549245,-0.329909,0.428697,0.218814
1.440000,-0.171106,0.239152,0.547020,-0.333972,0.427460,0.217619
1.450000,-0.170203,0.237825,0.544799,-0.338021,0.426230,0.216432
1.460000,-0.169305,0.236507,0.542582,-0.342054,0.425004,0.215252
1.470000,-0.168413,0.235198,0.540370,-0.346073,0.423785,0.214080
1.480000,-0.167525,0.233898,0.538162,-0.350077,0.422571,0.212915
1.490000,-0.166643,0.232606,0.535958,-0.354066,0.421362,0.211758
1.500000,-0.165766,0.231322,0.533760,-0.358041,0.420159,0.210607
1.510000,-0.164895,0.230047,0.531565,-0.362000,0.418962,0.209465
1.520000,-0.164028,0.228780,0.529376,-0.365945,0.417769,0.208329
1.530000,-0.163166,0.227522,0.527191,-0.369874,0.416582,0.207200
1.540000,-0.162309,0.226271,0.525011,-0.373789,0.415401,0.206079
1.550000,-0.161457,0.225029,0.522836,-0.377689,0.414224,0.204965
1.560000,-0.160610,0.223795,0.520665,-0.381573,0.413053,0.203857
1.570000,-0.159768,0.222569,0.518500,-0.385443,0.411887,0.202757
1.580000,-0.158931,0.221351,0.516339,-0.389298,0.410726,0.201663
1.590000,-0.158099,0.220140,0.514184,-0.393138,0.409571,0.200576
1.600000,-0.157271,0.218938,0.512034,-0.396962,0.408420,0.199496
1.610000,-0.156448,0.217743,0.509888,-0.400772,0.407275,0.198422
1.620000,-0.155630,0.216555,0.507748,-0.404567,0.406134,0.197355
1.630000,-0.154817,0.215376,0.505613,-0.408347,0.404998,0.196295
1.640000,-0.154008,0.214203,0.503484,-0.412111,0.403868,0.195241
1.650000,-0.153203,0.213039,0.501359,-0.415861,0.402742,0.194194
1.660000,-0.152404,0.211881,0.499240,-0.419596,0.401621,0.193153
1.670000,-0.151609,0.210731,0.497127,-0.423315,0.400505,0.192118
1.680000,-0.150818,0.209588,0.495018,-0.427020,0.399394,0.191090
1.690000,-0.150032,0.208452,0.492916,-0.430709,0.398287,0.190067
1.700000,-0.149250,0.207324,0.490818,-0.434383,0.397185,0.189052
1.710000,-0.148473,0.206202,0.488726,-0.438043,0.396088,0.188042
1.720000,-0.147700,0.205087,0.486640,-0.441687,0.394996,0.187038
1.730000,-0.146931,0.203980,0.484560,-0.445316,0.393908,0.186041
1.740000,-0.146167,0.202879,0.482485,-0.448931,0.392824,0.185049
1.750000,-0.145407,0.201785,0.480415,-0.452530,0.391746,0.184063
1.760000,-0.144652,0.200698,0.478352,-0.456114,0.390671,0.183084
1.770000,-0.143900,0.199617,0.476294,-0.459683,0.389602,0.182110
1.780000,-0.143153,0.198544,0.474242,-0.463237,0.388537,0.181142
1.790000,-0.142410,0.197477,0.472195,-0.466776,0.387476,0.180179
1.800000,-0.141671,0.196416,0.470155,-0.470300,0.386419,0.179223
1.810000,-0.140936,0.195362,0.468120,-0.473809,0.385367,0.178272
1.820000,-0.140206,0.194314,0.466091,-0.477303,0.384320,0.177327
1.830000,-0.139479,0.193273,0.464068,-0.480783,0.383276,0.176387
1.840000,-0.138757,0.192238,0.462051,-0.484247,0.382237,0.175453
1.850000,-0.138038,0.191209,0.460040,-0.487696,0.381202,0.174525
1.860000,-0.137324,0.190187,0.458035,-0.491130,0.380172,0.173602
1.870000,-0.136613,0.189171,0.456036,-0.494549,0.379145,0.172684
1.880000,-0.135907,0.188160,0.454043,-0.497954,0.378123,0.171772
1.890000,-0.135204,0.187156,0.452056,-0.501343,0.377105,0.170865
1.900000,-0.134505,0.186159,0.450075,-0.504718,0.376091,0.169963
1.910000,-0.133810,0.185167,0.448100,-0.508077,0.375081,0.169067
1.920000,-0.133119,0.184181,0.446132,-0.511422,0.374075,0.168176
1.930000,-0.132432,0.183201,0.444169,-0.514752,0.373073,0.167290
1.940000,-0.131748,0.182226,0.442212,-0.518067,0.372076,0.166409
1.950000,-0.131069,0.181258,0.440262,-0.521368,0.371082,0.165534
1.960000,-0.130393,0.180295,0.438318,-0.524653,0.370092,0.164663
1.970000,-0.129720,0.179338,0.436380,-0.527924,0.369106,0.163798
1.980000,-0.129052,0.178387,0.434448,-0.531180,0.368124,0.162937
1.990000,-0.128387,0.177442,0.432523,-0.534421,0.367146,0.162082
2.000000,-0.127725,0.176502,0.430603,-0.537648,0.366172,0.161231
2.010000,-0.127068,0.175567,0.428690,-0.540860,0.365201,0.160386
2.020000,-0.126414,0.174638,0.426783,-0.544057,0.364234,0.159545
2.030000,-0.125763,0.173715,0.424883,-0.547240,0.363272,0.158709
2.040000,-0.125116,0.172797,0.422989,-0.550408,0.362312,0.157878
2.050000,-0.124473,0.171884,0.421101,-0.553561,0.361357,0.157052
2.060000,-0.123833,0.170977,0.419219,-0.556700,0.360405,0.156230
2.070000,-0.123197,0.170075,0.417344,-0.559825,0.359457,0.155413
2.080000,-0.122564,0.169178,0.415475,-0.562934,0.358513,0.154601
2.090000,-0.121934,0.168287,0.413612,-0.566030,0.357572,0.153793
2.100000,-0.121308,0.167400,0.411756,-0.569111,0.356635,0.152990
2.110000,-0.120685,0.166519,0.409906,-0.572177,0.355702,0.152192
2.120000,-0.120066,0.165643,0.408062,-0.575229,0.354772,0.151398
2.130000,-0.119450,0.164772,0.406225,-0.578267,0.353845,0.150608
2.140000,-0.118837,0.163906,0.404394,-0.581290,0.352922,0.149823
2.150000,-0.118228,0.163046,0.402570,-0.584299,0.352003,0.149043
2.160000,-0.117622,0.162190,0.400752,-0.587294,0.351087,0.148267
2.170000,-0.117019,0.161339,0.398940,-0.590275,0.350175,0.147495
2.180000,-0.116420,0.160493,0.397135,-0.593241,0.349266,0.146728
2.190000,-0.115824,0.159651,0.395336,-0.596193,0.348360,0.145964
2.200000,-0.115231,0.158815,0.393544,-0.599131,0.347458,0.145206
2.210000,-0.114641,0.157983,0.391758,-0.602055,0.346559,0.144451
2.220000,-0.114054,0.157157,0.389978,-0.604964,0.345664,0.143701
2.230000,-0.113470,0.156335,0.388205,-0.607860,0.344772,0.142955
2.240000,-0.112890,0.155517,0.386438,-0.610742,0.343883,0.142213
2.250000,-0.112313,0.154704,0.384678,-0.613609,0.342998,0.141475
2.260000,-0.111739,0.153896,0.382924,-0.616463,0.342115,0.140741
2.270000,-0.111167,0.153093,0.381176,-0.619303,0.341237,0.140012
2.280000,-0.110599,0.152294,0.379435,-0.622129,0.340361,0.139286
2.290000,-0.110034,0.151500,0.377700,-0.624941,0.339488,0.138565
2.300000,-0.109472,0.150710,0.375972,-0.627739,0.338619,0.137848
2.310000,-0.108913,0.149924,0.374250,-0.630523,0.337753,0.137134
2.320000,-0.108357,0.149143,0.372534,-0.633294,0.336890,0.136425
2.330000,-0.107804,0.148367,0.370825,-0.636051,0.336030,0.135719
2.340000,-0.107254,0.147595,0.369123,-0.638794,0.335174,0.135017
2.350000,-0.106707,0.146827,0.367426,-0.641524,0.334320,0.134320
2.360000,-0.106163,0.146063,0.365736,-0.644240,0.333470,0.133626
2.370000,-0.105622,0.145304,0.364053,-0.646943,0.332622,0.132936
2.380000,-0.105083,0.144549,0.362376,-0.649632,0.331778,0.132249
2.390000,-0.104548,0.143798,0.360705,-0.652307,0.330936,0.131567
2.400000,-0.104015,0.143052,0.359041,-0.654969,0.330098,0.130888
2.410000,-0.103485,0.142309,0.357383,-0.657618,0.329263,0.130213
2.420000,-0.102958,0.141571,0.355731,-0.660253,0.328431,0.129542
2.430000,-0.102433,0.140837,0.354086,-0.662875,0.327601,0.128874
2.440000,-0.101912,0.140107,0.352447,-0.665484,0.326775,0.128210
2.450000,-0.101393,0.139381,0.350815,-0.668080,0.325951,0.127550
2.460000,-0.100877,0.138659,0.349189,-0.670662,0.325131,0.126893
2.470000,-0.100364,0.137941,0.347569,-0.673231,0.324313,0.126240
2.480000,-0.099853,0.137228,0.345956,-0.675787,0.323498,0.125591
2.490000,-0.099345,0.136518,0.344348,-0.678330,0.322686,0.124945
2.500000,-0.098840,0.135812,0.342748,-0.680860,0.321877,0.124302
2.510000,-0.098338,0.135110,0.341153,-0.683377,0.321071,0.123663
2.520000,-0.097838,0.134411,0.339565,-0.685881,0.320268,0.123028
2.530000,-0.097341,0.133717,0.337983,-0.688372,0.319467,0.122396
2.540000,-0.096846,0.133027,0.336408,-0.690850,0.318669,0.121767
2.550000,-0.096354,0.132340,0.334838,-0.693316,0.317874,0.121142
2.560000,-0.095865,0.131657,0.333275,-0.695768,0.317082,0.120520
2.570000,-0.095378,0.130978,0.331719,-0.698208,0.316293,0.119902
2.580000,-0.094893,0.130302,0.330168,-0.700636,0.315506,0.119287
2.590000,-0.094412,0.129631,0.328624,-0.703050,0.314722,0.118675
2.600000,-0.093932,0.128963,0.327086,-0.705452,0.313940,0.118066
2.610000,-0.093456,0.128298,0.325554,-0.707842,0.313162,0.117461
2.620000,-0.092982,0.127637,0.324028,-0.710218,0.312385,0.116859
2.630000,-0.092510,0.126980,0.322509,-0.712583,0.311612,0.116261
2.640000,-0.092041,0.126327,0.320996,-0.714935,0.310841,0.115665
2.650000,-0.091574,0.125677,0.319489,-0.717274,0.310073,0.115073
2.660000,-0.091110,0.125030,0.317988,-0.719602,0.309308,0.114484
2.670000,-0.090648,0.124388,0.316493,-0.721917,0.308545,0.113898
2.680000,-0.090188,0.123748,0.315004,-0.724220,0.307784,0.113316
2.690000,-0.089731,0.123112,0.313522,-0.726510,0.307027,0.112736
2.700000,-0.089276,0.122480,0.312046,-0.728788,0.306271,0.112160
2.710000,-0.088824,0.121851,0.310575,-0.731055,0.305519,0.111586
2.720000,-0.088374,0.121225,0.309111,-0.733309,0.304769,0.111016
2.730000,-0.087927,0.120603,0.307653,-0.735551,0.304021,0.110449
2.740000,-0.087481,0.119984,0.306201,-0.737781,0.303276,0.109885
2.750000,-0.087038,0.119369,0.304755,-0.740000,0.302533,0.109323
2.760000,-0.086598,0.118756,0.303315,-0.742206,0.301793,0.108765
2.770000,-0.086159,0.118148,0.301881,-0.744401,0.301055,0.108210
2.780000,-0.085723,0.117542,0.300453,-0.746583,0.300320,0.107658
2.790000,-0.085290,0.116940,0.299031,-0.748754,0.299587,0.107108
2.800000,-0.084858,0.116341,0.297616,-0.750914,0.298857,0.106562
2.810000,-0.084429,0.115745,0.296206,-0.753062,0.298129,0.106019
2.820000,-0.084002,0.115152,0.294802,-0.755198,0.297403,0.105478
2.830000,-0.083577,0.114563,0.293404,-0.757322,0.296680,0.104940
2.840000,-0.083154,0.113977,0.292012,-0.759435,0.295959,0.104405
2.850000,-0.082734,0.113394,0.290625,-0.761537,0.295241,0.103873
2.860000,-0.082316,0.112814,0.289245,-0.763627,0.294524,0.103344
2.870000,-0.081899,0.112237,0.287871,-0.765705,0.293811,0.102818
2.880000,-0.081486,0.111663,0.286502,-0.767773,0.293099,0.102294
2.890000,-0.081074,0.111092,0.285139,-0.769829,0.292390,0.101774
2.900000,-0.080664,0.110525,0.283782,-0.771874,0.291683,0.101256
2.910000,-0.080257,0.109960,0.282431,-0.773908,0.290979,0.100740
2.920000,-0.079851,0.109399,0.281086,-0.775930,0.290276,0.100228
2.930000,-0.079448,0.108840,0.279747,-0.777942,0.289576,0.099718
2.940000,-0.079047,0.108285,0.278413,-0.779942,0.288879,0.099211
2.950000,-0.078648,0.107732,0.277085,-0.781931,0.288183,0.098706
2.960000,-0.078251,0.107182,0.275763,-0.783910,0.287490,0.098204
2.970000,-0.077856,0.106636,0.274447,-0.785877,0.286799,0.097705
2.980000,-0.077463,0.106092,0.273136,-0.787834,0.286110,0.097209
2.990000,-0.077072,0.105551,0.271831,-0.789780,0.285423,0.096715
3.000000,-0.076683,0.105013,0.270531,-0.791715,0.284739,0.096223
3.010000,-0.076296,0.104477,0.269238,-0.793639,0.284057,0.095735
3.020000,-0.075911,0.103945,0.267950,-0.795553,0.283377,0.095249
3.030000,-0.075528,0.103416,0.266667,-0.797456,0.282699,0.094765
3.040000,-0.075147,0.102889,0.265390,-0.799348,0.282023,0.094284
3.050000,-0.074768,0.102365,0.264119,-0.801230,0.281349,0.093805
3.060000,-0.074391,0.101844,0.262853,-0.803102,0.280678,0.093329
3.070000,-0.074016,0.101325,0.261593,-0.804963,0.280008,0.092856
3.080000,-0.073643,0.100810,0.260339,-0.806813,0.279341,0.092385
3.090000,-0.073271,0.100297,0.259090,-0.808653,0.278676,0.091916
3.100000,-0.072902,0.099787,0.257846,-0.810483,0.278013,0.091450
3.110000,-0.072535,0.099279,0.256608,-0.812303,0.277352,0.090986
3.120000,-0.072169,0.098774,0.255376,-0.814112,0.276693,0.090525
3.130000,-0.071805,0.098272,0.254149,-0.815912,0.276036,0.090066
3.140000,-0.071444,0.097773,0.252927,-0.817701,0.275381,0.089610
3.150000,-0.071084,0.097276,0.251711,-0.819480,0.274728,0.089156
3.160000,-0.070726,0.096782,0.250500,-0.821249,0.274077,0.088704
3.170000,-0.070369,0.096290,0.249295,-0.823008,0.273428,0.088255
3.180000,-0.070015,0.095801,0.248094,-0.824757,0.272781,0.087808
3.190000,-0.069662,0.095314,0.246900,-0.826496,0.272137,0.087363
3.200000,-0.069312,0.094830,0.245710,-0.828226,0.271494,0.086921
3.210000,-0.068963,0.094349,0.244526,-0.829945,0.270853,0.086481
3.220000,-0.068615,0.093870,0.243348,-0.831655,0.270214,0.086043
3.230000,-0.068270,0.093394,0.242174,-0.833355,0.269577,0.085608
3.240000,-0.067926,0.092920,0.241006,-0.835046,0.268942,0.085174
3.250000,-0.067584,0.092448,0.239843,-0.836727,0.268309,0.084744
3.260000,-0.067244,0.091980,0.238685,-0.838398,0.267678,0.084315
3.270000,-0.066906,0.091513,0.237533,-0.840060,0.267049,0.083888
3.280000,-0.066569,0.091049,0.236385,-0.841712,0.266422,0.083464
3.290000,-0.066234,0.090588,0.235243,-0.843355,0.265797,0.083042
3.300000,-0.065901,0.090128,0.234106,-0.844988,0.265173,0.082622
3.310000,-0.065570,0.089672,0.232974,-0.846612,0.264552,0.082205
3.320000,-0.065240,0.089217,0.231848,-0.848227,0.263932,0.081789
3.330000,-0.064912,0.088765,0.230726,-0.849832,0.263314,0.081376
3.340000,-0.064585,0.088316,0.229610,-0.851429,0.262698,0.080965
3.350000,-0.064260,0.087868,0.228498,-0.853016,0.262084,0.080555
3.360000,-0.063937,0.087423,0.227392,-0.854594,0.261472,0.080149
3.370000,-0.063616,0.086981,0.226290,-0.856163,0.260861,0.079744
3.380000,-0.063296,0.086540,0.225194,-0.857722,0.260253,0.079341
3.390000,-0.062978,0.086102,0.224103,-0.859273,0.259646,0.078940
3.400000,-0.062661,0.085667,0.223016,-0.860815,0.259041,0.078542
3.410000,-0.062346,0.085233,0.221935,-0.862348,0.258438,0.078145
3.420000,-0.062033,0.084802,0.220858,-0.863872,0.257837,0.077751
3.430000,-0.061721,0.084373,0.219787,-0.865388,0.257237,0.077358
3.440000,-0.061411,0.083946,0.218720,-0.866894,0.256639,0.076968
3.450000,-0.061102,0.083522,0.217658,-0.868392,0.256043,0.076579
3.460000,-0.060795,0.083099,0.216601,-0.869881,0.255449,0.076193
3.470000,-0.060490,0.082679,0.215549,-0.871362,0.254857,0.075809
3.480000,-0.060186,0.082261,0.214502,-0.872834,0.254266,0.075426
3.490000,-0.059884,0.081846,0.213460,-0.874297,0.253677,0.075046
3.500000,-0.059583,0.081432,0.212422,-0.875752,0.253090,0.074667
3.510000,-0.059284,0.081020,0.211389,-0.877198,0.252504,0.074291
3.520000,-0.058986,0.080611,0.210361,-0.878636,0.251921,0.073916
3.530000,-0.058690,0.080204,0.209338,-0.880066,0.251338,0.073544
3.540000,-0.058395,0.079799,0.208319,-0.881487,0.250758,0.073173
3.550000,-0.058102,0.079396,0.207305,-0.882900,0.250179,0.072804
3.560000,-0.057810,0.078995,0.206296,-0.884305,0.249602,0.072437
3.570000,-0.057520,0.078596,0.205291,-0.885701,0.249027,0.072072
3.580000,-0.057231,0.078199,0.204292,-0.887089,0.248453,0.071709
3.590000,-0.056944,0.077804,0.203296,-0.888469,0.247882,0.071348
3.600000,-0.056658,0.077412,0.202306,-0.889841,0.247311,0.070988
3.610000,-0.056373,0.077021,0.201320,-0.891205,0.246743,0.070631
3.620000,-0.056090,0.076632,0.200338,-0.892561,0.246176,0.070275
3.630000,-0.055809,0.076246,0.199361,-0.893909,0.245610,0.069921
3.640000,-0.055529,0.075861,0.198389,-0.895249,0.245046,0.069569
3.650000,-0.055250,0.075478,0.197421,-0.896582,0.244484,0.069218
3.660000,-0.054973,0.075098,0.196458,-0.897906,0.243924,0.068870
3.670000,-0.054697,0.074719,0.195499,-0.899222,0.243365,0.068523
3.680000,-0.054423,0.074342,0.194545,-0.900531,0.242808,0.068178
3.690000,-0.054150,0.073967,0.193595,-0.901832,0.242252,0.067835
3.700000,-0.053878,0.073594,0.192649,-0.903126,0.241698,0.067494
3.710000,-0.053608,0.073223,0.191708,-0.904411,0.241145,0.067154
3.720000,-0.053339,0.072854,0.190772,-0.905689,0.240594,0.066816
3.730000,-0.053071,0.072487,0.189839,-0.906960,0.240045,0.066480
3.740000,-0.052805,0.072122,0.188911,-0.908223,0.239497,0.066145
3.750000,-0.052540,0.071758,0.187988,-0.909479,0.238951,0.065813
3.760000,-0.052277,0.071397,0.187069,-0.910727,0.238406,0.065482
3.770000,-0.052015,0.071037,0.186154,-0.911967,0.237863,0.065152
3.780000,-0.051754,0.070679,0.185243,-0.913201,0.237321,0.064824
3.790000,-0.051494,0.070323,0.184337,-0.914427,0.236781,0.064498
3.800000,-0.051236,0.069969,0.183435,-0.915646,0.236243,0.064174
3.810000,-0.050979,0.069617,0.182537,-0.916857,0.235706,0.063851
3.820000,-0.050724,0.069266,0.181643,-0.918061,0.235170,0.063530
3.830000,-0.050470,0.068917,0.180754,-0.919258,0.234636,0.063211
3.840000,-0.050217,0.068570,0.179869,-0.920448,0.234104,0.062893
3.850000,-0.049965,0.068225,0.178988,-0.921631,0.233573,0.062577
3.860000,-0.049714,0.067882,0.178111,-0.922807,0.233043,0.062263
3.870000,-0.049465,0.067540,0.177238,-0.923976,0.232515,0.061950
3.880000,-0.049217,0.067200,0.176370,-0.925138,0.231989,0.061638
3.890000,-0.048971,0.066862,0.175505,-0.926293,0.231463,0.061329
3.900000,-0.048725,0.066526,0.174645,-0.927441,0.230940,0.061020
3.910000,-0.048481,0.066191,0.173788,-0.928582,0.230418,0.060714
3.920000,-0.048238,0.065858,0.172936,-0.929716,0.229897,0.060409
3.930000,-0.047996,0.065527,0.172088,-0.930843,0.229378,0.060105
3.940000,-0.047756,0.065197,0.171244,-0.931964,0.228860,0.059803
3.950000,-0.047517,0.064869,0.170403,-0.933078,0.228343,0.059503
3.960000,-0.047279,0.064543,0.169567,-0.934186,0.227828,0.059204
3.970000,-0.047042,0.064218,0.168735,-0.935286,0.227315,0.058907
3.980000,-0.046806,0.063895,0.167907,-0.936380,0.226803,0.058611
3.990000,-0.046572,0.063574,0.167082,-0.937468,0.226292,0.058317
4.000000,-0.046338,0.063255,0.166262,-0.938549,0.225783,0.058024
4.010000,-0.046106,0.062937,0.165445,-0.939623,0.225275,0.057733
4.020000,-0.045875,0.062620,0.164633,-0.940691,0.224768,0.057443
4.030000,-0.045646,0.062305,0.163824,-0.941753,0.224263,0.057154
4.040000,-0.045417,0.061992,0.163019,-0.942808,0.223759,0.056867
4.050000,-0.045190,0.061681,0.162218,-0.943857,0.223257,0.056582
4.060000,-0.044963,0.061371,0.161420,-0.944899,0.222756,0.056298
4.070000,-0.044738,0.061062,0.160627,-0.945935,0.222256,0.056015
4.080000,-0.044514,0.060756,0.159837,-0.946965,0.221758,0.055734
4.090000,-0.044291,0.060450,0.159051,-0.947989,0.221261,0.055455
4.100000,-0.044070,0.060147,0.158269,-0.949006,0.220765,0.055176
4.110000,-0.043849,0.059845,0.157491,-0.950018,0.220271,0.054899
4.120000,-0.043629,0.059544,0.156716,-0.951023,0.219778,0.054624
4.130000,-0.043411,0.059245,0.155945,-0.952022,0.219287,0.054350
4.140000,-0.043194,0.058947,0.155178,-0.953015,0.218797,0.054077
4.150000,-0.042977,0.058651,0.154414,-0.954003,0.218308,0.053806
4.160000,-0.042762,0.058357,0.153654,-0.954984,0.217820,0.053536
4.170000,-0.042548,0.058064,0.152898,-0.955959,0.217334,0.053268
4.180000,-0.042335,0.057772,0.152145,-0.956928,0.216849,0.053000
4.190000,-0.042123,0.057482,0.151396,-0.957891,0.216365,0.052735
4.200000,-0.041912,0.057194,0.150650,-0.958849,0.215883,0.052470
4.210000,-0.041703,0.056907,0.149908,-0.959801,0.215402,0.052207
4.220000,-0.041494,0.056621,0.149170,-0.960747,0.214922,0.051945
4.230000,-0.041286,0.056337,0.148435,-0.961687,0.214444,0.051685
4.240000,-0.041080,0.056054,0.147704,-0.962621,0.213966,0.051426
4.250000,-0.040874,0.055773,0.146976,-0.963550,0.213491,0.051168
4.260000,-0.040670,0.055493,0.146252,-0.964473,0.213016,0.050911
4.270000,-0.040466,0.055214,0.145531,-0.965391,0.212543,0.050656
4.280000,-0.040264,0.054937,0.144813,-0.966303,0.212070,0.050402
4.290000,-0.040062,0.054662,0.144100,-0.967209,0.211600,0.050149
4.300000,-0.039862,0.054387,0.143389,-0.968110,0.211130,0.049898
4.310000,-0.039662,0.054115,0.142682,-0.969005,0.210662,0.049648
4.320000,-0.039464,0.053843,0.141978,-0.969895,0.210195,0.049399
4.330000,-0.039266,0.053573,0.141278,-0.970779,0.209729,0.049152
4.340000,-0.039070,0.053304,0.140581,-0.971658,0.209264,0.048905
4.350000,-0.038875,0.053037,0.139888,-0.972532,0.208801,0.048660
4.360000,-0.038680,0.052771,0.139198,-0.973400,0.208339,0.048416
4.370000,-0.038487,0.052506,0.138511,-0.974263,0.207878,0.048174
4.380000,-0.038294,0.052243,0.137827,-0.975121,0.207418,0.047932
4.390000,-0.038102,0.051981,0.137147,-0.975974,0.206959,0.047692
4.400000,-0.037912,0.051720,0.136470,-0.976821,0.206502,0.047453
4.410000,-0.037722,0.051461,0.135796,-0.977663,0.206046,0.047216
4.420000,-0.037534,0.051203,0.135126,-0.978500,0.205591,0.046979
4.430000,-0.037346,0.050946,0.134459,-0.979332,0.205137,0.046744
4.440000,-0.037159,0.050691,0.133795,-0.980158,0.204685,0.046510
4.450000,-0.036973,0.050437,0.133134,-0.980980,0.204233,0.046277
4.460000,-0.036788,0.050184,0.132477,-0.981796,0.203783,0.046045
4.470000,-0.036604,0.049932,0.131822,-0.982608,0.203334,0.045814
4.480000,-0.036421,0.049682,0.131171,-0.983415,0.202886,0.045585
4.490000,-0.036239,0.049433,0.130523,-0.984216,0.202440,0.045356
4.500000,-0.036058,0.049185,0.129878,-0.985013,0.201994,0.045129
4.510000,-0.035878,0.048939,0.129237,-0.985805,0.201550,0.044903
4.520000,-0.035698,0.048694,0.128598,-0.986592,0.201107,0.044678
4.530000,-0.035520,0.048450,0.127962,-0.987374,0.200665,0.044455
4.540000,-0.035342,0.048207,0.127330,-0.988151,0.200224,0.044232
4.550000,-0.035165,0.047965,0.126701,-0.988923,0.199784,0.044011
4.560000,-0.034990,0.047725,0.126074,-0.989691,0.199345,0.043790
4.570000,-0.034815,0.047486,0.125451,-0.990454,0.198908,0.043571
4.580000,-0.034641,0.047248,0.124831,-0.991212,0.198472,0.043353
4.590000,-0.034467,0.047011,0.124213,-0.991966,0.198036,0.043136
4.600000,-0.034295,0.046776,0.123599,-0.992715,0.197602,0.042920
4.610000,-0.034124,0.046541,0.122988,-0.993459,0.197169,0.042705
4.620000,-0.033953,0.046308,0.122380,-0.994199,0.196737,0.042491
4.630000,-0.033783,0.046076,0.121774,-0.994934,0.196307,0.042279
4.640000,-0.033615,0.045846,0.121172,-0.995665,0.195877,0.042067
4.650000,-0.033446,0.045616,0.120572,-0.996391,0.195448,0.041857
4.660000,-0.033279,0.045388,0.119976,-0.997113,0.195021,0.041647
4.670000,-0.033113,0.045160,0.119382,-0.997830,0.194595,0.041439
4.680000,-0.032947,0.044934,0.118792,-0.998543,0.194169,0.041231
4.690000,-0.032783,0.044709,0.118204,-0.999251,0.193745,0.041025
4.700000,-0.032619,0.044485,0.117619,-0.999955,0.193322,0.040820
4.710000,-0.032456,0.044263,0.117036,-1.000655,0.192900,0.040615
4.720000,-0.032294,0.044041,0.116457,-1.001350,0.192479,0.040412
4.730000,-0.032132,0.043820,0.115881,-1.002041,0.192059,0.040210
4.740000,-0.031972,0.043601,0.115307,-1.002728,0.191641,0.040009
4.750000,-0.031812,0.043383,0.114736,-1.003410,0.191223,0.039809
4.760000,-0.031653,0.043166,0.114168,-1.004088,0.190806,0.039609
4.770000,-0.031495,0.042949,0.113603,-1.004762,0.190391,0.039411
4.780000,-0.031337,0.042734,0.113040,-1.005432,0.189976,0.039214
4.790000,-0.031181,0.042521,0.112480,-1.006098,0.189563,0.039018
4.800000,-0.031025,0.042308,0.111923,-1.006759,0.189150,0.038823
4.810000,-0.030870,0.042096,0.111369,-1.007417,0.188739,0.038628
4.820000,-0.030716,0.041885,0.110817,-1.008070,0.188328,0.038435
4.830000,-0.030562,0.041676,0.110268,-1.008720,0.187919,0.038243
4.840000,-0.030409,0.041467,0.109722,-1.009365,0.187511,0.038052
4.850000,-0.030258,0.041260,0.109178,-1.010006,0.187103,0.037861
4.860000,-0.030106,0.041053,0.108637,-1.010643,0.186697,0.037672
4.870000,-0.029956,0.040848,0.108099,-1.011277,0.186292,0.037484
4.880000,-0.029806,0.040643,0.107563,-1.011906,0.185888,0.037296
4.890000,-0.029657,0.040440,0.107030,-1.012531,0.185484,0.037110
4.900000,-0.029509,0.040238,0.106500,-1.013153,0.185082,0.036924
4.910000,-0.029362,0.040036,0.105972,-1.013771,0.184681,0.036739
4.920000,-0.029215,0.039836,0.105447,-1.014385,0.184281,0.036556
4.930000,-0.029069,0.039637,0.104924,-1.014995,0.183882,0.036373
4.940000,-0.028924,0.039438,0.104404,-1.015601,0.183484,0.036191
4.950000,-0.028779,0.039241,0.103886,-1.016203,0.183086,0.036010
4.960000,-0.028636,0.039045,0.103371,-1.016802,0.182690,0.035830
4.970000,-0.028492,0.038849,0.102859,-1.017397,0.182295,0.035651
4.980000,-0.028350,0.038655,0.102349,-1.017988,0.181901,0.035472
4.990000,-0.028209,0.038462,0.101841,-1.018576,0.181508,0.035295
5.000000,-0.028068,0.038269,0.101336,-1.019160,0.181115,0.035119
5.010000,-0.027927,0.038078,0.100833,-1.019740,0.180724,0.034943
5.020000,-0.027788,0.037887,0.100333,-1.020317,0.180334,0.034768
5.030000,-0.027649,0.037698,0.099836,-1.020890,0.179944,0.034594
5.040000,-0.027511,0.037509,0.099341,-1.021459,0.179556,0.034422
5.050000,-0.027374,0.037322,0.098848,-1.022025,0.179169,0.034249
5.060000,-0.027237,0.037135,0.098357,-1.022588,0.178782,0.034078
5.070000,-0.027101,0.036949,0.097869,-1.023146,0.178397,0.033908
5.080000,-0.026965,0.036765,0.097384,-1.023702,0.178012,0.033738
5.090000,-0.026831,0.036581,0.096901,-1.024254,0.177628,0.033570
5.100000,-0.026697,0.036398,0.096420,-1.024802,0.177246,0.033402
5.110000,-0.026563,0.036216,0.095941,-1.025347,0.176864,0.033235
5.120000,-0.026431,0.036035,0.095465,-1.025889,0.176483,0.033069
5.130000,-0.026299,0.035854,0.094992,-1.026427,0.176103,0.032904
5.140000,-0.026167,0.035675,0.094520,-1.026962,0.175724,0.032739
5.150000,-0.026037,0.035497,0.094051,-1.027493,0.175347,0.032575
5.160000,-0.025907,0.035319,0.093584,-1.028022,0.174969,0.032413
5.170000,-0.025777,0.035143,0.093120,-1.028546,0.174593,0.032251
5.180000,-0.025649,0.034967,0.092658,-1.029068,0.174218,0.032089
5.190000,-0.025520,0.034792,0.092198,-1.029586,0.173844,0.031929
5.200000,-0.025393,0.034618,0.091740,-1.030101,0.173470,0.031770
5.210000,-0.025266,0.034445,0.091285,-1.030613,0.173098,0.031611
5.220000,-0.025140,0.034273,0.090831,-1.031122,0.172726,0.031453
5.230000,-0.025014,0.034102,0.090380,-1.031627,0.172356,0.031296
5.240000,-0.024890,0.033931,0.089932,-1.032130,0.171986,0.031139
5.250000,-0.024765,0.033762,0.089485,-1.032629,0.171617,0.030984
5.260000,-0.024642,0.033593,0.089041,-1.033125,0.171249,0.030829
5.270000,-0.024519,0.033425,0.088599,-1.033618,0.170882,0.030675
5.280000,-0.024396,0.033258,0.088159,-1.034107,0.170516,0.030521
5.290000,-0.024274,0.033092,0.087721,-1.034594,0.170151,0.030369
5.300000,-0.024153,0.032926,0.087285,-1.035078,0.169787,0.030217
5.310000,-0.024032,0.032762,0.086852,-1.035558,0.169423,0.030066
5.320000,-0.023912,0.032598,0.086420,-1.036036,0.169060,0.029916
5.330000,-0.023793,0.032435,0.085991,-1.036511,0.168699,0.029767
5.340000,-0.023674,0.032273,0.085564,-1.036982,0.168338,0.029618
5.350000,-0.023556,0.032111,0.085139,-1.037451,0.167978,0.029470
5.360000,-0.023438,0.031951,0.084716,-1.037917,0.167619,0.029323
5.370000,-0.023321,0.031791,0.084295,-1.038379,0.167261,0.029176
5.380000,-0.023205,0.031632,0.083876,-1.038839,0.166903,0.029030
5.390000,-0.023089,0.031474,0.083459,-1.039296,0.166547,0.028885
5.400000,-0.022974,0.031317,0.083045,-1.039750,0.166191,0.028741
5.410000,-0.022859,0.031161,0.082632,-1.040202,0.165836,0.028597
5.420000,-0.022745,0.031005,0.082222,-1.040650,0.165482,0.028455
5.430000,-0.022631,0.030850,0.081813,-1.041096,0.165129,0.028312
5.440000,-0.022518,0.030696,0.081406,-1.041538,0.164777,0.028171
5.450000,-0.022406,0.030542,0.081002,-1.041978,0.164425,0.028030
5.460000,-0.022294,0.030390,0.080599,-1.042416,0.164075,0.027890
5.470000,-0.022183,0.030238,0.080199,-1.042850,0.163725,0.027751
5.480000,-0.022072,0.030087,0.079800,-1.043282,0.163376,0.027612
5.490000,-0.021962,0.029937,0.079404,-1.043711,0.163028,0.027474
5.500000,-0.021852,0.029787,0.079009,-1.044137,0.162681,0.027337
5.510000,-0.021743,0.029638,0.078616,-1.044561,0.162335,0.027201
5.520000,-0.021635,0.029490,0.078226,-1.044982,0.161989,0.027065
5.530000,-0.021527,0.029343,0.077837,-1.045400,0.161644,0.026930
5.540000,-0.021419,0.029196,0.077450,-1.045816,0.161301,0.026795
5.550000,-0.021312,0.029050,0.077065,-1.046229,0.160957,0.026661
5.560000,-0.021206,0.028905,0.076682,-1.046639,0.160615,0.026528
5.570000,-0.021100,0.028761,0.076300,-1.047047,0.160274,0.026396
5.580000,-0.020995,0.028617,0.075921,-1.047452,0.159933,0.026264
5.590000,-0.020890,0.028474,0.075544,-1.047855,0.159593,0.026133
5.600000,-0.020786,0.028332,0.075168,-1.048255,0.159254,0.026002
5.610000,-0.020682,0.028190,0.074794,-1.048653,0.158916,0.025872
5.620000,-0.020579,0.028049,0.074422,-1.049048,0.158579,0.025743
5.630000,-0.020476,0.027909,0.074052,-1.049441,0.158242,0.025614
5.640000,-0.020374,0.027770,0.073684,-1.049831,0.157906,0.025486
5.650000,-0.020272,0.027631,0.073318,-1.050219,0.157571,0.025359
5.660000,-0.020171,0.027493,0.072953,-1.050604,0.157237,0.025233
5.670000,-0.020070,0.027356,0.072590,-1.050987,0.156903,0.025107
5.680000,-0.019970,0.027219,0.072229,-1.051367,0.156571,0.024981
5.690000,-0.019870,0.027083,0.071870,-1.051745,0.156239,0.024856
5.700000,-0.019771,0.026948,0.071513,-1.052121,0.155908,0.024732
5.710000,-0.019672,0.026813,0.071157,-1.052494,0.155578,0.024609
5.720000,-0.019574,0.026679,0.070803,-1.052865,0.155248,0.024486
5.730000,-0.019477,0.026546,0.070451,-1.053233,0.154919,0.024364
5.740000,-0.019379,0.026414,0.070101,-1.053599,0.154591,0.024242
5.750000,-0.019283,0.026282,0.069752,-1.053963,0.154264,0.024121
5.760000,-0.019186,0.026150,0.069405,-1.054325,0.153938,0.024000
5.770000,-0.019091,0.026020,0.069060,-1.054684,0.153612,0.023881
5.780000,-0.018995,0.025890,0.068716,-1.055041,0.153287,0.023761
5.790000,-0.018900,0.025761,0.068374,-1.055396,0.152963,0.023643
5.800000,-0.018806,0.025632,0.068034,-1.055748,0.152640,0.023525
5.810000,-0.018712,0.025504,0.067696,-1.056099,0.152317,0.023407
5.820000,-0.018619,0.025377,0.067359,-1.056447,0.151995,0.023290
5.830000,-0.018526,0.025250,0.067024,-1.056793,0.151674,0.023174
5.840000,-0.018433,0.025124,0.066690,-1.057136,0.151354,0.023058
5.850000,-0.018341,0.024998,0.066358,-1.057478,0.151034,0.022943
5.860000,-0.018250,0.024873,0.066028,-1.057817,0.150715,0.022829
5.870000,-0.018159,0.024749,0.065700,-1.058154,0.150397,0.022715
5.880000,-0.018068,0.024626,0.065373,-1.058489,0.150080,0.022601
5.890000,-0.017978,0.024503,0.065048,-1.058822,0.149763,0.022489
5.900000,-0.017888,0.024380,0.064724,-1.059153,0.149447,0.022376
5.910000,-0.017799,0.024259,0.064402,-1.059482,0.149132,0.022265
5.920000,-0.017710,0.024137,0.064081,-1.059808,0.148818,0.022153
5.930000,-0.017622,0.024017,0.063763,-1.060133,0.148504,0.022043
5.940000,-0.017534,0.023897,0.063445,-1.060455,0.148191,0.021933
5.950000,-0.017446,0.023778,0.063129,-1.060776,0.147879,0.021823
5.960000,-0.017359,0.023659,0.062815,-1.061094,0.147567,0.021714
5.970000,-0.017273,0.023541,0.062503,-1.061411,0.147257,0.021606
5.980000,-0.017187,0.023423,0.062192,-1.061725,0.146947,0.021498
5.990000,-0.017101,0.023306,0.061882,-1.062037,0.146637,0.021391
6.000000,-0.017015,0.023190,0.061574,-1.062348,0.146329,0.021284
6.010000,-0.016930,0.023074,0.061268,-1.062656,0.146021,0.021178
6.020000,-0.016846,0.022959,0.060963,-1.062963,0.145713,0.021072
6.030000,-0.016762,0.022844,0.060659,-1.063267,0.145407,0.020967
6.040000,-0.016678,0.022730,0.060357,-1.063570,0.145101,0.020862
6.050000,-0.016595,0.022617,0.060057,-1.063870,0.144796,0.020758
6.060000,-0.016512,0.022504,0.059758,-1.064169,0.144492,0.020654
6.070000,-0.016430,0.022392,0.059460,-1.064466,0.144188,0.020551
6.080000,-0.016348,0.022280,0.059165,-1.064761,0.143885,0.020449
6.090000,-0.016266,0.022169,0.058870,-1.065054,0.143583,0.020347
6.100000,-0.016185,0.022058,0.058577,-1.065345,0.143281,0.020245
6.110000,-0.016104,0.021948,0.058285,-1.065635,0.142980,0.020144
6.120000,-0.016024,0.021838,0.057995,-1.065922,0.142680,0.020043
6.130000,-0.015944,0.021729,0.057706,-1.066208,0.142381,0.019943
6.140000,-0.015864,0.021621,0.057419,-1.066492,0.142082,0.019844
6.150000,-0.015785,0.021513,0.057133,-1.066774,0.141784,0.019745
6.160000,-0.015707,0.021405,0.056849,-1.067054,0.141486,0.019646
6.170000,-0.015628,0.021298,0.056566,-1.067333,0.141190,0.019548
6.180000,-0.015550,0.021192,0.056284,-1.067610,0.140894,0.019451
6.190000,-0.015473,0.021086,0.056004,-1.067885,0.140598,0.019353
6.200000,-0.015395,0.020981,0.055725,-1.068158,0.140303,0.019257
6.210000,-0.015319,0.020876,0.055448,-1.068429,0.140009,0.019161
6.220000,-0.015242,0.020772,0.055172,-1.068699,0.139716,0.019065
6.230000,-0.015166,0.020668,0.054897,-1.068967,0.139423,0.018970
6.240000,-0.015090,0.020565,0.054624,-1.069234,0.139131,0.018875
6.250000,-0.015015,0.020463,0.054352,-1.069498,0.138840,0.018781
6.260000,-0.014940,0.020361,0.054081,-1.069761,0.138549,0.018687
6.270000,-0.014866,0.020259,0.053812,-1.070023,0.138259,0.018594
6.280000,-0.014791,0.020158,0.053544,-1.070282,0.137970,0.018501
6.290000,-0.014718,0.020057,0.053277,-1.070540,0.137681,0.018409
6.300000,-0.014644,0.019957,0.053012,-1.070797,0.137393,0.018317
6.310000,-0.014571,0.019857,0.052748,-1.071051,0.137106,0.018226
6.320000,-0.014498,0.019758,0.052485,-1.071304,0.136819,0.018135
6.330000,-0.014426,0.019660,0.052224,-1.071556,0.136533,0.018044
6.340000,-0.014354,0.019562,0.051964,-1.071806,0.136248,0.017954
6.350000,-0.014282,0.019464,0.051705,-1.072054,0.135963,0.017865
6.360000,-0.014211,0.019367,0.051447,-1.072301,0.135679,0.017775
6.370000,-0.014140,0.019270,0.051191,-1.072546,0.135395,0.017687
6.380000,-0.014070,0.019174,0.050936,-1.072790,0.135112,0.017598
6.390000,-0.014000,0.019078,0.050682,-1.073032,0.134830,0.017511
6.400000,-0.013930,0.018983,0.050430,-1.073272,0.134549,0.017423
6.410000,-0.013860,0.018888,0.050179,-1.073511,0.134268,0.017336
6.420000,-0.013791,0.018794,0.049929,-1.073748,0.133987,0.017250
6.430000,-0.013722,0.018700,0.049680,-1.073984,0.133708,0.017164
6.440000,-0.013654,0.018607,0.049433,-1.074219,0.133429,0.017078
6.450000,-0.013586,0.018514,0.049187,-1.074452,0.133150,0.016993
6.460000,-0.013518,0.018422,0.048942,-1.074683,0.132873,0.016908
6.470000,-0.013450,0.018330,0.048698,-1.074913,0.132595,0.016824
6.480000,-0.013383,0.018238,0.048455,-1.075142,0.132319,0.016740
6.490000,-0.013317,0.018147,0.048214,-1.075369,0.132043,0.016656
6.500000,-0.013250,0.018057,0.047974,-1.075594,0.131768,0.016573
6.510000,-0.013184,0.017966,0.047735,-1.075818,0.131493,0.016490
6.520000,-0.013118,0.017877,0.047497,-1.076041,0.131219,0.016408
6.530000,-0.013053,0.017788,0.047260,-1.076262,0.130946,0.016326
6.540000,-0.012988,0.017699,0.047025,-1.076482,0.130673,0.016245
6.550000,-0.012923,0.017610,0.046791,-1.076701,0.130401,0.016164
6.560000,-0.012858,0.017523,0.046558,-1.076918,0.130129,0.016083
6.570000,-0.012794,0.017435,0.046326,-1.077133,0.129858,0.016003
6.580000,-0.012730,0.017348,0.046095,-1.077348,0.129588,0.015923
6.590000,-0.012667,0.017262,0.045865,-1.077561,0.129318,0.015843
6.600000,-0.012604,0.017175,0.045637,-1.077772,0.129049,0.015764
6.610000,-0.012541,0.017090,0.045409,-1.077982,0.128781,0.015686
6.620000,-0.012478,0.017004,0.045183,-1.078191,0.128513,0.015607
6.630000,-0.012416,0.016920,0.044958,-1.078399,0.128245,0.015529
6.640000,-0.012354,0.016835,0.044734,-1.078605,0.127979,0.015452
6.650000,-0.012292,0.016751,0.044511,-1.078810,0.127713,0.015375
6.660000,-0.012231,0.016668,0.044289,-1.079014,0.127447,0.015298
6.670000,-0.012170,0.016584,0.044069,-1.079216,0.127182,0.015222
6.680000,-0.012109,0.016502,0.043849,-1.079417,0.126918,0.015146
6.690000,-0.012049,0.016419,0.043631,-1.079617,0.126654,0.015070
6.700000,-0.011989,0.016337,0.043413,-1.079815,0.126391,0.014995
6.710000,-0.011929,0.016256,0.043197,-1.080012,0.126128,0.014920
6.720000,-0.011869,0.016175,0.042982,-1.080208,0.125866,0.014846
6.730000,-0.011810,0.016094,0.042768,-1.080403,0.125605,0.014772
6.740000,-0.011751,0.016014,0.042555,-1.080597,0.125344,0.014698
6.750000,-0.011693,0.015934,0.042343,-1.080789,0.125084,0.014625
6.760000,-0.011634,0.015854,0.042132,-1.080980,0.124824,0.014552
6.770000,-0.011576,0.015775,0.041922,-1.081169,0.124565,0.014479
6.780000,-0.011519,0.015696,0.041713,-1.081358,0.124307,0.014407
6.790000,-0.011461,0.015618,0.041505,-1.081545,0.124049,0.014335
6.800000,-0.011404,0.015540,0.041298,-1.081731,0.123792,0.014263
6.810000,-0.011347,0.015463,0.041092,-1.081916,0.123535,0.014192
6.820000,-0.011290,0.015385,0.040888,-1.082100,0.123279,0.014121
6.830000,-0.011234,0.015309,0.040684,-1.082283,0.123023,0.014051
6.840000,-0.011178,0.015232,0.040481,-1.082464,0.122768,0.013981
6.850000,-0.011122,0.015156,0.040279,-1.082644,0.122514,0.013911
6.860000,-0.011067,0.015081,0.040079,-1.082824,0.122260,0.013842
6.870000,-0.011012,0.015005,0.039879,-1.083002,0.122006,0.013773
6.880000,-0.010957,0.014931,0.039680,-1.083178,0.121754,0.013704
6.890000,-0.010902,0.014856,0.039483,-1.083354,0.121501,0.013636
6.900000,-0.010848,0.014782,0.039286,-1.083529,0.121250,0.013568
6.910000,-0.010794,0.014708,0.039090,-1.083702,0.120999,0.013500
6.920000,-0.010740,0.014635,0.038895,-1.083874,0.120748,0.013433
6.930000,-0.010686,0.014562,0.038701,-1.084046,0.120498,0.013366
6.940000,-0.010633,0.014489,0.038509,-1.084216,0.120249,0.013299
6.950000,-0.010580,0.014417,0.038317,-1.084385,0.120000,0.013232
6.960000,-0.010527,0.014345,0.038126,-1.084553,0.119751,0.013166
6.970000,-0.010474,0.014273,0.037936,-1.084720,0.119503,0.013101
6.980000,-0.010422,0.014202,0.037747,-1.084886,0.119256,0.013035
6.990000,-0.010370,0.014131,0.037559,-1.085050,0.119010,0.012970
7.000000,-0.010318,0.014061,0.037371,-1.085214,0.118763,0.012906
7.010000,-0.010267,0.013991,0.037185,-1.085377,0.118518,0.012841
7.020000,-0.010216,0.013921,0.037000,-1.085538,0.118273,0.012777
7.030000,-0.010165,0.013851,0.036815,-1.085699,0.118028,0.012713
7.040000,-0.010114,0.013782,0.036632,-1.085858,0.117784,0.012650
7.050000,-0.010064,0.013713,0.036449,-1.086017,0.117541,0.012587
7.060000,-0.010013,0.013645,0.036268,-1.086175,0.117298,0.012524
7.070000,-0.009964,0.013577,0.036087,-1.086331,0.117055,0.012462
7.080000,-0.009914,0.013509,0.035907,-1.086487,0.116814,0.012399
7.090000,-0.009864,0.013442,0.035728,-1.086641,0.116572,0.012338
7.100000,-0.009815,0.013375,0.035550,-1.086795,0.116331,0.012276
7.110000,-0.009766,0.013308,0.035373,-1.086947,0.116091,0.012215
7.120000,-0.009717,0.013242,0.035197,-1.087099,0.115852,0.012154
7.130000,-0.009669,0.013175,0.035021,-1.087249,0.115612,0.012093
7.140000,-0.009621,0.013110,0.034847,-1.087399,0.115374,0.012033
7.150000,-0.009573,0.013044,0.034673,-1.087548,0.115136,0.011973
7.160000,-0.009525,0.012979,0.034500,-1.087695,0.114898,0.011913
7.170000,-0.009477,0.012914,0.034328,-1.087842,0.114661,0.011854
7.180000,-0.009430,0.012850,0.034157,-1.087988,0.114424,0.011795
7.190000,-0.009383,0.012786,0.033987,-1.088133,0.114188,0.011736
7.200000,-0.009336,0.012722,0.033817,-1.088277,0.113953,0.011677
7.210000,-0.009290,0.012659,0.033649,-1.088420,0.113718,0.011619
7.220000,-0.009243,0.012596,0.033481,-1.088562,0.113483,0.011561
7.230000,-0.009197,0.012533,0.033314,-1.088703,0.113249,0.011503
7.240000,-0.009151,0.012470,0.033148,-1.088844,0.113016,0.011446
7.250000,-0.009106,0.012408,0.032983,-1.088983,0.112783,0.011389
7.260000,-0.009060,0.012346,0.032818,-1.089121,0.112550,0.011332
7.270000,-0.009015,0.012284,0.032655,-1.089259,0.112318,0.011275
7.280000,-0.008970,0.012223,0.032492,-1.089396,0.112087,0.011219
7.290000,-0.008925,0.012162,0.032330,-1.089532,0.111856,0.011163
7.300000,-0.008881,0.012102,0.032169,-1.089667,0.111625,0.011108
7.310000,-0.008837,0.012041,0.032009,-1.089801,0.111395,0.011052
7.320000,-0.008793,0.011981,0.031849,-1.089934,0.111166,0.010997
7.330000,-0.008749,0.011921,0.031690,-1.090067,0.110937,0.010942
7.340000,-0.008705,0.011862,0.031532,-1.090198,0.110709,0.010888
7.350000,-0.008662,0.011803,0.031375,-1.090329,0.110481,0.010833
7.360000,-0.008618,0.011744,0.031219,-1.090459,0.110253,0.010779
7.370000,-0.008575,0.011685,0.031063,-1.090588,0.110026,0.010725
7.380000,-0.008533,0.011627,0.030908,-1.090716,0.109800,0.010672
7.390000,-0.008490,0.011569,0.030754,-1.090843,0.109574,0.010619
7.400000,-0.008448,0.011511,0.030601,-1.090970,0.109348,0.010566
7.410000,-0.008406,0.011454,0.030448,-1.091096,0.109123,0.010513
7.420000,-0.008364,0.011397,0.030297,-1.091221,0.108899,0.010461
7.430000,-0.008322,0.011340,0.030146,-1.091345,0.108675,0.010408
7.440000,-0.008280,0.011283,0.029995,-1.091468,0.108451,0.010356
7.450000,-0.008239,0.011227,0.029846,-1.091591,0.108228,0.010305
7.460000,-0.008198,0.011171,0.029697,-1.091713,0.108006,0.010253
7.470000,-0.008157,0.011115,0.029549,-1.091834,0.107784,0.010202
7.480000,-0.008116,0.011060,0.029402,-1.091954,0.107562,0.010151
7.490000,-0.008076,0.011005,0.029255,-1.092073,0.107341,0.010101
7.500000,-0.008036,0.010950,0.029109,-1.092192,0.107120,0.010050
7.510000,-0.007996,0.010895,0.028964,-1.092310,0.106900,0.010000
7.520000,-0.007956,0.010841,0.028820,-1.092427,0.106681,0.009950
7.530000,-0.007916,0.010787,0.028676,-1.092544,0.106461,0.009901
7.540000,-0.007877,0.010733,0.028533,-1.092659,0.106243,0.009851
7.550000,-0.007837,0.010679,0.028391,-1.092774,0.106025,0.009802
7.560000,-0.007798,0.010626,0.028249,-1.092889,0.105807,0.009753
7.570000,-0.007759,0.010573,0.028108,-1.093002,0.105590,0.009705
7.580000,-0.007721,0.010520,0.027968,-1.093115,0.105373,0.009656
7.590000,-0.007682,0.010468,0.027829,-1.093227,0.105156,0.009608
7.600000,-0.007644,0.010415,0.027690,-1.093338,0.104940,0.009560
7.610000,-0.007606,0.010364,0.027552,-1.093449,0.104725,0.009512
7.620000,-0.007568,0.010312,0.027415,-1.093559,0.104510,0.009465
7.630000,-0.007530,0.010260,0.027278,-1.093668,0.104296,0.009418
7.640000,-0.007492,0.010209,0.027142,-1.093776,0.104082,0.009371
7.650000,-0.007455,0.010158,0.027007,-1.093884,0.103868,0.009324
7.660000,-0.007418,0.010108,0.026872,-1.093991,0.103655,0.009277
7.670000,-0.007381,0.010057,0.026738,-1.094097,0.103442,0.009231
7.680000,-0.007344,0.010007,0.026605,-1.094203,0.103230,0.009185
7.690000,-0.007307,0.009957,0.026472,-1.094308,0.103018,0.009139
7.700000,-0.007271,0.009907,0.026340,-1.094412,0.102807,0.009094
7.710000,-0.007235,0.009858,0.026209,-1.094516,0.102596,0.009048
7.720000,-0.007199,0.009809,0.026078,-1.094619,0.102386,0.009003
7.730000,-0.007163,0.009760,0.025948,-1.094722,0.102176,0.008958
7.740000,-0.007127,0.009711,0.025819,-1.094823,0.101967,0.008914
7.750000,-0.007091,0.009663,0.025690,-1.094924,0.101758,0.008869
7.760000,-0.007056,0.009615,0.025562,-1.095025,0.101549,0.008825
7.770000,-0.007021,0.009567,0.025435,-1.095124,0.101341,0.008781
7.780000,-0.006986,0.009519,0.025308,-1.095224,0.101133,0.008737
7.790000,-0.006951,0.009471,0.025182,-1.095322,0.100926,0.008693
7.800000,-0.006916,0.009424,0.025056,-1.095420,0.100719,0.008650
7.810000,-0.006882,0.009377,0.024931,-1.095517,0.100513,0.008607
7.820000,-0.006847,0.009330,0.024807,-1.095614,0.100307,0.008564
7.830000,-0.006813,0.009284,0.024683,-1.095710,0.100102,0.008521
7.840000,-0.006779,0.009237,0.024560,-1.095805,0.099897,0.008479
7.850000,-0.006745,0.009191,0.024438,-1.095900,0.099692,0.008437
7.860000,-0.006712,0.009146,0.024316,-1.095994,0.099488,0.008394
7.870000,-0.006678,0.009100,0.024195,-1.096087,0.099284,0.008353
7.880000,-0.006645,0.009055,0.024074,-1.096180,0.099081,0.008311
7.890000,-0.006612,0.009009,0.023954,-1.096273,0.098878,0.008269
7.900000,-0.006579,0.008964,0.023834,-1.096364,0.098676,0.008228
7.910000,-0.006546,0.008920,0.023716,-1.096456,0.098474,0.008187
7.920000,-0.006513,0.008875,0.023597,-1.096546,0.098273,0.008146
7.930000,-0.006481,0.008831,0.023480,-1.096636,0.098071,0.008106
7.940000,-0.006449,0.008787,0.023363,-1.096725,0.097871,0.008065
7.950000,-0.006416,0.008743,0.023246,-1.096814,0.097671,0.008025
7.960000,-0.006384,0.008699,0.023130,-1.096903,0.097471,0.007985
7.970000,-0.006353,0.008656,0.023015,-1.096990,0.097272,0.007945
7.980000,-0.006321,0.008613,0.022900,-1.097077,0.097073,0.007906
7.990000,-0.006289,0.008570,0.022786,-1.097164,0.096874,0.007866
8.000000,-0.006258,0.008527,0.022672,-1.097250,0.096676,0.007827
8.010000,-0.006227,0.008485,0.022559,-1.097335,0.096478,0.007788
8.020000,-0.006196,0.008442,0.022447,-1.097420,0.096281,0.007749
8.030000,-0.006165,0.008400,0.022335,-1.097505,0.096084,0.007710
8.040000,-0.006134,0.008358,0.022224,-1.097588,0.095888,0.007672
8.050000,-0.006104,0.008317,0.022113,-1.097672,0.095692,0.007634
8.060000,-0.006073,0.008275,0.022002,-1.097754,0.095496,0.007596
8.070000,-0.006043,0.008234,0.021893,-1.097837,0.095301,0.007558
8.080000,-0.006013,0.008193,0.021784,-1.097918,0.095107,0.007520
8.090000,-0.005983,0.008152,0.021675,-1.097999,0.094912,0.007482
8.100000,-0.005953,0.008111,0.021567,-1.098080,0.094718,0.007445
8.110000,-0.005923,0.008071,0.021459,-1.098160,0.094525,0.007408
8.120000,-0.005894,0.008031,0.021352,-1.098240,0.094332,0.007371
8.130000,-0.005864,0.007990,0.021246,-1.098319,0.094139,0.007334
8.140000,-0.005835,0.007951,0.021140,-1.098397,0.093947,0.007298
8.150000,-0.005806,0.007911,0.021035,-1.098476,0.093755,0.007261
8.160000,-0.005777,0.007871,0.020930,-1.098553,0.093564,0.007225
8.170000,-0.005748,0.007832,0.020825,-1.098630,0.093373,0.007189
8.180000,-0.005719,0.007793,0.020721,-1.098707,0.093182,0.007153
8.190000,-0.005691,0.007754,0.020618,-1.098783,0.092992,0.007117
8.200000,-0.005662,0.007716,0.020515,-1.098858,0.092802,0.007082
8.210000,-0.005634,0.007677,0.020413,-1.098934,0.092613,0.007047
8.220000,-0.005606,0.007639,0.020311,-1.099008,0.092424,0.007011
8.230000,-0.005578,0.007601,0.020210,-1.099082,0.092235,0.006977
8.240000,-0.005550,0.007563,0.020109,-1.099156,0.092047,0.006942
8.250000,-0.005523,0.007525,0.020009,-1.099229,0.091859,0.006907
8.260000,-0.005495,0.007488,0.019909,-1.099302,0.091672,0.006873
8.270000,-0.005468,0.007450,0.019810,-1.099374,0.091485,0.006838
8.280000,-0.005440,0.007413,0.019711,-1.099446,0.091298,0.006804
8.290000,-0.005413,0.007376,0.019613,-1.099517,0.091112,0.006770
8.300000,-0.005386,0.007339,0.019515,-1.099588,0.090926,0.006737
8.310000,-0.005359,0.007303,0.019418,-1.099659,0.090741,0.006703
8.320000,-0.005333,0.007266,0.019321,-1.099728,0.090556,0.006669
8.330000,-0.005306,0.007230,0.019225,-1.099798,0.090371,0.006636
8.340000,-0.005280,0.007194,0.019129,-1.099867,0.090187,0.006603
8.350000,-0.005253,0.007158,0.019033,-1.099936,0.090003,0.006570
8.360000,-0.005227,0.007122,0.018938,-1.100004,0.089820,0.006537
8.370000,-0.005201,0.007087,0.018844,-1.100072,0.089637,0.006505
8.380000,-0.005175,0.007051,0.018750,-1.100139,0.089454,0.006472
8.390000,-0.005149,0.007016,0.018656,-1.100206,0.089272,0.006440
8.400000,-0.005124,0.006981,0.018563,-1.100272,0.089090,0.006408
8.410000,-0.005098,0.006946,0.018471,-1.100338,0.088908,0.006376
8.420000,-0.005073,0.006912,0.018379,-1.100404,0.088727,0.006344
8.430000,-0.005047,0.006877,0.018287,-1.100469,0.088546,0.006313
8.440000,-0.005022,0.006843,0.018196,-1.100534,0.088366,0.006281
8.450000,-0.004997,0.006809,0.018105,-1.100598,0.088186,0.006250
8.460000,-0.004972,0.006775,0.018015,-1.100662,0.088006,0.006219
8.470000,-0.004947,0.006741,0.017925,-1.100725,0.087827,0.006188
8.480000,-0.004923,0.006708,0.017836,-1.100789,0.087648,0.006157
8.490000,-0.004898,0.006674,0.017747,-1.100851,0.087470,0.006126
8.500000,-0.004874,0.006641,0.017658,-1.100913,0.087292,0.006095
8.510000,-0.004849,0.006608,0.017570,-1.100975,0.087114,0.006065
8.520000,-0.004825,0.006575,0.017483,-1.101037,0.086937,0.006035
8.530000,-0.004801,0.006542,0.017395,-1.101098,0.086760,0.006005
8.540000,-0.004777,0.006509,0.017309,-1.101159,0.086583,0.005975
8.550000,-0.004753,0.006477,0.017222,-1.101219,0.086407,0.005945
8.560000,-0.004730,0.006444,0.017136,-1.101279,0.086231,0.005915
8.570000,-0.004706,0.006412,0.017051,-1.101338,0.086055,0.005886
8.580000,-0.004683,0.006380,0.016966,-1.101398,0.085880,0.005856
8.590000,-0.004659,0.006349,0.016881,-1.101456,0.085706,0.005827
8.600000,-0.004636,0.006317,0.016797,-1.101515,0.085531,0.005798
8.610000,-0.004613,0.006285,0.016713,-1.101573,0.085357,0.005769
8.620000,-0.004590,0.006254,0.016630,-1.101630,0.085184,0.005740
8.630000,-0.004567,0.006223,0.016547,-1.101688,0.085010,0.005712
8.640000,-0.004544,0.006192,0.016465,-1.101745,0.084837,0.005683
8.650000,-0.004522,0.006161,0.016383,-1.101801,0.084665,0.005655
8.660000,-0.004499,0.006130,0.016301,-1.101857,0.084493,0.005627
8.670000,-0.004477,0.006100,0.016220,-1.101913,0.084321,0.005599
8.680000,-0.004454,0.006069,0.016139,-1.101968,0.084149,0.005571
8.690000,-0.004432,0.006039,0.016058,-1.102024,0.083978,0.005543
8.700000,-0.004410,0.006009,0.015978,-1.102078,0.083808,0.005515
8.710000,-0.004388,0.005979,0.015898,-1.102133,0.083637,0.005488
8.720000,-0.004366,0.005949,0.015819,-1.102187,0.083467,0.005460
8.730000,-0.004344,0.005919,0.015740,-1.102240,0.083298,0.005433
8.740000,-0.004323,0.005890,0.015662,-1.102294,0.083128,0.005406
8.750000,-0.004301,0.005860,0.015584,-1.102347,0.082959,0.005379
8.760000,-0.004280,0.005831,0.015506,-1.102399,0.082791,0.005352
8.770000,-0.004258,0.005802,0.015429,-1.102452,0.082623,0.005326
8.780000,-0.004237,0.005773,0.015352,-1.102504,0.082455,0.005299
8.790000,-0.004216,0.005744,0.015275,-1.102555,0.082287,0.005273
8.800000,-0.004195,0.005716,0.015199,-1.102607,0.082120,0.005246
8.810000,-0.004174,0.005687,0.015123,-1.102658,0.081953,0.005220
8.820000,-0.004153,0.005659,0.015048,-1.102708,0.081787,0.005194
8.830000,-0.004132,0.005631,0.014973,-1.102759,0.081620,0.005168
8.840000,-0.004112,0.005603,0.014898,-1.102809,0.081455,0.005142
8.850000,-0.004091,0.005575,0.014824,-1.102858,0.081289,0.005117
8.860000,-0.004071,0.005547,0.014750,-1.102908,0.081124,0.005091
8.870000,-0.004051,0.005519,0.014676,-1.102957,0.080959,0.005066
8.880000,-0.004030,0.005492,0.014603,-1.103005,0.080795,0.005041
8.890000,-0.004010,0.005464,0.014530,-1.103054,0.080631,0.005015
8.900000,-0.003990,0.005437,0.014458,-1.103102,0.080467,0.004990
8.910000,-0.003970,0.005410,0.014386,-1.103150,0.080304,0.004966
8.920000,-0.003951,0.005383,0.014314,-1.103197,0.080141,0.004941
8.930000,-0.003931,0.005356,0.014243,-1.103244,0.079978,0.004916
8.940000,-0.003911,0.005329,0.014172,-1.103291,0.079816,0.004892
8.950000,-0.003892,0.005303,0.014101,-1.103338,0.079654,0.004867
8.960000,-0.003872,0.005276,0.014031,-1.103384,0.079492,0.004843
8.970000,-0.003853,0.005250,0.013961,-1.103430,0.079331,0.004819
8.980000,-0.003834,0.005224,0.013891,-1.103476,0.079170,0.004795
8.990000,-0.003815,0.005198,0.013822,-1.103521,0.079009,0.004771
9.000000,-0.003796,0.005172,0.013753,-1.103566,0.078849,0.004747
9.010000,-0.003777,0.005146,0.013684,-1.103611,0.078689,0.004723
9.020000,-0.003758,0.005120,0.013616,-1.103655,0.078529,0.004700
9.030000,-0.003739,0.005095,0.013548,-1.103700,0.078370,0.004676
9.040000,-0.003720,0.005069,0.013480,-1.103744,0.078211,0.004653
9.050000,-0.003702,0.005044,0.013413,-1.103787,0.078052,0.004630
9.060000,-0.003683,0.005019,0.013346,-1.103831,0.077894,0.004607
9.070000,-0.003665,0.004994,0.013280,-1.103874,0.077736,0.004584
9.080000,-0.003647,0.004969,0.013214,-1.103917,0.077578,0.004561
9.090000,-0.003629,0.004944,0.013148,-1.103959,0.077421,0.004538
9.100000,-0.003610,0.004920,0.013082,-1.104001,0.077264,0.004516
9.110000,-0.003592,0.004895,0.013017,-1.104043,0.077107,0.004493
9.120000,-0.003575,0.004871,0.012952,-1.104085,0.076951,0.004471
9.130000,-0.003557,0.004846,0.012887,-1.104127,0.076795,0.004448
9.140000,-0.003539,0.004822,0.012823,-1.104168,0.076639,0.004426
9.150000,-0.003521,0.004798,0.012759,-1.104209,0.076484,0.004404
9.160000,-0.003504,0.004774,0.012695,-1.104249,0.076329,0.004382
9.170000,-0.003486,0.004750,0.012632,-1.104290,0.076174,0.004360
9.180000,-0.003469,0.004727,0.012569,-1.104330,0.076020,0.004338
9.190000,-0.003452,0.004703,0.012506,-1.104370,0.075866,0.004317
9.200000,-0.003434,0.004680,0.012444,-1.104409,0.075712,0.004295
9.210000,-0.003417,0.004656,0.012382,-1.104449,0.075559,0.004274
9.220000,-0.003400,0.004633,0.012320,-1.104488,0.075405,0.004253
9.230000,-0.003383,0.004610,0.012259,-1.104527,0.075253,0.004231
9.240000,-0.003366,0.004587,0.012198,-1.104565,0.075100,0.004210
9.250000,-0.003350,0.004564,0.012137,-1.104604,0.074948,0.004189
9.260000,-0.003333,0.004541,0.012076,-1.104642,0.074796,0.004168
9.270000,-0.003316,0.004519,0.012016,-1.104680,0.074645,0.004148
9.280000,-0.003300,0.004496,0.011956,-1.104717,0.074493,0.004127
9.290000,-0.003283,0.004474,0.011897,-1.104755,0.074343,0.004106
9.300000,-0.003267,0.004451,0.011837,-1.104792,0.074192,0.004086
9.310000,-0.003251,0.004429,0.011778,-1.104829,0.074042,0.004065
9.320000,-0.003234,0.004407,0.011719,-1.104865,0.073892,0.004045
9.330000,-0.003218,0.004385,0.011661,-1.104902,0.073742,0.004025
9.340000,-0.003202,0.004363,0.011603,-1.104938,0.073593,0.004005
9.350000,-0.003186,0.004341,0.011545,-1.104974,0.073444,0.003985
9.360000,-0.003170,0.004320,0.011487,-1.105010,0.073295,0.003965
9.370000,-0.003155,0.004298,0.011430,-1.105045,0.073147,0.003945
9.380000,-0.003139,0.004277,0.011373,-1.105080,0.072999,0.003926
9.390000,-0.003123,0.004255,0.011316,-1.105115,0.072851,0.003906
9.400000,-0.003108,0.004234,0.011260,-1.105150,0.072703,0.003887
9.410000,-0.003092,0.004213,0.011204,-1.105185,0.072556,0.003867
9.420000,-0.003077,0.004192,0.011148,-1.105219,0.072409,0.003848
9.430000,-0.003061,0.004171,0.011092,-1.105253,0.072263,0.003829
9.440000,-0.003046,0.004150,0.011037,-1.105287,0.072116,0.003810
9.450000,-0.003031,0.004130,0.010982,-1.105321,0.071970,0.003791
9.460000,-0.003016,0.004109,0.010927,-1.105354,0.071825,0.003772
9.470000,-0.003001,0.004089,0.010873,-1.105388,0.071679,0.003753
9.480000,-0.002986,0.004068,0.010818,-1.105421,0.071534,0.003734
9.490000,-0.002971,0.004048,0.010765,-1.105454,0.071390,0.003715
9.500000,-0.002956,0.004028,0.010711,-1.105486,0.071245,0.003697
9.510000,-0.002941,0.004008,0.010657,-1.105519,0.071101,0.003679
9.520000,-0.002927,0.003988,0.010604,-1.105551,0.070957,0.003660
9.530000,-0.002912,0.003968,0.010551,-1.105583,0.070814,0.003642
9.540000,-0.002897,0.003948,0.010499,-1.105615,0.070670,0.003624
9.550000,-0.002883,0.003928,0.010446,-1.105646,0.070527,0.003606
9.560000,-0.002869,0.003909,0.010394,-1.105678,0.070385,0.003588
9.570000,-0.002854,0.003889,0.010342,-1.105709,0.070242,0.003570
9.580000,-0.002840,0.003870,0.010291,-1.105740,0.070100,0.003552
9.590000,-0.002826,0.003850,0.010240,-1.105771,0.069959,0.003534
9.600000,-0.002812,0.003831,0.010189,-1.105801,0.069817,0.003517
9.610000,-0.002798,0.003812,0.010138,-1.105832,0.069676,0.003499
9.620000,-0.002784,0.003793,0.010087,-1.105862,0.069535,0.003482
9.630000,-0.002770,0.003774,0.010037,-1.105892,0.069394,0.003464
9.640000,-0.002756,0.003755,0.009987,-1.105922,0.069254,0.003447
9.650000,-0.002742,0.003737,0.009937,-1.105951,0.069114,0.003430
9.660000,-0.002729,0.003718,0.009887,-1.105981,0.068974,0.003413
9.670000,-0.002715,0.003699,0.009838,-1.106010,0.068835,0.003396
9.680000,-0.002702,0.003681,0.009789,-1.106039,0.068696,0.003379
9.690000,-0.002688,0.003663,0.009740,-1.106068,0.068557,0.003362
9.700000,-0.002675,0.003644,0.009692,-1.106096,0.068418,0.003345
9.710000,-0.002661,0.003626,0.009643,-1.106125,0.068280,0.003328
9.720000,-0.002648,0.003608,0.009595,-1.106153,0.068142,0.003312
9.730000,-0.002635,0.003590,0.009547,-1.106181,0.068004,0.003295
9.740000,-0.002622,0.003572,0.009500,-1.106209,0.067867,0.003279
9.750000,-0.002609,0.003554,0.009452,-1.106237,0.067730,0.003263
9.760000,-0.002596,0.003537,0.009405,-1.106265,0.067593,0.003246
9.770000,-0.002583,0.003519,0.009358,-1.106292,0.067456,0.003230
9.780000,-0.002570,0.003502,0.009312,-1.106319,0.067320,0.003214
9.790000,-0.002557,0.003484,0.009265,-1.106346,0.067184,0.003198
9.800000,-0.002544,0.003467,0.009219,-1.106373,0.067048,0.003182
9.810000,-0.002532,0.003449,0.009173,-1.106400,0.066913,0.003166
9.820000,-0.002519,0.003432,0.009127,-1.106426,0.066778,0.003150
9.830000,-0.002506,0.003415,0.009082,-1.106453,0.066643,0.003135
9.840000,-0.002494,0.003398,0.009036,-1.106479,0.066508,0.003119
9.850000,-0.002481,0.003381,0.008991,-1.106505,0.066374,0.003103
9.860000,-0.002469,0.003364,0.008947,-1.106531,0.066240,0.003088
9.870000,-0.002457,0.003347,0.008902,-1.106557,0.066106,0.003073
9.880000,-0.002444,0.003331,0.008858,-1.106582,0.065972,0.003057
9.890000,-0.002432,0.003314,0.008813,-1.106607,0.065839,0.003042
9.900000,-0.002420,0.003298,0.008769,-1.106633,0.065706,0.003027
9.910000,-0.002408,0.003281,0.008726,-1.106658,0.065573,0.003012
9.920000,-0.002396,0.003265,0.008682,-1.106683,0.065441,0.002997
9.930000,-0.002384,0.003249,0.008639,-1.106707,0.065309,0.002982
9.940000,-0.002372,0.003232,0.008596,-1.106732,0.065177,0.002967
9.950000,-0.002360,0.003216,0.008553,-1.106756,0.065045,0.002952
9.960000,-0.002349,0.003200,0.008510,-1.106780,0.064914,0.002937
9.970000,-0.002337,0.003184,0.008468,-1.106804,0.064783,0.002923
9.980000,-0.002325,0.003168,0.008426,-1.106828,0.064652,0.002908
9.990000,-0.002314,0.003152,0.008384,-1.106852,0.064522,0.002894
10.000000,-0.002302,0.003137,0.008342,-1.106876,0.064391,0.002879
