0.000000,-0.307609,0.775288,-0.657102,-0.148345,0.889998,0.419256
0.010000,-0.305787,0.767285,-0.652513,-0.152987,0.885168,0.416438
0.020000,-0.303979,0.759439,-0.647973,-0.157617,0.880392,0.413647
0.030000,-0.302185,0.751747,-0.643481,-0.162233,0.875670,0.410885
0.040000,-0.300405,0.744202,-0.639035,-0.166836,0.871001,0.408151
0.050000,-0.298639,0.736800,-0.634637,-0.171427,0.866383,0.405444
0.060000,-0.296886,0.729537,-0.630283,-0.176004,0.861815,0.402763
0.070000,-0.295146,0.722408,-0.625975,-0.180568,0.857298,0.400109
0.080000,-0.293420,0.715410,-0.621710,-0.185119,0.852829,0.397481
0.090000,-0.291707,0.708539,-0.617489,-0.189657,0.848408,0.394878
0.100000,-0.290007,0.701790,-0.613311,-0.194181,0.844035,0.392301
0.110000,-0.288319,0.695161,-0.609174,-0.198692,0.839708,0.389748
0.120000,-0.286644,0.688647,-0.605079,-0.203190,0.835427,0.387219
0.130000,-0.284981,0.682246,-0.601024,-0.207674,0.831190,0.384714
0.140000,-0.283331,0.675954,-0.597009,-0.212144,0.826998,0.382233
0.150000,-0.281693,0.669768,-0.593034,-0.216601,0.822849,0.379775
0.160000,-0.280067,0.663685,-0.589097,-0.221044,0.818743,0.377340
0.170000,-0.278453,0.657703,-0.585199,-0.225473,0.814678,0.374927
0.180000,-0.276851,0.651819,-0.581338,-0.229889,0.810655,0.372536
0.190000,-0.275260,0.646029,-0.577514,-0.234291,0.806673,0.370167
0.200000,-0.273681,0.640332,-0.573727,-0.238679,0.802730,0.367820
0.210000,-0.272113,0.634726,-0.569975,-0.243053,0.798827,0.365494
0.220000,-0.270557,0.629207,-0.566259,-0.247412,0.794962,0.363189
0.230000,-0.269012,0.623773,-0.562577,-0.251758,0.791136,0.360904
0.240000,-0.267477,0.618423,-0.558930,-0.256090,0.787346,0.358639
0.250000,-0.265954,0.613154,-0.555317,-0.260408,0.783594,0.356395
0.260000,-0.264442,0.607964,-0.551736,-0.264711,0.779878,0.354170
0.270000,-0.262940,0.602851,-0.548189,-0.269001,0.776197,0.351964
0.280000,-0.261449,0.597813,-0.544674,-0.273276,0.772552,0.349778
0.290000,-0.259968,0.592849,-0.541191,-0.277536,0.768941,0.347611
0.300000,-0.258497,0.587957,-0.537739,-0.281783,0.765365,0.345462
0.310000,-0.257037,0.583134,-0.534318,-0.286015,0.761821,0.343331
0.320000,-0.255587,0.578380,-0.530928,-0.290233,0.758311,0.341219
0.330000,-0.254148,0.573692,-0.527568,-0.294436,0.754834,0.339125
0.340000,-0.252718,0.569070,-0.524238,-0.298624,0.751388,0.337048
0.350000,-0.251298,0.564511,-0.520936,-0.302799,0.747974,0.334988
0.360000,-0.249887,0.560015,-0.517664,-0.306958,0.744591,0.332946
0.370000,-0.248487,0.555579,-0.514420,-0.311103,0.741238,0.330920
0.380000,-0.247095,0.551202,-0.511205,-0.315234,0.737916,0.328912
0.390000,-0.245714,0.546884,-0.508017,-0.319350,0.734623,0.326920
0.400000,-0.244342,0.542622,-0.504856,-0.323451,0.731360,0.324944
0.410000,-0.242979,0.538416,-0.501722,-0.327537,0.728125,0.322984
0.420000,-0.241625,0.534265,-0.498615,-0.331609,0.724919,0.321040
0.430000,-0.240280,0.530166,-0.495535,-0.335666,0.721741,0.319112
0.440000,-0.238945,0.526120,-0.492480,-0.339708,0.718590,0.317199
0.450000,-0.237618,0.522125,-0.489451,-0.343736,0.715467,0.315301
0.460000,-0.236300,0.518179,-0.486447,-0.347748,0.712370,0.313419
0.470000,-0.234991,0.514283,-0.483468,-0.351746,0.709300,0.311551
0.480000,-0.233691,0.510434,-0.480514,-0.355729,0.706256,0.309699
0.490000,-0.232399,0.506632,-0.477584,-0.359697,0.703238,0.307860
0.500000,-0.231116,0.502877,-0.474677,-0.363650,0.700245,0.306036
0.510000,-0.229841,0.499166,-0.471795,-0.367589,0.697277,0.304227
0.520000,-0.228574,0.495499,-0.468936,-0.371512,0.694334,0.302431
0.530000,-0.227316,0.491876,-0.466100,-0.375420,0.691415,0.300649
0.540000,-0.226066,0.488295,-0.463287,-0.379314,0.688520,0.298881
0.550000,-0.224824,0.484755,-0.460497,-0.383192,0.685648,0.297126
0.560000,-0.223591,0.481257,-0.457729,-0.387056,0.682800,0.295385
0.570000,-0.222365,0.477798,-0.454983,-0.390904,0.679975,0.293657
0.580000,-0.221147,0.474379,-0.452258,-0.394738,0.677173,0.291942
0.590000,-0.219937,0.470999,-0.449555,-0.398556,0.674393,0.290240
0.600000,-0.218735,0.467656,-0.446874,-0.402360,0.671636,0.288550
0.610000,-0.217540,0.464350,-0.444213,-0.406148,0.668900,0.286874
0.620000,-0.216354,0.461081,-0.441573,-0.409922,0.666185,0.285209
0.630000,-0.215174,0.457847,-0.438953,-0.413680,0.663492,0.283557
0.640000,-0.214003,0.454649,-0.436354,-0.417423,0.660820,0.281918
0.650000,-0.212838,0.451485,-0.433775,-0.421152,0.658169,0.280290
0.660000,-0.211681,0.448355,-0.431215,-0.424865,0.655538,0.278674
0.670000,-0.210532,0.445258,-0.428675,-0.428563,0.652927,0.277070
0.680000,-0.209389,0.442195,-0.426155,-0.432246,0.650336,0.275478
0.690000,-0.208254,0.439163,-0.423653,-0.435915,0.647765,0.273898
0.700000,-0.207126,0.436163,-0.421171,-0.439568,0.645213,0.272328
0.710000,-0.206005,0.433194,-0.418707,-0.443206,0.642680,0.270770
0.720000,-0.204891,0.430255,-0.416261,-0.446829,0.640167,0.269223
0.730000,-0.203784,0.427347,-0.413834,-0.450437,0.637672,0.267688
0.740000,-0.202684,0.424468,-0.411425,-0.454029,0.635195,0.266163
0.750000,-0.201591,0.421618,-0.409033,-0.457607,0.632737,0.264649
0.760000,-0.200504,0.418796,-0.406660,-0.461170,0.630297,0.263146
0.770000,-0.199425,0.416003,-0.404304,-0.464718,0.627874,0.261653
0.780000,-0.198351,0.413238,-0.401965,-0.468251,0.625469,0.260171
0.790000,-0.197285,0.410499,-0.399643,-0.471769,0.623082,0.258699
0.800000,-0.196225,0.407787,-0.397338,-0.475271,0.620711,0.257238
0.810000,-0.195172,0.405102,-0.395050,-0.478759,0.618358,0.255786
0.820000,-0.194125,0.402443,-0.392778,-0.482232,0.616021,0.254345
0.830000,-0.193084,0.399809,-0.390523,-0.485690,0.613701,0.252914
0.840000,-0.192050,0.397200,-0.388284,-0.489133,0.611397,0.251492
0.850000,-0.191022,0.394616,-0.386061,-0.492561,0.609110,0.250081
0.860000,-0.190000,0.392057,-0.383854,-0.495974,0.606838,0.248679
0.870000,-0.188985,0.389521,-0.381663,-0.499372,0.604582,0.247286
0.880000,-0.187975,0.387009,-0.379487,-0.502755,0.602342,0.245903
0.890000,-0.186972,0.384520,-0.377326,-0.506123,0.600117,0.244530
0.900000,-0.185975,0.382054,-0.375181,-0.509477,0.597908,0.243166
0.910000,-0.184984,0.379611,-0.373051,-0.512816,0.595713,0.241810
0.920000,-0.183998,0.377190,-0.370936,-0.516139,0.593534,0.240465
0.930000,-0.183019,0.374791,-0.368835,-0.519448,0.591369,0.239128
0.940000,-0.182046,0.372414,-0.366749,-0.522743,0.589218,0.237800
0.950000,-0.181078,0.370058,-0.364678,-0.526022,0.587082,0.236481
0.960000,-0.180116,0.367722,-0.362621,-0.529287,0.584961,0.235170
0.970000,-0.179160,0.365408,-0.360578,-0.532536,0.582853,0.233869
0.980000,-0.178209,0.363114,-0.358549,-0.535772,0.580759,0.232576
0.990000,-0.177265,0.360840,-0.356534,-0.538992,0.578680,0.231291
1.000000,-0.176325,0.358586,-0.354533,-0.542198,0.576613,0.230016
1.010000,-0.175392,0.356352,-0.352546,-0.545389,0.574560,0.228748
1.020000,-0.174463,0.354136,-0.350572,-0.548566,0.572521,0.227489
1.030000,-0.173541,0.351940,-0.348611,-0.551728,0.570494,0.226238
1.040000,-0.172623,0.349763,-0.346664,-0.554875,0.568481,0.224995
1.050000,-0.171712,0.347604,-0.344729,-0.558008,0.566481,0.223760
1.060000,-0.170805,0.345464,-0.342808,-0.561126,0.564493,0.222533
1.070000,-0.169904,0.343341,-0.340900,-0.564230,0.562518,0.221314
1.080000,-0.169008,0.341237,-0.339004,-0.567319,0.560555,0.220103
1.090000,-0.168117,0.339149,-0.337121,-0.570394,0.558605,0.218900
1.100000,-0.167232,0.337080,-0.335251,-0.573454,0.556667,0.217704
1.110000,-0.166351,0.335027,-0.333393,-0.576500,0.554741,0.216516
1.120000,-0.165476,0.332991,-0.331547,-0.579532,0.552827,0.215336
1.130000,-0.164606,0.330972,-0.329714,-0.582550,0.550925,0.214163
1.140000,-0.163741,0.328969,-0.327892,-0.585553,0.549035,0.212998
1.150000,-0.162881,0.326983,-0.326082,-0.588541,0.547156,0.211840
1.160000,-0.162026,0.325013,-0.324285,-0.591516,0.545288,0.210689
1.170000,-0.161175,0.323058,-0.322499,-0.594476,0.543432,0.209546
1.180000,-0.160330,0.321119,-0.320724,-0.597423,0.541588,0.208410
1.190000,-0.159490,0.319196,-0.318962,-0.600355,0.539754,0.207281
1.200000,-0.158654,0.317288,-0.317210,-0.603272,0.537931,0.206159
1.210000,-0.157823,0.315395,-0.315470,-0.606176,0.536120,0.205044
1.220000,-0.156997,0.313517,-0.313741,-0.609066,0.534319,0.203936
1.230000,-0.156176,0.311653,-0.312024,-0.611942,0.532528,0.202835
1.240000,-0.155359,0.309805,-0.310317,-0.614804,0.530749,0.201741
1.250000,-0.154547,0.307970,-0.308621,-0.617652,0.528979,0.200653
1.260000,-0.153740,0.306150,-0.306936,-0.620485,0.527221,0.199573
1.270000,-0.152937,0.304344,-0.305262,-0.623306,0.525472,0.198499
1.280000,-0.152139,0.302551,-0.303599,-0.626112,0.523734,0.197431
1.290000,-0.151345,0.300773,-0.301946,-0.628904,0.522005,0.196370
1.300000,-0.150556,0.299007,-0.300303,-0.631683,0.520287,0.195316
1.310000,-0.149772,0.297256,-0.298671,-0.634448,0.518578,0.194268
1.320000,-0.148991,0.295517,-0.297049,-0.637199,0.516880,0.193227
1.330000,-0.148215,0.293792,-0.295438,-0.639937,0.515191,0.192192
1.340000,-0.147444,0.292079,-0.293836,-0.642661,0.513511,0.191163
1.350000,-0.146677,0.290380,-0.292245,-0.645371,0.511841,0.190140
1.360000,-0.145914,0.288693,-0.290663,-0.648068,0.510180,0.189124
1.370000,-0.145156,0.287018,-0.289092,-0.650751,0.508529,0.188114
1.380000,-0.144401,0.285356,-0.287530,-0.653421,0.506887,0.187110
1.390000,-0.143651,0.283706,-0.285977,-0.656078,0.505254,0.186112
1.400000,-0.142906,0.282068,-0.284435,-0.658721,0.503631,0.185120
1.410000,-0.142164,0.280442,-0.282902,-0.661351,0.502016,0.184133
1.420000,-0.141426,0.278828,-0.281378,-0.663967,0.500410,0.183153
1.430000,-0.140693,0.277226,-0.279864,-0.666570,0.498813,0.182179
1.440000,-0.139964,0.275635,-0.278359,-0.669160,0.497224,0.181211
1.450000,-0.139239,0.274056,-0.276864,-0.671737,0.495644,0.180248
1.460000,-0.138517,0.272488,-0.275377,-0.674301,0.494073,0.179291
1.470000,-0.137800,0.270932,-0.273900,-0.676851,0.492511,0.178340
1.480000,-0.137087,0.269386,-0.272431,-0.679389,0.490956,0.177394
1.490000,-0.136378,0.267851,-0.270972,-0.681913,0.489410,0.176454
1.500000,-0.135673,0.266328,-0.269521,-0.684425,0.487873,0.175520
1.510000,-0.134971,0.264815,-0.268079,-0.686924,0.486343,0.174591
1.520000,-0.134274,0.263312,-0.266646,-0.689409,0.484822,0.173667
1.530000,-0.133580,0.261821,-0.265222,-0.691882,0.483308,0.172749
1.540000,-0.132890,0.260339,-0.263806,-0.694342,0.481803,0.171837
1.550000,-0.132204,0.258868,-0.262399,-0.696790,0.480305,0.170929
1.560000,-0.131522,0.257408,-0.261000,-0.699224,0.478816,0.170028
1.570000,-0.130843,0.255957,-0.259610,-0.701646,0.477334,0.169131
1.580000,-0.130169,0.254516,-0.258228,-0.704055,0.475860,0.168239
1.590000,-0.129498,0.253086,-0.256854,-0.706452,0.474393,0.167353
1.600000,-0.128830,0.251665,-0.255488,-0.708836,0.472934,0.166472
1.610000,-0.128167,0.250253,-0.254131,-0.711208,0.471482,0.165596
1.620000,-0.127507,0.248852,-0.252781,-0.713567,0.470038,0.164725
1.630000,-0.126850,0.247460,-0.251440,-0.715914,0.468602,0.163860
1.640000,-0.126197,0.246077,-0.250107,-0.718249,0.467172,0.162999
1.650000,-0.125548,0.244704,-0.248781,-0.720571,0.465750,0.162143
1.660000,-0.124902,0.243340,-0.247463,-0.722881,0.464335,0.161292
1.670000,-0.124260,0.241985,-0.246153,-0.725178,0.462927,0.160446
1.680000,-0.123621,0.240639,-0.244851,-0.727464,0.461526,0.159605
1.690000,-0.122986,0.239303,-0.243557,-0.729737,0.460132,0.158769
1.700000,-0.122354,0.237975,-0.242270,-0.731998,0.458745,0.157937
1.710000,-0.121726,0.236656,-0.240990,-0.734247,0.457365,0.157111
1.720000,-0.121101,0.235346,-0.239718,-0.736485,0.455992,0.156289
1.730000,-0.120479,0.234044,-0.238454,-0.738710,0.454626,0.155471
1.740000,-0.119861,0.232751,-0.237197,-0.740923,0.453266,0.154659
1.750000,-0.119246,0.231467,-0.235947,-0.743125,0.451913,0.153851
1.760000,-0.118635,0.230191,-0.234705,-0.745314,0.450567,0.153047
1.770000,-0.118026,0.228923,-0.233469,-0.747492,0.449227,0.152249
1.780000,-0.117421,0.227664,-0.232241,-0.749658,0.447893,0.151454
1.790000,-0.116820,0.226412,-0.231020,-0.751813,0.446566,0.150664
1.800000,-0.116221,0.225169,-0.229806,-0.753956,0.445246,0.149879
1.810000,-0.115626,0.223934,-0.228599,-0.756087,0.443932,0.149098
1.820000,-0.115034,0.222707,-0.227399,-0.758207,0.442624,0.148322
1.830000,-0.114445,0.221488,-0.226206,-0.760315,0.441322,0.147550
1.840000,-0.113860,0.220277,-0.225020,-0.762411,0.440026,0.146782
1.850000,-0.113277,0.219073,-0.223841,-0.764497,0.438737,0.146019
1.860000,-0.112698,0.217877,-0.222668,-0.766571,0.437454,0.145260
1.870000,-0.112122,0.216689,-0.221502,-0.768633,0.436177,0.144505
1.880000,-0.111548,0.215509,-0.220343,-0.770685,0.434905,0.143754
1.890000,-0.110978,0.214335,-0.219191,-0.772725,0.433640,0.143008
1.900000,-0.110411,0.213170,-0.218045,-0.774754,0.432381,0.142266
1.910000,-0.109847,0.212011,-0.216905,-0.776772,0.431127,0.141528
1.920000,-0.109286,0.210860,-0.215772,-0.778779,0.429879,0.140794
1.930000,-0.108728,0.209717,-0.214646,-0.780775,0.428637,0.140064
1.940000,-0.108173,0.208580,-0.213526,-0.782759,0.427401,0.139338
1.950000,-0.107621,0.207451,-0.212412,-0.784733,0.426171,0.138616
1.960000,-0.107072,0.206328,-0.211304,-0.786696,0.424946,0.137899
1.970000,-0.106526,0.205213,-0.210203,-0.788648,0.423726,0.137185
1.980000,-0.105983,0.204105,-0.209108,-0.790590,0.422512,0.136475
1.990000,-0.105442,0.203003,-0.208019,-0.792520,0.421304,0.135769
2.000000,-0.104905,0.201908,-0.206937,-0.794440,0.420101,0.135067
2.010000,-0.104370,0.200820,-0.205860,-0.796349,0.418904,0.134369
2.020000,-0.103838,0.199739,-0.204790,-0.798248,0.417712,0.133675
2.030000,-0.103309,0.198665,-0.203725,-0.800136,0.416525,0.132985
2.040000,-0.102783,0.197597,-0.202667,-0.802014,0.415344,0.132298
2.050000,-0.102260,0.196535,-0.201614,-0.803881,0.414168,0.131616
2.060000,-0.101739,0.195481,-0.200567,-0.805737,0.412997,0.130937
2.070000,-0.101221,0.194432,-0.199526,-0.807584,0.411831,0.130261
2.080000,-0.100706,0.193390,-0.198491,-0.809419,0.410671,0.129590
2.090000,-0.100194,0.192355,-0.197462,-0.811245,0.409515,0.128922
2.100000,-0.099684,0.191325,-0.196439,-0.813060,0.408365,0.128258
2.110000,-0.099177,0.190302,-0.195421,-0.814866,0.407220,0.127597
2.120000,-0.098673,0.189285,-0.194409,-0.816661,0.406079,0.126940
2.130000,-0.098171,0.188274,-0.193402,-0.818446,0.404944,0.126287
2.140000,-0.097672,0.187270,-0.192401,-0.820220,0.403813,0.125637
2.150000,-0.097176,0.186271,-0.191406,-0.821985,0.402688,0.124991
2.160000,-0.096682,0.185278,-0.190416,-0.823740,0.401567,0.124348
2.170000,-0.096191,0.184292,-0.189432,-0.825485,0.400451,0.123709
2.180000,-0.095702,0.183311,-0.188453,-0.827220,0.399340,0.123073
2.190000,-0.095216,0.182336,-0.187479,-0.828946,0.398234,0.122441
2.200000,-0.094733,0.181367,-0.186511,-0.830661,0.397132,0.121812
2.210000,-0.094252,0.180404,-0.185548,-0.832367,0.396035,0.121186
2.220000,-0.093774,0.179446,-0.184590,-0.834063,0.394943,0.120564
2.230000,-0.093298,0.178494,-0.183638,-0.835749,0.393855,0.119946
2.240000,-0.092825,0.177548,-0.182691,-0.837426,0.392772,0.119330
2.250000,-0.092354,0.176607,-0.181749,-0.839093,0.391694,0.118718
2.260000,-0.091885,0.175672,-0.180813,-0.840751,0.390620,0.118110
2.270000,-0.091419,0.174743,-0.179881,-0.842399,0.389550,0.117504
2.280000,-0.090956,0.173819,-0.178955,-0.844038,0.388485,0.116902
2.290000,-0.090495,0.172900,-0.178033,-0.845668,0.387425,0.116303
2.300000,-0.090036,0.171987,-0.177117,-0.847288,0.386369,0.115708
2.310000,-0.089580,0.171079,-0.176206,-0.848899,0.385317,0.115115
2.320000,-0.089126,0.170176,-0.175299,-0.850500,0.384269,0.114526
2.330000,-0.088674,0.169279,-0.174398,-0.852093,0.383226,0.113940
2.340000,-0.088225,0.168387,-0.173501,-0.853676,0.382187,0.113357
2.350000,-0.087778,0.167500,-0.172610,-0.855250,0.381153,0.112777
2.360000,-0.087334,0.166619,-0.171723,-0.856816,0.380122,0.112201
2.370000,-0.086892,0.165742,-0.170841,-0.858372,0.379096,0.111627
2.380000,-0.086452,0.164870,-0.169964,-0.859919,0.378074,0.111057
2.390000,-0.086014,0.164004,-0.169091,-0.861457,0.377056,0.110489
2.400000,-0.085579,0.163143,-0.168224,-0.862986,0.376042,0.109925
2.410000,-0.085146,0.162286,-0.167361,-0.864507,0.375033,0.109363
2.420000,-0.084715,0.161435,-0.166502,-0.866018,0.374027,0.108805
2.430000,-0.084287,0.160588,-0.165649,-0.867521,0.373025,0.108249
2.440000,-0.083860,0.159746,-0.164800,-0.869016,0.372028,0.107697
2.450000,-0.083436,0.158909,-0.163955,-0.870501,0.371034,0.107148
2.460000,-0.083014,0.158077,-0.163115,-0.871978,0.370044,0.106601
2.470000,-0.082595,0.157250,-0.162280,-0.873446,0.369059,0.106057
2.480000,-0.082177,0.156427,-0.161449,-0.874906,0.368077,0.105517
2.490000,-0.081762,0.155609,-0.160622,-0.876357,0.367099,0.104979
2.500000,-0.081349,0.154796,-0.159800,-0.877800,0.366125,0.104444
2.510000,-0.080937,0.153987,-0.158983,-0.879235,0.365154,0.103911
2.520000,-0.080529,0.153183,-0.158170,-0.880661,0.364188,0.103382
2.530000,-0.080122,0.152384,-0.157361,-0.882078,0.363225,0.102855
2.540000,-0.079717,0.151589,-0.156556,-0.883488,0.362266,0.102332
2.550000,-0.079314,0.150799,-0.155756,-0.884889,0.361311,0.101811
2.560000,-0.078914,0.150013,-0.154960,-0.886282,0.360360,0.101292
2.570000,-0.078515,0.149231,-0.154169,-0.887667,0.359412,0.100777
2.580000,-0.078119,0.148454,-0.153381,-0.889044,0.358468,0.100264
2.590000,-0.077725,0.147682,-0.152598,-0.890412,0.357527,0.099754
2.600000,-0.077332,0.146913,-0.151819,-0.891773,0.356590,0.099247
2.610000,-0.076942,0.146149,-0.151044,-0.893126,0.355657,0.098742
2.620000,-0.076554,0.145390,-0.150274,-0.894470,0.354727,0.098240
2.630000,-0.076168,0.144634,-0.149507,-0.895807,0.353801,0.097741
2.640000,-0.075783,0.143883,-0.148744,-0.897136,0.352878,0.097244
2.650000,-0.075401,0.143136,-0.147986,-0.898457,0.351959,0.096750
2.660000,-0.075021,0.142393,-0.147232,-0.899770,0.351043,0.096258
2.670000,-0.074642,0.141654,-0.146481,-0.901076,0.350131,0.095770
2.680000,-0.074266,0.140920,-0.145735,-0.902374,0.349222,0.095283
2.690000,-0.073892,0.140189,-0.144992,-0.903664,0.348317,0.094799
2.700000,-0.073519,0.139463,-0.144254,-0.904946,0.347415,0.094318
2.710000,-0.073148,0.138741,-0.143519,-0.906221,0.346516,0.093839
2.720000,-0.072780,0.138022,-0.142788,-0.907489,0.345621,0.093363
2.730000,-0.072413,0.137308,-0.142062,-0.908749,0.344729,0.092890
2.740000,-0.072048,0.136598,-0.141339,-0.910001,0.343840,0.092418
2.750000,-0.071685,0.135891,-0.140619,-0.911246,0.342955,0.091950
2.760000,-0.071324,0.135189,-0.139904,-0.912484,0.342073,0.091483
2.770000,-0.070964,0.134490,-0.139192,-0.913714,0.341194,0.091019
2.780000,-0.070607,0.133795,-0.138485,-0.914937,0.340319,0.090558
2.790000,-0.070251,0.133104,-0.137780,-0.916153,0.339446,0.090099
2.800000,-0.069898,0.132417,-0.137080,-0.917361,0.338577,0.089642
2.810000,-0.069546,0.131734,-0.136383,-0.918562,0.337711,0.089188
2.820000,-0.069195,0.131054,-0.135690,-0.919757,0.336849,0.088736
2.830000,-0.068847,0.130378,-0.135001,-0.920944,0.335989,0.088287
2.840000,-0.068500,0.129706,-0.134315,-0.922124,0.335132,0.087840
2.850000,-0.068156,0.129038,-0.133633,-0.923296,0.334279,0.087395
2.860000,-0.067812,0.128373,-0.132955,-0.924462,0.333429,0.086952
2.870000,-0.067471,0.127712,-0.132280,-0.925621,0.332581,0.086512
2.880000,-0.067132,0.127054,-0.131608,-0.926773,0.331737,0.086074
2.890000,-0.066794,0.126400,-0.130940,-0.927918,0.330896,0.085639
2.900000,-0.066458,0.125750,-0.130276,-0.929057,0.330058,0.085205
2.910000,-0.066123,0.125103,-0.129615,-0.930188,0.329223,0.084774
2.920000,-0.065791,0.124460,-0.128957,-0.931313,0.328391,0.084345
2.930000,-0.065460,0.123820,-0.128303,-0.932431,0.327561,0.083919
2.940000,-0.065130,0.123184,-0.127653,-0.933542,0.326735,0.083494
2.950000,-0.064803,0.122551,-0.127006,-0.934646,0.325912,0.083072
2.960000,-0.064477,0.121922,-0.126362,-0.935744,0.325091,0.082652
2.970000,-0.064153,0.121296,-0.125721,-0.936836,0.324274,0.082234
2.980000,-0.063830,0.120673,-0.125084,-0.937920,0.323459,0.081819
2.990000,-0.063509,0.120054,-0.124451,-0.938999,0.322647,0.081405
3.000000,-0.063190,0.119438,-0.123820,-0.940070,0.321839,0.080994
3.010000,-0.062872,0.118826,-0.123193,-0.941136,0.321032,0.080585
3.020000,-0.062556,0.118216,-0.122569,-0.942194,0.320229,0.080178
3.030000,-0.062242,0.117610,-0.121949,-0.943247,0.319429,0.079773
3.040000,-0.061929,0.117008,-0.121331,-0.944293,0.318631,0.079370
3.050000,-0.061618,0.116408,-0.120717,-0.945333,0.317836,0.078969
3.060000,-0.061308,0.115812,-0.120106,-0.946367,0.317044,0.078570
3.070000,-0.061000,0.115219,-0.119498,-0.947394,0.316255,0.078173
3.080000,-0.060694,0.114629,-0.118894,-0.948415,0.315468,0.077779
3.090000,-0.060389,0.114043,-0.118292,-0.949430,0.314684,0.077386
3.100000,-0.060085,0.113459,-0.117694,-0.950439,0.313903,0.076996
3.110000,-0.059783,0.112879,-0.117099,-0.951441,0.313124,0.076607
3.120000,-0.059483,0.112302,-0.116506,-0.952438,0.312348,0.076221
3.130000,-0.059184,0.111728,-0.115917,-0.953429,0.311575,0.075836
3.140000,-0.058887,0.111157,-0.115331,-0.954413,0.310804,0.075454
3.150000,-0.058591,0.110589,-0.114748,-0.955392,0.310036,0.075073
3.160000,-0.058297,0.110024,-0.114168,-0.956365,0.309271,0.074694
3.170000,-0.058005,0.109462,-0.113591,-0.957331,0.308508,0.074318
3.180000,-0.057713,0.108903,-0.113018,-0.958292,0.307748,0.073943
3.190000,-0.057424,0.108347,-0.112447,-0.959247,0.306990,0.073570
3.200000,-0.057135,0.107794,-0.111879,-0.960197,0.306235,0.073199
3.210000,-0.056848,0.107244,-0.111313,-0.961140,0.305483,0.072830
3.220000,-0.056563,0.106697,-0.110751,-0.962078,0.304732,0.072463
3.230000,-0.056279,0.106153,-0.110192,-0.963010,0.303985,0.072098
3.240000,-0.055997,0.105612,-0.109636,-0.963936,0.303240,0.071735
3.250000,-0.055716,0.105073,-0.109082,-0.964857,0.302497,0.071373
3.260000,-0.055436,0.104538,-0.108532,-0.965772,0.301757,0.071014
3.270000,-0.055158,0.104005,-0.107984,-0.966682,0.301020,0.070656
3.280000,-0.054881,0.103475,-0.107439,-0.967586,0.300285,0.070300
3.290000,-0.054606,0.102948,-0.106897,-0.968485,0.299552,0.069946
3.300000,-0.054332,0.102424,-0.106357,-0.969378,0.298822,0.069594
3.310000,-0.054059,0.101903,-0.105821,-0.970265,0.298094,0.069243
3.320000,-0.053788,0.101384,-0.105287,-0.971147,0.297368,0.068895
3.330000,-0.053518,0.100868,-0.104756,-0.972024,0.296645,0.068548
3.340000,-0.053250,0.100355,-0.104228,-0.972896,0.295924,0.068203
3.350000,-0.052983,0.099844,-0.103702,-0.973762,0.295206,0.067860
3.360000,-0.052717,0.099336,-0.103179,-0.974622,0.294490,0.067518
3.370000,-0.052453,0.098831,-0.102659,-0.975478,0.293776,0.067178
3.380000,-0.052190,0.098329,-0.102142,-0.976328,0.293065,0.066840
3.390000,-0.051928,0.097829,-0.101627,-0.977173,0.292356,0.066504
3.400000,-0.051668,0.097332,-0.101115,-0.978013,0.291649,0.066169
3.410000,-0.051409,0.096837,-0.100605,-0.978848,0.290945,0.065836
3.420000,-0.051151,0.096345,-0.100098,-0.979678,0.290243,0.065505
3.430000,-0.050894,0.095856,-0.099594,-0.980502,0.289543,0.065176
3.440000,-0.050639,0.095369,-0.099092,-0.981322,0.288845,0.064848
3.450000,-0.050385,0.094885,-0.098593,-0.982136,0.288150,0.064522
3.460000,-0.050133,0.094403,-0.098097,-0.982946,0.287457,0.064197
3.470000,-0.049882,0.093924,-0.097602,-0.983750,0.286766,0.063874
3.480000,-0.049631,0.093447,-0.097111,-0.984550,0.286077,0.063553
3.490000,-0.049383,0.092973,-0.096622,-0.985344,0.285390,0.063234
3.500000,-0.049135,0.092502,-0.096136,-0.986134,0.284706,0.062916
3.510000,-0.048889,0.092032,-0.095652,-0.986919,0.284024,0.062600
3.520000,-0.048644,0.091566,-0.095170,-0.987699,0.283344,0.062285
3.530000,-0.048400,0.091101,-0.094691,-0.988474,0.282666,0.061972
3.540000,-0.048158,0.090640,-0.094214,-0.989245,0.281990,0.061660
3.550000,-0.047916,0.090180,-0.093740,-0.990011,0.281317,0.061351
3.560000,-0.047676,0.089723,-0.093269,-0.990772,0.280645,0.061042
3.570000,-0.047438,0.089269,-0.092799,-0.991528,0.279976,0.060736
3.580000,-0.047200,0.088816,-0.092332,-0.992280,0.279309,0.060431
3.590000,-0.046963,0.088366,-0.091868,-0.993027,0.278644,0.060127
3.600000,-0.046728,0.087919,-0.091406,-0.993769,0.277981,0.059825
3.610000,-0.046494,0.087474,-0.090946,-0.994507,0.277320,0.059524
3.620000,-0.046261,0.087031,-0.090489,-0.995240,0.276661,0.059225
3.630000,-0.046029,0.086590,-0.090034,-0.995969,0.276004,0.058928
3.640000,-0.045799,0.086152,-0.089581,-0.996693,0.275349,0.058632
3.650000,-0.045570,0.085716,-0.089130,-0.997413,0.274697,0.058338
3.660000,-0.045341,0.085282,-0.088682,-0.998128,0.274046,0.058045
3.670000,-0.045114,0.084851,-0.088237,-0.998839,0.273397,0.057753
3.680000,-0.044888,0.084421,-0.087793,-0.999546,0.272750,0.057463
3.690000,-0.044664,0.083994,-0.087352,-1.000248,0.272106,0.057175
3.700000,-0.044440,0.083570,-0.086913,-1.000946,0.271463,0.056888
3.710000,-0.044217,0.083147,-0.086476,-1.001639,0.270822,0.056602
3.720000,-0.043996,0.082727,-0.086041,-1.002328,0.270183,0.056318
3.730000,-0.043776,0.082308,-0.085609,-1.003013,0.269547,0.056036
3.740000,-0.043557,0.081892,-0.085179,-1.003694,0.268912,0.055754
3.750000,-0.043339,0.081479,-0.084751,-1.004371,0.268279,0.055475
3.760000,-0.043122,0.081067,-0.084325,-1.005043,0.267648,0.055196
3.770000,-0.042906,0.080657,-0.083901,-1.005711,0.267019,0.054919
3.780000,-0.042691,0.080250,-0.083480,-1.006375,0.266392,0.054644
3.790000,-0.042477,0.079844,-0.083061,-1.007035,0.265766,0.054369
3.800000,-0.042265,0.079441,-0.082643,-1.007690,0.265143,0.054097
3.810000,-0.042053,0.079040,-0.082228,-1.008342,0.264522,0.053825
3.820000,-0.041843,0.078641,-0.081816,-1.008990,0.263902,0.053555
3.830000,-0.041633,0.078244,-0.081405,-1.009633,0.263284,0.053287
3.840000,-0.041425,0.077849,-0.080996,-1.010273,0.262669,0.053019
3.850000,-0.041218,0.077456,-0.080589,-1.010908,0.262055,0.052754
3.860000,-0.041011,0.077065,-0.080185,-1.011540,0.261442,0.052489
3.870000,-0.040806,0.076676,-0.079782,-1.012168,0.260832,0.052226
3.880000,-0.040602,0.076289,-0.079382,-1.012792,0.260224,0.051964
3.890000,-0.040399,0.075904,-0.078983,-1.013412,0.259617,0.051703
3.900000,-0.040197,0.075521,-0.078587,-1.014028,0.259012,0.051444
3.910000,-0.039995,0.075141,-0.078192,-1.014640,0.258409,0.051186
3.920000,-0.039795,0.074762,-0.077800,-1.015248,0.257808,0.050930
3.930000,-0.039596,0.074385,-0.077410,-1.015853,0.257208,0.050674
3.940000,-0.039398,0.074009,-0.077021,-1.016454,0.256611,0.050420
3.950000,-0.039201,0.073636,-0.076635,-1.017051,0.256015,0.050167
3.960000,-0.039005,0.073265,-0.076250,-1.017645,0.255421,0.049916
3.970000,-0.038810,0.072896,-0.075868,-1.018234,0.254828,0.049666
3.980000,-0.038616,0.072528,-0.075487,-1.018820,0.254238,0.049417
3.990000,-0.038422,0.072163,-0.075108,-1.019403,0.253649,0.049169
4.000000,-0.038230,0.071799,-0.074732,-1.019981,0.253062,0.048923
4.010000,-0.038039,0.071438,-0.074357,-1.020557,0.252476,0.048678
4.020000,-0.037849,0.071078,-0.073984,-1.021128,0.251893,0.048434
4.030000,-0.037659,0.070720,-0.073613,-1.021696,0.251311,0.048191
4.040000,-0.037471,0.070363,-0.073244,-1.022261,0.250730,0.047950
4.050000,-0.037284,0.070009,-0.072876,-1.022822,0.250152,0.047709
4.060000,-0.037097,0.069656,-0.072511,-1.023379,0.249575,0.047470
4.070000,-0.036912,0.069306,-0.072147,-1.023933,0.248999,0.047232
4.080000,-0.036727,0.068957,-0.071786,-1.024483,0.248426,0.046996
4.090000,-0.036543,0.068610,-0.071426,-1.025030,0.247854,0.046760
4.100000,-0.036361,0.068264,-0.071068,-1.025574,0.247284,0.046526
4.110000,-0.036179,0.067921,-0.070711,-1.026114,0.246715,0.046293
4.120000,-0.035998,0.067579,-0.070357,-1.026651,0.246148,0.046061
4.130000,-0.035818,0.067239,-0.070004,-1.027184,0.245583,0.045831
4.140000,-0.035639,0.066900,-0.069653,-1.027715,0.245019,0.045601
4.150000,-0.035461,0.066564,-0.069304,-1.028241,0.244457,0.045373
4.160000,-0.035283,0.066229,-0.068957,-1.028765,0.243897,0.045145
4.170000,-0.035107,0.065895,-0.068611,-1.029285,0.243338,0.044919
4.180000,-0.034931,0.065564,-0.068267,-1.029802,0.242781,0.044694
4.190000,-0.034757,0.065234,-0.067925,-1.030316,0.242225,0.044471
4.200000,-0.034583,0.064906,-0.067585,-1.030826,0.241671,0.044248
4.210000,-0.034410,0.064580,-0.067246,-1.031334,0.241119,0.044026
4.220000,-0.034238,0.064255,-0.066909,-1.031838,0.240568,0.043806
4.230000,-0.034067,0.063932,-0.066574,-1.032339,0.240019,0.043587
4.240000,-0.033897,0.063610,-0.066241,-1.032836,0.239471,0.043368
4.250000,-0.033727,0.063291,-0.065909,-1.033331,0.238925,0.043151
4.260000,-0.033559,0.062972,-0.065579,-1.033823,0.238380,0.042935
4.270000,-0.033391,0.062656,-0.065250,-1.034311,0.237837,0.042720
4.280000,-0.033224,0.062341,-0.064923,-1.034797,0.237295,0.042507
4.290000,-0.033058,0.062028,-0.064598,-1.035279,0.236755,0.042294
4.300000,-0.032893,0.061716,-0.064274,-1.035758,0.236217,0.042082
4.310000,-0.032728,0.061406,-0.063953,-1.036235,0.235680,0.041872
4.320000,-0.032565,0.061097,-0.063632,-1.036708,0.235145,0.041662
4.330000,-0.032402,0.060790,-0.063314,-1.037178,0.234611,0.041453
4.340000,-0.032240,0.060485,-0.062997,-1.037646,0.234078,0.041246
4.350000,-0.032079,0.060181,-0.062681,-1.038110,0.233547,0.041040
4.360000,-0.031919,0.059879,-0.062367,-1.038572,0.233018,0.040834
4.370000,-0.031759,0.059578,-0.062055,-1.039031,0.232490,0.040630
4.380000,-0.031600,0.059279,-0.061744,-1.039486,0.231963,0.040427
4.390000,-0.031442,0.058981,-0.061435,-1.039939,0.231438,0.040224
4.400000,-0.031285,0.058685,-0.061127,-1.040389,0.230915,0.040023
4.410000,-0.031129,0.058390,-0.060821,-1.040837,0.230392,0.039823
4.420000,-0.030973,0.058097,-0.060517,-1.041281,0.229872,0.039624
4.430000,-0.030819,0.057805,-0.060214,-1.041723,0.229353,0.039425
4.440000,-0.030665,0.057515,-0.059913,-1.042161,0.228835,0.039228
4.450000,-0.030511,0.057226,-0.059613,-1.042598,0.228318,0.039032
4.460000,-0.030359,0.056939,-0.059314,-1.043031,0.227804,0.038837
4.470000,-0.030207,0.056653,-0.059017,-1.043461,0.227290,0.038642
4.480000,-0.030056,0.056369,-0.058722,-1.043889,0.226778,0.038449
4.490000,-0.029906,0.056086,-0.058428,-1.044315,0.226267,0.038257
4.500000,-0.029757,0.055804,-0.058136,-1.044737,0.225758,0.038065
4.510000,-0.029608,0.055524,-0.057845,-1.045157,0.225250,0.037875
4.520000,-0.029460,0.055246,-0.057555,-1.045574,0.224744,0.037685
4.530000,-0.029313,0.054968,-0.057267,-1.045989,0.224239,0.037497
4.540000,-0.029166,0.054693,-0.056981,-1.046401,0.223735,0.037309
4.550000,-0.029021,0.054418,-0.056696,-1.046810,0.223233,0.037123
4.560000,-0.028876,0.054145,-0.056412,-1.047217,0.222732,0.036937
4.570000,-0.028731,0.053874,-0.056130,-1.047621,0.222232,0.036752
4.580000,-0.028588,0.053603,-0.055849,-1.048023,0.221734,0.036569
4.590000,-0.028445,0.053335,-0.055569,-1.048422,0.221237,0.036386
4.600000,-0.028303,0.053067,-0.055291,-1.048818,0.220742,0.036204
4.610000,-0.028162,0.052801,-0.055015,-1.049212,0.220247,0.036023
4.620000,-0.028021,0.052536,-0.054739,-1.049604,0.219755,0.035843
4.630000,-0.027881,0.052273,-0.054466,-1.049993,0.219263,0.035663
4.640000,-0.027742,0.052010,-0.054193,-1.050380,0.218773,0.035485
4.650000,-0.027603,0.051750,-0.053922,-1.050764,0.218284,0.035308
4.660000,-0.027465,0.051490,-0.053652,-1.051146,0.217797,0.035131
4.670000,-0.027328,0.051232,-0.053384,-1.051525,0.217310,0.034956
4.680000,-0.027192,0.050975,-0.053117,-1.051902,0.216826,0.034781
4.690000,-0.027056,0.050720,-0.052851,-1.052277,0.216342,0.034607
4.700000,-0.026921,0.050465,-0.052587,-1.052649,0.215860,0.034434
4.710000,-0.026786,0.050212,-0.052324,-1.053019,0.215379,0.034262
4.720000,-0.026652,0.049961,-0.052062,-1.053386,0.214899,0.034090
4.730000,-0.026519,0.049710,-0.051802,-1.053752,0.214421,0.033920
4.740000,-0.026387,0.049461,-0.051543,-1.054115,0.213944,0.033750
4.750000,-0.026255,0.049213,-0.051285,-1.054475,0.213468,0.033582
4.760000,-0.026124,0.048967,-0.051028,-1.054834,0.212993,0.033414
4.770000,-0.025993,0.048721,-0.050773,-1.055190,0.212520,0.033247
4.780000,-0.025864,0.048477,-0.050519,-1.055543,0.212048,0.033081
4.790000,-0.025734,0.048234,-0.050267,-1.055895,0.211577,0.032915
4.800000,-0.025606,0.047993,-0.050015,-1.056244,0.211107,0.032751
4.810000,-0.025478,0.047752,-0.049765,-1.056591,0.210639,0.032587
4.820000,-0.025351,0.047513,-0.049517,-1.056936,0.210172,0.032424
4.830000,-0.025224,0.047275,-0.049269,-1.057279,0.209706,0.032262
4.840000,-0.025098,0.047038,-0.049023,-1.057620,0.209242,0.032101
4.850000,-0.024973,0.046802,-0.048777,-1.057958,0.208778,0.031941
4.860000,-0.024848,0.046568,-0.048534,-1.058294,0.208316,0.031781
4.870000,-0.024724,0.046335,-0.048291,-1.058629,0.207855,0.031622
4.880000,-0.024601,0.046103,-0.048050,-1.058961,0.207396,0.031464
4.890000,-0.024478,0.045872,-0.047809,-1.059291,0.206937,0.031307
4.900000,-0.024356,0.045642,-0.047570,-1.059618,0.206480,0.031150
4.910000,-0.024234,0.045413,-0.047333,-1.059944,0.206024,0.030995
4.920000,-0.024113,0.045186,-0.047096,-1.060268,0.205569,0.030840
4.930000,-0.023993,0.044960,-0.046861,-1.060589,0.205115,0.030686
4.940000,-0.023873,0.044734,-0.046626,-1.060909,0.204663,0.030532
4.950000,-0.023754,0.044510,-0.046393,-1.061227,0.204212,0.030380
4.960000,-0.023635,0.044288,-0.046161,-1.061542,0.203761,0.030228
4.970000,-0.023517,0.044066,-0.045931,-1.061856,0.203313,0.030077
4.980000,-0.023400,0.043845,-0.045701,-1.062167,0.202865,0.029927
4.990000,-0.023283,0.043626,-0.045473,-1.062477,0.202418,0.029777
5.000000,-0.023166,0.043407,-0.045245,-1.062784,0.201973,0.029628
5.010000,-0.023051,0.043190,-0.045019,-1.063090,0.201528,0.029480
5.020000,-0.022936,0.042974,-0.044794,-1.063394,0.201085,0.029333
5.030000,-0.022821,0.042759,-0.044570,-1.063696,0.200643,0.029187
5.040000,-0.022707,0.042545,-0.044348,-1.063995,0.200203,0.029041
5.050000,-0.022594,0.042332,-0.044126,-1.064293,0.199763,0.028896
5.060000,-0.022481,0.042120,-0.043905,-1.064590,0.199324,0.028751
5.070000,-0.022369,0.041909,-0.043686,-1.064884,0.198887,0.028608
5.080000,-0.022257,0.041699,-0.043468,-1.065176,0.198451,0.028465
5.090000,-0.022146,0.041491,-0.043251,-1.065467,0.198015,0.028323
5.100000,-0.022035,0.041283,-0.043034,-1.065755,0.197581,0.028181
5.110000,-0.021925,0.041076,-0.042819,-1.066042,0.197148,0.028040
5.120000,-0.021816,0.040871,-0.042605,-1.066327,0.196717,0.027900
5.130000,-0.021707,0.040666,-0.042393,-1.066610,0.196286,0.027761
5.140000,-0.021599,0.040463,-0.042181,-1.066891,0.195856,0.027622
5.150000,-0.021491,0.040260,-0.041970,-1.067171,0.195428,0.027484
5.160000,-0.021384,0.040059,-0.041760,-1.067449,0.195000,0.027347
5.170000,-0.021277,0.039858,-0.041552,-1.067725,0.194574,0.027210
5.180000,-0.021171,0.039659,-0.041344,-1.067999,0.194149,0.027074
5.190000,-0.021065,0.039461,-0.041137,-1.068272,0.193725,0.026939
5.200000,-0.020960,0.039263,-0.040932,-1.068542,0.193302,0.026805
5.210000,-0.020855,0.039067,-0.040727,-1.068811,0.192880,0.026671
5.220000,-0.020751,0.038871,-0.040524,-1.069079,0.192459,0.026538
5.230000,-0.020648,0.038677,-0.040321,-1.069344,0.192039,0.026405
5.240000,-0.020544,0.038483,-0.040120,-1.069608,0.191620,0.026273
5.250000,-0.020442,0.038291,-0.039920,-1.069871,0.191203,0.026142
5.260000,-0.020340,0.038099,-0.039720,-1.070131,0.190786,0.026011
5.270000,-0.020238,0.037909,-0.039522,-1.070390,0.190371,0.025881
5.280000,-0.020137,0.037719,-0.039324,-1.070648,0.189956,0.025752
5.290000,-0.020037,0.037531,-0.039128,-1.070903,0.189543,0.025624
5.300000,-0.019937,0.037343,-0.038932,-1.071157,0.189130,0.025496
5.310000,-0.019837,0.037156,-0.038738,-1.071410,0.188719,0.025368
5.320000,-0.019738,0.036970,-0.038544,-1.071661,0.188309,0.025242
5.330000,-0.019640,0.036785,-0.038352,-1.071910,0.187899,0.025116
5.340000,-0.019542,0.036601,-0.038160,-1.072157,0.187491,0.024990
5.350000,-0.019444,0.036418,-0.037970,-1.072403,0.187084,0.024865
5.360000,-0.019347,0.036236,-0.037780,-1.072648,0.186678,0.024741
5.370000,-0.019251,0.036055,-0.037591,-1.072891,0.186272,0.024618
5.380000,-0.019154,0.035875,-0.037404,-1.073132,0.185868,0.024495
5.390000,-0.019059,0.035695,-0.037217,-1.073372,0.185465,0.024372
5.400000,-0.018964,0.035517,-0.037031,-1.073610,0.185063,0.024251
5.410000,-0.018869,0.035339,-0.036846,-1.073847,0.184662,0.024130
5.420000,-0.018775,0.035163,-0.036662,-1.074082,0.184262,0.024009
5.430000,-0.018681,0.034987,-0.036479,-1.074316,0.183863,0.023889
5.440000,-0.018588,0.034812,-0.036297,-1.074549,0.183464,0.023770
5.450000,-0.018495,0.034638,-0.036115,-1.074779,0.183067,0.023651
5.460000,-0.018403,0.034465,-0.035935,-1.075009,0.182671,0.023533
5.470000,-0.018311,0.034292,-0.035756,-1.075237,0.182276,0.023416
5.480000,-0.018220,0.034121,-0.035577,-1.075463,0.181882,0.023299
5.490000,-0.018129,0.033950,-0.035399,-1.075688,0.181489,0.023182
5.500000,-0.018038,0.033781,-0.035223,-1.075911,0.181096,0.023067
5.510000,-0.017948,0.033612,-0.035047,-1.076134,0.180705,0.022951
5.520000,-0.017859,0.033444,-0.034872,-1.076354,0.180315,0.022837
5.530000,-0.017770,0.033277,-0.034698,-1.076574,0.179926,0.022723
5.540000,-0.017681,0.033110,-0.034524,-1.076791,0.179537,0.022609
5.550000,-0.017593,0.032945,-0.034352,-1.077008,0.179150,0.022497
5.560000,-0.017505,0.032780,-0.034180,-1.077223,0.178763,0.022384
5.570000,-0.017417,0.032616,-0.034010,-1.077437,0.178378,0.022272
5.580000,-0.017331,0.032453,-0.033840,-1.077649,0.177993,0.022161
5.590000,-0.017244,0.032291,-0.033671,-1.077860,0.177610,0.022051
5.600000,-0.017158,0.032130,-0.033503,-1.078070,0.177227,0.021941
5.610000,-0.017072,0.031969,-0.033335,-1.078278,0.176846,0.021831
5.620000,-0.016987,0.031809,-0.033169,-1.078485,0.176465,0.021722
5.630000,-0.016902,0.031650,-0.033003,-1.078691,0.176085,0.021614
5.640000,-0.016818,0.031492,-0.032839,-1.078895,0.175706,0.021506
5.650000,-0.016734,0.031335,-0.032675,-1.079098,0.175328,0.021398
5.660000,-0.016651,0.031178,-0.032511,-1.079300,0.174951,0.021292
5.670000,-0.016567,0.031022,-0.032349,-1.079501,0.174575,0.021185
5.680000,-0.016485,0.030867,-0.032188,-1.079700,0.174200,0.021079
5.690000,-0.016403,0.030713,-0.032027,-1.079898,0.173826,0.020974
5.700000,-0.016321,0.030560,-0.031867,-1.080094,0.173453,0.020870
5.710000,-0.016239,0.030407,-0.031708,-1.080290,0.173080,0.020765
5.720000,-0.016158,0.030255,-0.031550,-1.080484,0.172709,0.020662
5.730000,-0.016078,0.030104,-0.031392,-1.080677,0.172338,0.020559
5.740000,-0.015997,0.029953,-0.031235,-1.080869,0.171968,0.020456
5.750000,-0.015918,0.029804,-0.031079,-1.081059,0.171600,0.020354
5.760000,-0.015838,0.029655,-0.030924,-1.081248,0.171232,0.020252
5.770000,-0.015759,0.029507,-0.030770,-1.081436,0.170865,0.020151
5.780000,-0.015680,0.029359,-0.030616,-1.081623,0.170499,0.020051
5.790000,-0.015602,0.029213,-0.030463,-1.081809,0.170133,0.019950
5.800000,-0.015524,0.029067,-0.030311,-1.081993,0.169769,0.019851
5.810000,-0.015447,0.028921,-0.030160,-1.082177,0.169406,0.019752
5.820000,-0.015370,0.028777,-0.030009,-1.082359,0.169043,0.019653
5.830000,-0.015293,0.028633,-0.029860,-1.082540,0.168681,0.019555
5.840000,-0.015217,0.028490,-0.029711,-1.082719,0.168320,0.019458
5.850000,-0.015141,0.028348,-0.029562,-1.082898,0.167961,0.019360
5.860000,-0.015065,0.028206,-0.029415,-1.083076,0.167601,0.019264
5.870000,-0.014990,0.028065,-0.029268,-1.083252,0.167243,0.019168
5.880000,-0.014915,0.027925,-0.029122,-1.083427,0.166886,0.019072
5.890000,-0.014841,0.027786,-0.028976,-1.083601,0.166529,0.018977
5.900000,-0.014767,0.027647,-0.028832,-1.083774,0.166174,0.018882
5.910000,-0.014693,0.027509,-0.028688,-1.083946,0.165819,0.018788
5.920000,-0.014620,0.027371,-0.028545,-1.084117,0.165465,0.018694
5.930000,-0.014547,0.027235,-0.028402,-1.084287,0.165112,0.018601
5.940000,-0.014474,0.027099,-0.028260,-1.084455,0.164760,0.018508
5.950000,-0.014402,0.026963,-0.028119,-1.084623,0.164409,0.018416
5.960000,-0.014330,0.026829,-0.027979,-1.084789,0.164058,0.018324
5.970000,-0.014259,0.026695,-0.027839,-1.084955,0.163708,0.018232
5.980000,-0.014188,0.026561,-0.027700,-1.085119,0.163360,0.018141
5.990000,-0.014117,0.026429,-0.027562,-1.085282,0.163012,0.018051
6.000000,-0.014046,0.026297,-0.027425,-1.085444,0.162664,0.017961
6.010000,-0.013976,0.026165,-0.027288,-1.085606,0.162318,0.017871
6.020000,-0.013907,0.026035,-0.027151,-1.085766,0.161973,0.017782
6.030000,-0.013837,0.025905,-0.027016,-1.085925,0.161628,0.017693
6.040000,-0.013768,0.025775,-0.026881,-1.086083,0.161284,0.017605
6.050000,-0.013699,0.025646,-0.026747,-1.086240,0.160941,0.017517
6.060000,-0.013631,0.025518,-0.026613,-1.086396,0.160599,0.017429
6.070000,-0.013563,0.025391,-0.026481,-1.086551,0.160257,0.017342
6.080000,-0.013495,0.025264,-0.026348,-1.086705,0.159917,0.017256
6.090000,-0.013428,0.025138,-0.026217,-1.086858,0.159577,0.017170
6.100000,-0.013361,0.025012,-0.026086,-1.087011,0.159238,0.017084
6.110000,-0.013294,0.024888,-0.025956,-1.087162,0.158900,0.016999
6.120000,-0.013228,0.024763,-0.025826,-1.087312,0.158562,0.016914
6.130000,-0.013162,0.024640,-0.025697,-1.087461,0.158226,0.016830
6.140000,-0.013096,0.024517,-0.025569,-1.087609,0.157890,0.016746
6.150000,-0.013031,0.024394,-0.025442,-1.087757,0.157555,0.016662
6.160000,-0.012966,0.024272,-0.025315,-1.087903,0.157221,0.016579
6.170000,-0.012901,0.024151,-0.025188,-1.088049,0.156887,0.016496
6.180000,-0.012837,0.024031,-0.025063,-1.088193,0.156555,0.016414
6.190000,-0.012773,0.023911,-0.024937,-1.088337,0.156223,0.016332
6.200000,-0.012709,0.023791,-0.024813,-1.088479,0.155892,0.016250
6.210000,-0.012646,0.023672,-0.024689,-1.088621,0.155562,0.016169
6.220000,-0.012583,0.023554,-0.024566,-1.088762,0.155232,0.016089
6.230000,-0.012520,0.023437,-0.024443,-1.088902,0.154904,0.016008
6.240000,-0.012458,0.023320,-0.024321,-1.089041,0.154576,0.015928
6.250000,-0.012395,0.023203,-0.024200,-1.089179,0.154248,0.015849
6.260000,-0.012334,0.023087,-0.024079,-1.089316,0.153922,0.015770
6.270000,-0.012272,0.022972,-0.023959,-1.089453,0.153596,0.015691
6.280000,-0.012211,0.022857,-0.023839,-1.089588,0.153272,0.015613
6.290000,-0.012150,0.022743,-0.023721,-1.089723,0.152947,0.015535
6.300000,-0.012089,0.022630,-0.023602,-1.089857,0.152624,0.015458
6.310000,-0.012029,0.022517,-0.023484,-1.089990,0.152302,0.015380
6.320000,-0.011969,0.022404,-0.023367,-1.090122,0.151980,0.015304
6.330000,-0.011909,0.022292,-0.023251,-1.090253,0.151659,0.015227
6.340000,-0.011850,0.022181,-0.023135,-1.090383,0.151338,0.015151
6.350000,-0.011791,0.022070,-0.023019,-1.090513,0.151019,0.015076
6.360000,-0.011732,0.021960,-0.022904,-1.090642,0.150700,0.015000
6.370000,-0.011673,0.021851,-0.022790,-1.090769,0.150382,0.014926
6.380000,-0.011615,0.021741,-0.022676,-1.090896,0.150065,0.014851
6.390000,-0.011557,0.021633,-0.022563,-1.091023,0.149748,0.014777
6.400000,-0.011499,0.021525,-0.022450,-1.091148,0.149432,0.014703
6.410000,-0.011442,0.021417,-0.022338,-1.091273,0.149117,0.014630
6.420000,-0.011385,0.021311,-0.022227,-1.091397,0.148803,0.014557
6.430000,-0.011328,0.021204,-0.022116,-1.091520,0.148489,0.014484
6.440000,-0.011272,0.021098,-0.022006,-1.091642,0.148176,0.014412
6.450000,-0.011215,0.020993,-0.021896,-1.091763,0.147864,0.014340
6.460000,-0.011160,0.020888,-0.021787,-1.091884,0.147552,0.014269
6.470000,-0.011104,0.020784,-0.021678,-1.092004,0.147242,0.014197
6.480000,-0.011048,0.020680,-0.021570,-1.092123,0.146932,0.014127
6.490000,-0.010993,0.020577,-0.021462,-1.092242,0.146622,0.014056
6.500000,-0.010938,0.020474,-0.021355,-1.092359,0.146314,0.013986
6.510000,-0.010884,0.020372,-0.021248,-1.092476,0.146006,0.013916
6.520000,-0.010830,0.020270,-0.021142,-1.092592,0.145699,0.013847
6.530000,-0.010776,0.020169,-0.021037,-1.092708,0.145392,0.013778
6.540000,-0.010722,0.020068,-0.020932,-1.092822,0.145086,0.013709
6.550000,-0.010668,0.019968,-0.020827,-1.092936,0.144781,0.013640
6.560000,-0.010615,0.019869,-0.020724,-1.093049,0.144477,0.013572
6.570000,-0.010562,0.019769,-0.020620,-1.093162,0.144173,0.013505
6.580000,-0.010509,0.019671,-0.020517,-1.093273,0.143871,0.013437
6.590000,-0.010457,0.019573,-0.020415,-1.093384,0.143568,0.013370
6.600000,-0.010405,0.019475,-0.020313,-1.093495,0.143267,0.013304
6.610000,-0.010353,0.019378,-0.020212,-1.093604,0.142966,0.013237
6.620000,-0.010301,0.019281,-0.020111,-1.093713,0.142666,0.013171
6.630000,-0.010250,0.019185,-0.020010,-1.093821,0.142366,0.013105
6.640000,-0.010199,0.019089,-0.019911,-1.093929,0.142068,0.013040
6.650000,-0.010148,0.018994,-0.019811,-1.094036,0.141769,0.012975
6.660000,-0.010097,0.018899,-0.019712,-1.094142,0.141472,0.012910
6.670000,-0.010047,0.018805,-0.019614,-1.094247,0.141175,0.012846
6.680000,-0.009997,0.018711,-0.019516,-1.094352,0.140879,0.012782
6.690000,-0.009947,0.018617,-0.019419,-1.094456,0.140584,0.012718
6.700000,-0.009897,0.018524,-0.019322,-1.094559,0.140289,0.012655
6.710000,-0.009848,0.018432,-0.019226,-1.094662,0.139995,0.012591
6.720000,-0.009799,0.018340,-0.019130,-1.094764,0.139702,0.012529
6.730000,-0.009750,0.018248,-0.019034,-1.094866,0.139409,0.012466
6.740000,-0.009701,0.018157,-0.018939,-1.094966,0.139117,0.012404
6.750000,-0.009653,0.018067,-0.018845,-1.095066,0.138826,0.012342
6.760000,-0.009605,0.017977,-0.018751,-1.095166,0.138535,0.012280
6.770000,-0.009557,0.017887,-0.018657,-1.095265,0.138245,0.012219
6.780000,-0.009509,0.017798,-0.018564,-1.095363,0.137956,0.012158
6.790000,-0.009462,0.017709,-0.018471,-1.095461,0.137667,0.012098
6.800000,-0.009415,0.017620,-0.018379,-1.095558,0.137379,0.012037
6.810000,-0.009368,0.017532,-0.018288,-1.095654,0.137092,0.011977
6.820000,-0.009321,0.017445,-0.018196,-1.095750,0.136805,0.011917
6.830000,-0.009274,0.017358,-0.018106,-1.095845,0.136519,0.011858
6.840000,-0.009228,0.017271,-0.018015,-1.095939,0.136234,0.011799
6.850000,-0.009182,0.017185,-0.017925,-1.096033,0.135949,0.011740
6.860000,-0.009136,0.017099,-0.017836,-1.096126,0.135665,0.011681
6.870000,-0.009091,0.017014,-0.017747,-1.096219,0.135382,0.011623
6.880000,-0.009045,0.016929,-0.017658,-1.096311,0.135099,0.011565
6.890000,-0.009000,0.016845,-0.017570,-1.096403,0.134817,0.011507
6.900000,-0.008955,0.016761,-0.017483,-1.096493,0.134535,0.011450
6.910000,-0.008911,0.016677,-0.017395,-1.096584,0.134254,0.011393
6.920000,-0.008866,0.016594,-0.017309,-1.096673,0.133974,0.011336
6.930000,-0.008822,0.016511,-0.017222,-1.096763,0.133694,0.011279
6.940000,-0.008778,0.016429,-0.017136,-1.096851,0.133415,0.011223
6.950000,-0.008734,0.016347,-0.017051,-1.096939,0.133137,0.011167
6.960000,-0.008691,0.016265,-0.016966,-1.097027,0.132859,0.011111
6.970000,-0.008647,0.016184,-0.016881,-1.097114,0.132582,0.011056
6.980000,-0.008604,0.016103,-0.016797,-1.097200,0.132306,0.011001
6.990000,-0.008561,0.016023,-0.016713,-1.097286,0.132030,0.010946
7.000000,-0.008519,0.015943,-0.016630,-1.097371,0.131755,0.010891
7.010000,-0.008476,0.015863,-0.016547,-1.097456,0.131480,0.010837
7.020000,-0.008434,0.015784,-0.016464,-1.097540,0.131206,0.010783
7.030000,-0.008392,0.015705,-0.016382,-1.097623,0.130933,0.010729
7.040000,-0.008350,0.015627,-0.016300,-1.097706,0.130660,0.010676
7.050000,-0.008308,0.015549,-0.016219,-1.097789,0.130388,0.010622
7.060000,-0.008267,0.015471,-0.016138,-1.097871,0.130116,0.010569
7.070000,-0.008225,0.015394,-0.016058,-1.097952,0.129845,0.010517
7.080000,-0.008184,0.015317,-0.015978,-1.098033,0.129575,0.010464
7.090000,-0.008144,0.015241,-0.015898,-1.098114,0.129305,0.010412
7.100000,-0.008103,0.015165,-0.015818,-1.098194,0.129036,0.010360
7.110000,-0.008063,0.015089,-0.015740,-1.098273,0.128768,0.010308
7.120000,-0.008022,0.015014,-0.015661,-1.098352,0.128500,0.010257
7.130000,-0.007982,0.014939,-0.015583,-1.098430,0.128233,0.010206
7.140000,-0.007943,0.014864,-0.015505,-1.098508,0.127966,0.010155
7.150000,-0.007903,0.014790,-0.015428,-1.098585,0.127700,0.010104
7.160000,-0.007863,0.014716,-0.015351,-1.098662,0.127434,0.010054
7.170000,-0.007824,0.014643,-0.015274,-1.098739,0.127169,0.010004
7.180000,-0.007785,0.014570,-0.015198,-1.098814,0.126905,0.009954
7.190000,-0.007746,0.014497,-0.015122,-1.098890,0.126641,0.009904
7.200000,-0.007708,0.014425,-0.015047,-1.098965,0.126378,0.009855
7.210000,-0.007669,0.014353,-0.014972,-1.099039,0.126116,0.009806
7.220000,-0.007631,0.014281,-0.014897,-1.099113,0.125854,0.009757
7.230000,-0.007593,0.014210,-0.014823,-1.099187,0.125593,0.009708
7.240000,-0.007555,0.014139,-0.014749,-1.099260,0.125332,0.009660
7.250000,-0.007517,0.014069,-0.014675,-1.099332,0.125072,0.009611
7.260000,-0.007480,0.013998,-0.014602,-1.099404,0.124812,0.009563
7.270000,-0.007443,0.013929,-0.014529,-1.099476,0.124553,0.009516
7.280000,-0.007405,0.013859,-0.014457,-1.099547,0.124294,0.009468
7.290000,-0.007369,0.013790,-0.014385,-1.099618,0.124037,0.009421
7.300000,-0.007332,0.013721,-0.014313,-1.099688,0.123779,0.009374
7.310000,-0.007295,0.013653,-0.014241,-1.099758,0.123523,0.009327
7.320000,-0.007259,0.013585,-0.014170,-1.099827,0.123266,0.009281
7.330000,-0.007223,0.013517,-0.014100,-1.099896,0.123011,0.009234
7.340000,-0.007187,0.013449,-0.014029,-1.099964,0.122756,0.009188
7.350000,-0.007151,0.013382,-0.013959,-1.100032,0.122501,0.009143
7.360000,-0.007115,0.013315,-0.013890,-1.100100,0.122247,0.009097
7.370000,-0.007080,0.013249,-0.013820,-1.100167,0.121994,0.009052
7.380000,-0.007044,0.013183,-0.013752,-1.100234,0.121741,0.009006
7.390000,-0.007009,0.013117,-0.013683,-1.100300,0.121489,0.008961
7.400000,-0.006974,0.013052,-0.013615,-1.100366,0.121238,0.008917
7.410000,-0.006939,0.012987,-0.013547,-1.100431,0.120986,0.008872
7.420000,-0.006905,0.012922,-0.013479,-1.100496,0.120736,0.008828
7.430000,-0.006870,0.012857,-0.013412,-1.100561,0.120486,0.008784
7.440000,-0.006836,0.012793,-0.013345,-1.100625,0.120237,0.008740
7.450000,-0.006802,0.012729,-0.013278,-1.100689,0.119988,0.008697
7.460000,-0.006768,0.012666,-0.013212,-1.100752,0.119739,0.008653
7.470000,-0.006734,0.012603,-0.013146,-1.100815,0.119492,0.008610
7.480000,-0.006701,0.012540,-0.013081,-1.100877,0.119244,0.008567
7.490000,-0.006667,0.012477,-0.013015,-1.100939,0.118998,0.008524
7.500000,-0.006634,0.012415,-0.012951,-1.101001,0.118752,0.008482
7.510000,-0.006601,0.012353,-0.012886,-1.101062,0.118506,0.008440
7.520000,-0.006568,0.012291,-0.012822,-1.101123,0.118261,0.008397
7.530000,-0.006535,0.012230,-0.012758,-1.101184,0.118016,0.008356
7.540000,-0.006503,0.012169,-0.012694,-1.101244,0.117772,0.008314
7.550000,-0.006470,0.012108,-0.012631,-1.101304,0.117529,0.008272
7.560000,-0.006438,0.012048,-0.012568,-1.101363,0.117286,0.008231
7.570000,-0.006406,0.011988,-0.012505,-1.101422,0.117044,0.008190
7.580000,-0.006374,0.011928,-0.012443,-1.101481,0.116802,0.008149
7.590000,-0.006342,0.011869,-0.012381,-1.101539,0.116561,0.008109
7.600000,-0.006310,0.011809,-0.012319,-1.101597,0.116320,0.008068
7.610000,-0.006279,0.011750,-0.012257,-1.101654,0.116080,0.008028
7.620000,-0.006248,0.011692,-0.012196,-1.101711,0.115840,0.007988
7.630000,-0.006216,0.011633,-0.012135,-1.101768,0.115601,0.007948
7.640000,-0.006185,0.011575,-0.012075,-1.101825,0.115362,0.007908
7.650000,-0.006155,0.011518,-0.012015,-1.101881,0.115124,0.007869
7.660000,-0.006124,0.011460,-0.011955,-1.101936,0.114886,0.007830
7.670000,-0.006093,0.011403,-0.011895,-1.101992,0.114649,0.007791
7.680000,-0.006063,0.011346,-0.011836,-1.102046,0.114413,0.007752
7.690000,-0.006033,0.011290,-0.011777,-1.102101,0.114177,0.007713
7.700000,-0.006003,0.011233,-0.011718,-1.102155,0.113941,0.007675
7.710000,-0.005973,0.011177,-0.011660,-1.102209,0.113706,0.007636
7.720000,-0.005943,0.011121,-0.011601,-1.102263,0.113472,0.007598
7.730000,-0.005913,0.011066,-0.011543,-1.102316,0.113238,0.007560
7.740000,-0.005884,0.011011,-0.011486,-1.102369,0.113004,0.007523
7.750000,-0.005854,0.010956,-0.011429,-1.102421,0.112771,0.007485
7.760000,-0.005825,0.010901,-0.011372,-1.102473,0.112539,0.007448
7.770000,-0.005796,0.010847,-0.011315,-1.102525,0.112307,0.007411
7.780000,-0.005767,0.010793,-0.011258,-1.102577,0.112076,0.007374
7.790000,-0.005739,0.010739,-0.011202,-1.102628,0.111845,0.007337
7.800000,-0.005710,0.010685,-0.011146,-1.102679,0.111614,0.007300
7.810000,-0.005681,0.010632,-0.011091,-1.102729,0.111384,0.007264
7.820000,-0.005653,0.010579,-0.011035,-1.102780,0.111155,0.007228
7.830000,-0.005625,0.010526,-0.010980,-1.102829,0.110926,0.007192
7.840000,-0.005597,0.010474,-0.010926,-1.102879,0.110698,0.007156
7.850000,-0.005569,0.010421,-0.010871,-1.102928,0.110470,0.007120
7.860000,-0.005541,0.010369,-0.010817,-1.102977,0.110242,0.007084
7.870000,-0.005513,0.010318,-0.010763,-1.103026,0.110015,0.007049
7.880000,-0.005486,0.010266,-0.010709,-1.103074,0.109789,0.007014
7.890000,-0.005459,0.010215,-0.010656,-1.103122,0.109563,0.006979
7.900000,-0.005431,0.010164,-0.010603,-1.103170,0.109337,0.006944
7.910000,-0.005404,0.010113,-0.010550,-1.103217,0.109113,0.006910
7.920000,-0.005377,0.010063,-0.010497,-1.103264,0.108888,0.006875
7.930000,-0.005351,0.010013,-0.010445,-1.103311,0.108664,0.006841
7.940000,-0.005324,0.009963,-0.010393,-1.103357,0.108441,0.006807
7.950000,-0.005297,0.009913,-0.010341,-1.103403,0.108218,0.006773
7.960000,-0.005271,0.009864,-0.010289,-1.103449,0.107995,0.006739
7.970000,-0.005245,0.009814,-0.010238,-1.103495,0.107773,0.006705
7.980000,-0.005218,0.009765,-0.010187,-1.103540,0.107552,0.006672
7.990000,-0.005192,0.009717,-0.010136,-1.103585,0.107330,0.006639
8.000000,-0.005166,0.009668,-0.010086,-1.103630,0.107110,0.006605
8.010000,-0.005141,0.009620,-0.010035,-1.103674,0.106890,0.006573
8.020000,-0.005115,0.009572,-0.009985,-1.103718,0.106670,0.006540
8.030000,-0.005090,0.009524,-0.009935,-1.103762,0.106451,0.006507
8.040000,-0.005064,0.009477,-0.009886,-1.103805,0.106232,0.006475
8.050000,-0.005039,0.009429,-0.009837,-1.103849,0.106014,0.006442
8.060000,-0.005014,0.009382,-0.009787,-1.103892,0.105796,0.006410
8.070000,-0.004989,0.009336,-0.009739,-1.103934,0.105579,0.006378
8.080000,-0.004964,0.009289,-0.009690,-1.103977,0.105362,0.006346
8.090000,-0.004939,0.009243,-0.009642,-1.104019,0.105146,0.006315
8.100000,-0.004915,0.009197,-0.009594,-1.104061,0.104930,0.006283
8.110000,-0.004890,0.009151,-0.009546,-1.104102,0.104715,0.006252
8.120000,-0.004866,0.009105,-0.009498,-1.104144,0.104500,0.006221
8.130000,-0.004841,0.009060,-0.009451,-1.104185,0.104285,0.006190
8.140000,-0.004817,0.009014,-0.009404,-1.104226,0.104071,0.006159
8.150000,-0.004793,0.008969,-0.009357,-1.104266,0.103858,0.006128
8.160000,-0.004769,0.008925,-0.009310,-1.104307,0.103645,0.006098
8.170000,-0.004745,0.008880,-0.009264,-1.104347,0.103432,0.006067
8.180000,-0.004722,0.008836,-0.009217,-1.104386,0.103220,0.006037
8.190000,-0.004698,0.008792,-0.009171,-1.104426,0.103008,0.006007
8.200000,-0.004675,0.008748,-0.009126,-1.104465,0.102797,0.005977
8.210000,-0.004651,0.008704,-0.009080,-1.104504,0.102586,0.005947
8.220000,-0.004628,0.008661,-0.009035,-1.104543,0.102376,0.005917
8.230000,-0.004605,0.008618,-0.008990,-1.104581,0.102166,0.005888
8.240000,-0.004582,0.008575,-0.008945,-1.104620,0.101957,0.005858
8.250000,-0.004559,0.008532,-0.008900,-1.104658,0.101748,0.005829
8.260000,-0.004537,0.008489,-0.008856,-1.104695,0.101539,0.005800
8.270000,-0.004514,0.008447,-0.008812,-1.104733,0.101331,0.005771
8.280000,-0.004492,0.008405,-0.008768,-1.104770,0.101123,0.005742
8.290000,-0.004469,0.008363,-0.008724,-1.104807,0.100916,0.005714
8.300000,-0.004447,0.008321,-0.008681,-1.104844,0.100709,0.005685
8.310000,-0.004425,0.008280,-0.008637,-1.104881,0.100503,0.005657
8.320000,-0.004403,0.008238,-0.008594,-1.104917,0.100297,0.005629
8.330000,-0.004381,0.008197,-0.008551,-1.104953,0.100092,0.005601
8.340000,-0.004359,0.008156,-0.008509,-1.104989,0.099887,0.005573
8.350000,-0.004337,0.008116,-0.008466,-1.105024,0.099682,0.005545
8.360000,-0.004315,0.008075,-0.008424,-1.105060,0.099478,0.005517
8.370000,-0.004294,0.008035,-0.008382,-1.105095,0.099275,0.005490
8.380000,-0.004272,0.007995,-0.008340,-1.105130,0.099071,0.005462
8.390000,-0.004251,0.007955,-0.008299,-1.105165,0.098869,0.005435
8.400000,-0.004230,0.007915,-0.008257,-1.105199,0.098666,0.005408
8.410000,-0.004209,0.007876,-0.008216,-1.105233,0.098464,0.005381
8.420000,-0.004188,0.007837,-0.008175,-1.105268,0.098263,0.005354
8.430000,-0.004167,0.007798,-0.008134,-1.105301,0.098062,0.005328
8.440000,-0.004146,0.007759,-0.008094,-1.105335,0.097861,0.005301
8.450000,-0.004125,0.007720,-0.008053,-1.105368,0.097661,0.005274
8.460000,-0.004105,0.007681,-0.008013,-1.105402,0.097461,0.005248
8.470000,-0.004084,0.007643,-0.007973,-1.105435,0.097262,0.005222
8.480000,-0.004064,0.007605,-0.007933,-1.105467,0.097063,0.005196
8.490000,-0.004044,0.007567,-0.007894,-1.105500,0.096865,0.005170
8.500000,-0.004024,0.007529,-0.007854,-1.105532,0.096666,0.005144
8.510000,-0.004004,0.007492,-0.007815,-1.105564,0.096469,0.005119
8.520000,-0.003984,0.007454,-0.007776,-1.105596,0.096272,0.005093
8.530000,-0.003964,0.007417,-0.007738,-1.105628,0.096075,0.005068
8.540000,-0.003944,0.007380,-0.007699,-1.105659,0.095878,0.005042
8.550000,-0.003924,0.007343,-0.007661,-1.105691,0.095683,0.005017
8.560000,-0.003905,0.007307,-0.007622,-1.105722,0.095487,0.004992
8.570000,-0.003885,0.007270,-0.007584,-1.105753,0.095292,0.004967
8.580000,-0.003866,0.007234,-0.007546,-1.105783,0.095097,0.004943
8.590000,-0.003847,0.007198,-0.007509,-1.105814,0.094903,0.004918
8.600000,-0.003827,0.007162,-0.007471,-1.105844,0.094709,0.004893
8.610000,-0.003808,0.007126,-0.007434,-1.105874,0.094516,0.004869
8.620000,-0.003789,0.007091,-0.007397,-1.105904,0.094323,0.004845
8.630000,-0.003770,0.007055,-0.007360,-1.105934,0.094130,0.004821
8.640000,-0.003752,0.007020,-0.007323,-1.105964,0.093938,0.004796
8.650000,-0.003733,0.006985,-0.007287,-1.105993,0.093746,0.004773
8.660000,-0.003714,0.006950,-0.007251,-1.106022,0.093554,0.004749
8.670000,-0.003696,0.006916,-0.007214,-1.106051,0.093364,0.004725
8.680000,-0.003677,0.006881,-0.007178,-1.106080,0.093173,0.004701
8.690000,-0.003659,0.006847,-0.007143,-1.106108,0.092983,0.004678
8.700000,-0.003641,0.006813,-0.007107,-1.106137,0.092793,0.004655
8.710000,-0.003623,0.006779,-0.007072,-1.106165,0.092604,0.004631
8.720000,-0.003604,0.006745,-0.007036,-1.106193,0.092415,0.004608
8.730000,-0.003587,0.006711,-0.007001,-1.106221,0.092226,0.004585
8.740000,-0.003569,0.006678,-0.006966,-1.106249,0.092038,0.004563
8.750000,-0.003551,0.006645,-0.006931,-1.106276,0.091850,0.004540
8.760000,-0.003533,0.006611,-0.006897,-1.106303,0.091663,0.004517
8.770000,-0.003515,0.006578,-0.006863,-1.106331,0.091476,0.004495
8.780000,-0.003498,0.006546,-0.006828,-1.106358,0.091289,0.004472
8.790000,-0.003481,0.006513,-0.006794,-1.106384,0.091103,0.004450
8.800000,-0.003463,0.006480,-0.006760,-1.106411,0.090917,0.004428
8.810000,-0.003446,0.006448,-0.006727,-1.106437,0.090732,0.004406
8.820000,-0.003429,0.006416,-0.006693,-1.106464,0.090547,0.004384
8.830000,-0.003412,0.006384,-0.006660,-1.106490,0.090362,0.004362
8.840000,-0.003395,0.006352,-0.006626,-1.106516,0.090178,0.004340
8.850000,-0.003378,0.006320,-0.006593,-1.106542,0.089994,0.004318
8.860000,-0.003361,0.006289,-0.006561,-1.106567,0.089811,0.004297
8.870000,-0.003344,0.006258,-0.006528,-1.106593,0.089628,0.004275
8.880000,-0.003327,0.006226,-0.006495,-1.106618,0.089445,0.004254
8.890000,-0.003311,0.006195,-0.006463,-1.106643,0.089263,0.004233
8.900000,-0.003294,0.006164,-0.006431,-1.106668,0.089081,0.004212
8.910000,-0.003278,0.006134,-0.006399,-1.106693,0.088899,0.004191
8.920000,-0.003261,0.006103,-0.006367,-1.106718,0.088718,0.004170
8.930000,-0.003245,0.006073,-0.006335,-1.106742,0.088538,0.004149
8.940000,-0.003229,0.006042,-0.006303,-1.106766,0.088357,0.004128
8.950000,-0.003213,0.006012,-0.006272,-1.106790,0.088177,0.004108
8.960000,-0.003197,0.005982,-0.006241,-1.106814,0.087998,0.004087
8.970000,-0.003181,0.005952,-0.006209,-1.106838,0.087818,0.004067
8.980000,-0.003165,0.005923,-0.006178,-1.106862,0.087640,0.004047
8.990000,-0.003149,0.005893,-0.006148,-1.106886,0.087461,0.004026
9.000000,-0.003134,0.005864,-0.006117,-1.106909,0.087283,0.004006
9.010000,-0.003118,0.005834,-0.006086,-1.106932,0.087105,0.003986
9.020000,-0.003102,0.005805,-0.006056,-1.106955,0.086928,0.003966
9.030000,-0.003087,0.005776,-0.006026,-1.106978,0.086751,0.003947
9.040000,-0.003072,0.005748,-0.005996,-1.107001,0.086575,0.003927
9.050000,-0.003056,0.005719,-0.005966,-1.107024,0.086398,0.003907
9.060000,-0.003041,0.005690,-0.005936,-1.107046,0.086223,0.003888
9.070000,-0.003026,0.005662,-0.005907,-1.107069,0.086047,0.003869
9.080000,-0.003011,0.005634,-0.005877,-1.107091,0.085872,0.003849
9.090000,-0.002996,0.005606,-0.005848,-1.107113,0.085697,0.003830
9.100000,-0.002981,0.005578,-0.005819,-1.107135,0.085523,0.003811
9.110000,-0.002966,0.005550,-0.005790,-1.107157,0.085349,0.003792
9.120000,-0.002951,0.005522,-0.005761,-1.107178,0.085175,0.003773
9.130000,-0.002936,0.005495,-0.005732,-1.107200,0.085002,0.003754
9.140000,-0.002922,0.005467,-0.005703,-1.107221,0.084829,0.003735
9.150000,-0.002907,0.005440,-0.005675,-1.107242,0.084657,0.003717
9.160000,-0.002893,0.005413,-0.005647,-1.107263,0.084484,0.003698
9.170000,-0.002878,0.005386,-0.005619,-1.107284,0.084313,0.003680
9.180000,-0.002864,0.005359,-0.005590,-1.107305,0.084141,0.003661
9.190000,-0.002850,0.005332,-0.005563,-1.107326,0.083970,0.003643
9.200000,-0.002835,0.005306,-0.005535,-1.107347,0.083799,0.003625
9.210000,-0.002821,0.005279,-0.005507,-1.107367,0.083629,0.003607
9.220000,-0.002807,0.005253,-0.005480,-1.107387,0.083459,0.003589
9.230000,-0.002793,0.005227,-0.005452,-1.107407,0.083289,0.003571
9.240000,-0.002779,0.005201,-0.005425,-1.107427,0.083120,0.003553
9.250000,-0.002765,0.005175,-0.005398,-1.107447,0.082951,0.003536
9.260000,-0.002752,0.005149,-0.005371,-1.107467,0.082783,0.003518
9.270000,-0.002738,0.005123,-0.005344,-1.107487,0.082614,0.003500
9.280000,-0.002724,0.005098,-0.005318,-1.107506,0.082447,0.003483
9.290000,-0.002711,0.005072,-0.005291,-1.107526,0.082279,0.003466
9.300000,-0.002697,0.005047,-0.005265,-1.107545,0.082112,0.003448
9.310000,-0.002684,0.005022,-0.005239,-1.107564,0.081945,0.003431
9.320000,-0.002670,0.004997,-0.005213,-1.107583,0.081779,0.003414
9.330000,-0.002657,0.004972,-0.005187,-1.107602,0.081612,0.003397
9.340000,-0.002644,0.004947,-0.005161,-1.107621,0.081447,0.003380
9.350000,-0.002631,0.004922,-0.005135,-1.107639,0.081281,0.003363
9.360000,-0.002617,0.004898,-0.005109,-1.107658,0.081116,0.003346
9.370000,-0.002604,0.004873,-0.005084,-1.107676,0.080951,0.003330
9.380000,-0.002591,0.004849,-0.005058,-1.107695,0.080787,0.003313
9.390000,-0.002578,0.004825,-0.005033,-1.107713,0.080623,0.003297
9.400000,-0.002566,0.004801,-0.005008,-1.107731,0.080459,0.003280
9.410000,-0.002553,0.004777,-0.004983,-1.107749,0.080296,0.003264
9.420000,-0.002540,0.004753,-0.004958,-1.107767,0.080133,0.003247
9.430000,-0.002527,0.004729,-0.004934,-1.107784,0.079970,0.003231
9.440000,-0.002515,0.004706,-0.004909,-1.107802,0.079808,0.003215
9.450000,-0.002502,0.004682,-0.004884,-1.107819,0.079646,0.003199
9.460000,-0.002490,0.004659,-0.004860,-1.107837,0.079484,0.003183
9.470000,-0.002477,0.004636,-0.004836,-1.107854,0.079323,0.003167
9.480000,-0.002465,0.004612,-0.004812,-1.107871,0.079162,0.003151
9.490000,-0.002453,0.004589,-0.004788,-1.107888,0.079001,0.003136
9.500000,-0.002440,0.004567,-0.004764,-1.107905,0.078841,0.003120
9.510000,-0.002428,0.004544,-0.004740,-1.107922,0.078681,0.003105
9.520000,-0.002416,0.004521,-0.004716,-1.107939,0.078522,0.003089
9.530000,-0.002404,0.004499,-0.004693,-1.107955,0.078362,0.003074
9.540000,-0.002392,0.004476,-0.004670,-1.107972,0.078203,0.003058
9.550000,-0.002380,0.004454,-0.004646,-1.107988,0.078045,0.003043
9.560000,-0.002368,0.004432,-0.004623,-1.108005,0.077886,0.003028
9.570000,-0.002356,0.004410,-0.004600,-1.108021,0.077728,0.003013
9.580000,-0.002345,0.004388,-0.004577,-1.108037,0.077571,0.002998
9.590000,-0.002333,0.004366,-0.004554,-1.108053,0.077413,0.002983
9.600000,-0.002321,0.004344,-0.004532,-1.108069,0.077257,0.002968
9.610000,-0.002310,0.004322,-0.004509,-1.108084,0.077100,0.002953
9.620000,-0.002298,0.004301,-0.004486,-1.108100,0.076944,0.002938
9.630000,-0.002287,0.004279,-0.004464,-1.108116,0.076788,0.002924
9.640000,-0.002275,0.004258,-0.004442,-1.108131,0.076632,0.002909
9.650000,-0.002264,0.004237,-0.004420,-1.108146,0.076477,0.002895
9.660000,-0.002253,0.004215,-0.004398,-1.108162,0.076321,0.002880
9.670000,-0.002242,0.004194,-0.004376,-1.108177,0.076167,0.002866
9.680000,-0.002230,0.004174,-0.004354,-1.108192,0.076012,0.002852
9.690000,-0.002219,0.004153,-0.004332,-1.108207,0.075858,0.002837
9.700000,-0.002208,0.004132,-0.004311,-1.108222,0.075705,0.002823
9.710000,-0.002197,0.004111,-0.004289,-1.108237,0.075551,0.002809
9.720000,-0.002186,0.004091,-0.004268,-1.108251,0.075398,0.002795
9.730000,-0.002175,0.004070,-0.004246,-1.108266,0.075245,0.002781
9.740000,-0.002164,0.004050,-0.004225,-1.108280,0.075093,0.002767
9.750000,-0.002154,0.004030,-0.004204,-1.108295,0.074941,0.002753
9.760000,-0.002143,0.004010,-0.004183,-1.108309,0.074789,0.002740
9.770000,-0.002132,0.003990,-0.004162,-1.108323,0.074637,0.002726
9.780000,-0.002122,0.003970,-0.004142,-1.108337,0.074486,0.002712
9.790000,-0.002111,0.003950,-0.004121,-1.108351,0.074335,0.002699
9.800000,-0.002100,0.003930,-0.004100,-1.108365,0.074185,0.002685
9.810000,-0.002090,0.003911,-0.004080,-1.108379,0.074034,0.002672
9.820000,-0.002080,0.003891,-0.004059,-1.108393,0.073885,0.002659
9.830000,-0.002069,0.003872,-0.004039,-1.108407,0.073735,0.002646
9.840000,-0.002059,0.003853,-0.004019,-1.108420,0.073586,0.002632
9.850000,-0.002049,0.003833,-0.003999,-1.108434,0.073437,0.002619
9.860000,-0.002038,0.003814,-0.003979,-1.108447,0.073288,0.002606
9.870000,-0.002028,0.003795,-0.003959,-1.108460,0.073140,0.002593
9.880000,-0.002018,0.003776,-0.003940,-1.108474,0.072991,0.002580
9.890000,-0.002008,0.003758,-0.003920,-1.108487,0.072844,0.002567
9.900000,-0.001998,0.003739,-0.003900,-1.108500,0.072696,0.002555
9.910000,-0.001988,0.003720,-0.003881,-1.108513,0.072549,0.002542
9.920000,-0.001978,0.003702,-0.003862,-1.108526,0.072402,0.002529
9.930000,-0.001968,0.003683,-0.003842,-1.108539,0.072256,0.002516
9.940000,-0.001958,0.003665,-0.003823,-1.108551,0.072109,0.002504
9.950000,-0.001949,0.003646,-0.003804,-1.108564,0.071963,0.002491
9.960000,-0.001939,0.003628,-0.003785,-1.108576,0.071818,0.002479
9.970000,-0.001929,0.003610,-0.003766,-1.108589,0.071672,0.002467
9.980000,-0.001920,0.003592,-0.003747,-1.108601,0.071527,0.002454
9.990000,-0.001910,0.003574,-0.003729,-1.108614,0.071383,0.002442
10.000000,-0.001901,0.003556,-0.003710,-1.108626,0.071238,0.002430
