0.000000,-0.918675,-0.173218,-0.282386,0.019180,0.301688,0.065023
0.010000,-0.906512,-0.172303,-0.280257,0.014147,0.300951,0.064696
0.020000,-0.894705,-0.171393,-0.278159,0.009124,0.300216,0.064371
0.030000,-0.883236,-0.170488,-0.276091,0.004111,0.299484,0.064047
0.040000,-0.872087,-0.169589,-0.274052,-0.000892,0.298754,0.063725
0.050000,-0.861245,-0.168695,-0.272040,-0.005886,0.298026,0.063405
0.060000,-0.850694,-0.167807,-0.270056,-0.010869,0.297301,0.063086
0.070000,-0.840421,-0.166923,-0.268099,-0.015841,0.296578,0.062769
0.080000,-0.830414,-0.166045,-0.266167,-0.020804,0.295857,0.062453
0.090000,-0.820660,-0.165172,-0.264260,-0.025756,0.295139,0.062139
0.100000,-0.811149,-0.164304,-0.262378,-0.030698,0.294423,0.061827
0.110000,-0.801871,-0.163440,-0.260519,-0.035629,0.293710,0.061516
0.120000,-0.792815,-0.162582,-0.258684,-0.040549,0.292999,0.061207
0.130000,-0.783973,-0.161729,-0.256871,-0.045458,0.292290,0.060900
0.140000,-0.775336,-0.160881,-0.255080,-0.050357,0.291583,0.060594
0.150000,-0.766896,-0.160037,-0.253311,-0.055244,0.290879,0.060289
0.160000,-0.758644,-0.159199,-0.251563,-0.060120,0.290177,0.059987
0.170000,-0.750574,-0.158365,-0.249835,-0.064985,0.289478,0.059685
0.180000,-0.742679,-0.157536,-0.248127,-0.069839,0.288780,0.059385
0.190000,-0.734952,-0.156712,-0.246439,-0.074682,0.288085,0.059087
0.200000,-0.727388,-0.155892,-0.244770,-0.079513,0.287392,0.058790
0.210000,-0.719980,-0.155077,-0.243120,-0.084332,0.286701,0.058495
0.220000,-0.712722,-0.154267,-0.241488,-0.089140,0.286013,0.058201
0.230000,-0.705610,-0.153461,-0.239874,-0.093936,0.285326,0.057909
0.240000,-0.698638,-0.152660,-0.238277,-0.098720,0.284642,0.057618
0.250000,-0.691802,-0.151864,-0.236697,-0.103492,0.283960,0.057329
0.260000,-0.685097,-0.151072,-0.235135,-0.108252,0.283280,0.057041
0.270000,-0.678518,-0.150284,-0.233588,-0.113000,0.282603,0.056755
0.280000,-0.672062,-0.149501,-0.232058,-0.117736,0.281927,0.056470
0.290000,-0.665725,-0.148723,-0.230544,-0.122460,0.281254,0.056187
0.300000,-0.659503,-0.147949,-0.229045,-0.127172,0.280583,0.055905
0.310000,-0.653392,-0.147179,-0.227561,-0.131871,0.279914,0.055624
0.320000,-0.647389,-0.146413,-0.226093,-0.136557,0.279247,0.055345
0.330000,-0.641491,-0.145652,-0.224638,-0.141231,0.278582,0.055067
0.340000,-0.635694,-0.144895,-0.223199,-0.145893,0.277919,0.054791
0.350000,-0.629995,-0.144143,-0.221773,-0.150542,0.277258,0.054516
0.360000,-0.624392,-0.143394,-0.220361,-0.155178,0.276599,0.054243
0.370000,-0.618882,-0.142650,-0.218963,-0.159801,0.275943,0.053971
0.380000,-0.613461,-0.141910,-0.217578,-0.164411,0.275288,0.053700
0.390000,-0.608129,-0.141174,-0.216206,-0.169008,0.274636,0.053430
0.400000,-0.602881,-0.140442,-0.214847,-0.173592,0.273985,0.053162
0.410000,-0.597717,-0.139714,-0.213501,-0.178164,0.273337,0.052896
0.420000,-0.592633,-0.138990,-0.212167,-0.182721,0.272690,0.052631
0.430000,-0.587627,-0.138271,-0.210846,-0.187266,0.272046,0.052367
0.440000,-0.582697,-0.137555,-0.209536,-0.191798,0.271403,0.052104
0.450000,-0.577842,-0.136843,-0.208239,-0.196316,0.270762,0.051843
0.460000,-0.573060,-0.136135,-0.206953,-0.200820,0.270124,0.051583
0.470000,-0.568347,-0.135432,-0.205678,-0.205311,0.269487,0.051324
0.480000,-0.563704,-0.134732,-0.204415,-0.209789,0.268853,0.051067
0.490000,-0.559127,-0.134035,-0.203163,-0.214253,0.268220,0.050811
0.500000,-0.554616,-0.133343,-0.201922,-0.218703,0.267589,0.050556
0.510000,-0.550169,-0.132655,-0.200691,-0.223140,0.266960,0.050303
0.520000,-0.545783,-0.131970,-0.199472,-0.227563,0.266333,0.050051
0.530000,-0.541459,-0.131289,-0.198262,-0.231972,0.265708,0.049800
0.540000,-0.537193,-0.130612,-0.197063,-0.236367,0.265085,0.049550
0.550000,-0.532986,-0.129939,-0.195874,-0.240748,0.264464,0.049302
0.560000,-0.528835,-0.129269,-0.194696,-0.245116,0.263844,0.049055
0.570000,-0.524739,-0.128603,-0.193526,-0.249469,0.263227,0.048809
0.580000,-0.520697,-0.127940,-0.192367,-0.253808,0.262611,0.048564
0.590000,-0.516708,-0.127282,-0.191217,-0.258133,0.261997,0.048321
0.600000,-0.512771,-0.126627,-0.190077,-0.262444,0.261385,0.048079
0.610000,-0.508884,-0.125975,-0.188946,-0.266741,0.260775,0.047838
0.620000,-0.505046,-0.125327,-0.187824,-0.271024,0.260167,0.047598
0.630000,-0.501256,-0.124682,-0.186711,-0.275292,0.259560,0.047360
0.640000,-0.497514,-0.124041,-0.185608,-0.279546,0.258956,0.047122
0.650000,-0.493818,-0.123404,-0.184513,-0.283785,0.258353,0.046886
0.660000,-0.490167,-0.122770,-0.183426,-0.288011,0.257752,0.046652
0.670000,-0.486561,-0.122139,-0.182348,-0.292222,0.257153,0.046418
0.680000,-0.482998,-0.121512,-0.181279,-0.296418,0.256555,0.046185
0.690000,-0.479477,-0.120888,-0.180218,-0.300600,0.255959,0.045954
0.700000,-0.475998,-0.120268,-0.179165,-0.304767,0.255365,0.045724
0.710000,-0.472560,-0.119651,-0.178121,-0.308920,0.254773,0.045495
0.720000,-0.469161,-0.119037,-0.177084,-0.313058,0.254183,0.045267
0.730000,-0.465802,-0.118427,-0.176056,-0.317182,0.253594,0.045040
0.740000,-0.462482,-0.117820,-0.175035,-0.321290,0.253007,0.044815
0.750000,-0.459199,-0.117216,-0.174022,-0.325385,0.252422,0.044590
0.760000,-0.455953,-0.116616,-0.173017,-0.329464,0.251838,0.044367
0.770000,-0.452743,-0.116018,-0.172019,-0.333529,0.251256,0.044145
0.780000,-0.449569,-0.115424,-0.171028,-0.337579,0.250676,0.043924
0.790000,-0.446430,-0.114833,-0.170045,-0.341614,0.250098,0.043704
0.800000,-0.443325,-0.114246,-0.169070,-0.345635,0.249521,0.043485
0.810000,-0.440254,-0.113661,-0.168101,-0.349640,0.248946,0.043268
0.820000,-0.437216,-0.113080,-0.167140,-0.353631,0.248372,0.043051
0.830000,-0.434210,-0.112501,-0.166186,-0.357607,0.247801,0.042835
0.840000,-0.431236,-0.111926,-0.165238,-0.361568,0.247231,0.042621
0.850000,-0.428294,-0.111354,-0.164298,-0.365514,0.246662,0.042408
0.860000,-0.425382,-0.110785,-0.163364,-0.369445,0.246095,0.042195
0.870000,-0.422500,-0.110219,-0.162437,-0.373362,0.245530,0.041984
0.880000,-0.419648,-0.109656,-0.161517,-0.377263,0.244967,0.041774
0.890000,-0.416826,-0.109096,-0.160603,-0.381149,0.244405,0.041565
0.900000,-0.414032,-0.108539,-0.159696,-0.385021,0.243845,0.041357
0.910000,-0.411266,-0.107985,-0.158795,-0.388877,0.243286,0.041150
0.920000,-0.408528,-0.107434,-0.157900,-0.392719,0.242729,0.040944
0.930000,-0.405817,-0.106886,-0.157012,-0.396545,0.242173,0.040739
0.940000,-0.403133,-0.106341,-0.156130,-0.400356,0.241619,0.040535
0.950000,-0.400475,-0.105799,-0.155254,-0.404153,0.241067,0.040333
0.960000,-0.397843,-0.105259,-0.154384,-0.407934,0.240516,0.040131
0.970000,-0.395237,-0.104723,-0.153521,-0.411700,0.239967,0.039930
0.980000,-0.392656,-0.104189,-0.152663,-0.415452,0.239420,0.039730
0.990000,-0.390099,-0.103658,-0.151811,-0.419188,0.238874,0.039531
1.000000,-0.387567,-0.103130,-0.150965,-0.422909,0.238329,0.039334
1.010000,-0.385059,-0.102605,-0.150125,-0.426615,0.237786,0.039137
1.020000,-0.382575,-0.102083,-0.149290,-0.430306,0.237245,0.038941
1.030000,-0.380114,-0.101563,-0.148461,-0.433983,0.236705,0.038746
1.040000,-0.377675,-0.101046,-0.147638,-0.437644,0.236167,0.038552
1.050000,-0.375259,-0.100532,-0.146820,-0.441289,0.235630,0.038360
1.060000,-0.372866,-0.100021,-0.146008,-0.444920,0.235095,0.038168
1.070000,-0.370494,-0.099512,-0.145201,-0.448536,0.234561,0.037977
1.080000,-0.368143,-0.099006,-0.144400,-0.452137,0.234028,0.037787
1.090000,-0.365814,-0.098503,-0.143603,-0.455723,0.233498,0.037598
1.100000,-0.363506,-0.098002,-0.142813,-0.459294,0.232968,0.037410
1.110000,-0.361218,-0.097504,-0.142027,-0.462849,0.232440,0.037223
1.120000,-0.358951,-0.097008,-0.141247,-0.466390,0.231914,0.037037
1.130000,-0.356704,-0.096515,-0.140471,-0.469916,0.231389,0.036851
1.140000,-0.354476,-0.096025,-0.139701,-0.473426,0.230866,0.036667
1.150000,-0.352268,-0.095537,-0.138936,-0.476922,0.230344,0.036484
1.160000,-0.350079,-0.095052,-0.138176,-0.480403,0.229823,0.036301
1.170000,-0.347909,-0.094570,-0.137421,-0.483869,0.229304,0.036120
1.180000,-0.345758,-0.094090,-0.136670,-0.487319,0.228786,0.035939
1.190000,-0.343625,-0.093612,-0.135925,-0.490755,0.228270,0.035759
1.200000,-0.341510,-0.093137,-0.135184,-0.494176,0.227755,0.035581
1.210000,-0.339413,-0.092665,-0.134448,-0.497582,0.227242,0.035403
1.220000,-0.337334,-0.092195,-0.133717,-0.500973,0.226730,0.035226
1.230000,-0.335272,-0.091727,-0.132990,-0.504349,0.226220,0.035050
1.240000,-0.333227,-0.091262,-0.132268,-0.507711,0.225711,0.034874
1.250000,-0.331200,-0.090799,-0.131551,-0.511057,0.225203,0.034700
1.260000,-0.329189,-0.090339,-0.130838,-0.514389,0.224696,0.034526
1.270000,-0.327194,-0.089881,-0.130130,-0.517706,0.224192,0.034354
1.280000,-0.325216,-0.089426,-0.129426,-0.521008,0.223688,0.034182
1.290000,-0.323254,-0.088973,-0.128727,-0.524295,0.223186,0.034011
1.300000,-0.321308,-0.088522,-0.128032,-0.527567,0.222685,0.033841
1.310000,-0.319377,-0.088074,-0.127341,-0.530825,0.222185,0.033672
1.320000,-0.317462,-0.087628,-0.126655,-0.534068,0.221687,0.033504
1.330000,-0.315563,-0.087184,-0.125972,-0.537296,0.221191,0.033336
1.340000,-0.313678,-0.086742,-0.125295,-0.540510,0.220695,0.033170
1.350000,-0.311809,-0.086303,-0.124621,-0.543708,0.220201,0.033004
1.360000,-0.309954,-0.085867,-0.123952,-0.546893,0.219709,0.032839
1.370000,-0.308114,-0.085432,-0.123286,-0.550062,0.219217,0.032675
1.380000,-0.306288,-0.085000,-0.122625,-0.553217,0.218727,0.032511
1.390000,-0.304476,-0.084570,-0.121968,-0.556358,0.218239,0.032349
1.400000,-0.302678,-0.084142,-0.121315,-0.559484,0.217751,0.032187
1.410000,-0.300895,-0.083716,-0.120666,-0.562595,0.217265,0.032026
1.420000,-0.299124,-0.083293,-0.120020,-0.565692,0.216780,0.031866
1.430000,-0.297368,-0.082872,-0.119379,-0.568775,0.216297,0.031707
1.440000,-0.295625,-0.082453,-0.118742,-0.571843,0.215815,0.031549
1.450000,-0.293895,-0.082036,-0.118108,-0.574896,0.215334,0.031391
1.460000,-0.292178,-0.081622,-0.117479,-0.577936,0.214854,0.031234
1.470000,-0.290474,-0.081209,-0.116853,-0.580961,0.214376,0.031078
1.480000,-0.288783,-0.080799,-0.116231,-0.583971,0.213899,0.030923
1.490000,-0.287105,-0.080391,-0.115613,-0.586967,0.213423,0.030768
1.500000,-0.285439,-0.079985,-0.114998,-0.589949,0.212949,0.030614
1.510000,-0.283785,-0.079581,-0.114387,-0.592917,0.212476,0.030461
1.520000,-0.282144,-0.079179,-0.113780,-0.595871,0.212004,0.030309
1.530000,-0.280514,-0.078779,-0.113176,-0.598810,0.211533,0.030158
1.540000,-0.278897,-0.078381,-0.112576,-0.601736,0.211064,0.030007
1.550000,-0.277292,-0.077985,-0.111980,-0.604647,0.210596,0.029857
1.560000,-0.275698,-0.077592,-0.111387,-0.607544,0.210129,0.029708
1.570000,-0.274115,-0.077200,-0.110798,-0.610427,0.209663,0.029560
1.580000,-0.272545,-0.076811,-0.110212,-0.613297,0.209198,0.029412
1.590000,-0.270985,-0.076423,-0.109629,-0.616152,0.208735,0.029265
1.600000,-0.269437,-0.076037,-0.109050,-0.618993,0.208273,0.029119
1.610000,-0.267899,-0.075654,-0.108475,-0.621820,0.207812,0.028973
1.620000,-0.266373,-0.075272,-0.107902,-0.624634,0.207353,0.028829
1.630000,-0.264858,-0.074893,-0.107334,-0.627434,0.206894,0.028684
1.640000,-0.263353,-0.074515,-0.106768,-0.630220,0.206437,0.028541
1.650000,-0.261859,-0.074139,-0.106206,-0.632992,0.205981,0.028399
1.660000,-0.260375,-0.073765,-0.105647,-0.635750,0.205527,0.028257
1.670000,-0.258902,-0.073393,-0.105091,-0.638495,0.205073,0.028116
1.680000,-0.257439,-0.073024,-0.104539,-0.641226,0.204621,0.027975
1.690000,-0.255986,-0.072655,-0.103990,-0.643944,0.204170,0.027835
1.700000,-0.254544,-0.072289,-0.103444,-0.646648,0.203720,0.027696
1.710000,-0.253111,-0.071925,-0.102901,-0.649338,0.203271,0.027558
1.720000,-0.251688,-0.071563,-0.102361,-0.652015,0.202823,0.027420
1.730000,-0.250275,-0.071202,-0.101824,-0.654679,0.202377,0.027283
1.740000,-0.248872,-0.070843,-0.101291,-0.657329,0.201931,0.027147
1.750000,-0.247478,-0.070487,-0.100760,-0.659966,0.201487,0.027012
1.760000,-0.246094,-0.070132,-0.100233,-0.662589,0.201044,0.026877
1.770000,-0.244719,-0.069778,-0.099709,-0.665200,0.200602,0.026742
1.780000,-0.243354,-0.069427,-0.099187,-0.667797,0.200161,0.026609
1.790000,-0.241997,-0.069077,-0.098669,-0.670380,0.199722,0.026476
1.800000,-0.240650,-0.068730,-0.098153,-0.672951,0.199283,0.026344
1.810000,-0.239312,-0.068384,-0.097641,-0.675508,0.198846,0.026212
1.820000,-0.237983,-0.068039,-0.097131,-0.678053,0.198410,0.026081
1.830000,-0.236663,-0.067697,-0.096625,-0.680584,0.197975,0.025951
1.840000,-0.235351,-0.067356,-0.096121,-0.683102,0.197541,0.025821
1.850000,-0.234048,-0.067017,-0.095620,-0.685608,0.197108,0.025692
1.860000,-0.232754,-0.066680,-0.095122,-0.688100,0.196676,0.025564
1.870000,-0.231469,-0.066344,-0.094627,-0.690580,0.196246,0.025436
1.880000,-0.230191,-0.066011,-0.094134,-0.693047,0.195816,0.025309
1.890000,-0.228923,-0.065679,-0.093644,-0.695501,0.195388,0.025183
1.900000,-0.227662,-0.065348,-0.093157,-0.697942,0.194961,0.025057
1.910000,-0.226410,-0.065020,-0.092673,-0.700371,0.194534,0.024932
1.920000,-0.225166,-0.064693,-0.092192,-0.702787,0.194109,0.024808
1.930000,-0.223930,-0.064367,-0.091713,-0.705190,0.193685,0.024684
1.940000,-0.222702,-0.064044,-0.091237,-0.707581,0.193262,0.024560
1.950000,-0.221482,-0.063722,-0.090764,-0.709959,0.192841,0.024438
1.960000,-0.220270,-0.063401,-0.090293,-0.712325,0.192420,0.024316
1.970000,-0.219066,-0.063082,-0.089825,-0.714678,0.192000,0.024194
1.980000,-0.217869,-0.062765,-0.089359,-0.717019,0.191581,0.024074
1.990000,-0.216680,-0.062450,-0.088896,-0.719348,0.191164,0.023953
2.000000,-0.215499,-0.062136,-0.088436,-0.721664,0.190747,0.023834
2.010000,-0.214325,-0.061824,-0.087978,-0.723968,0.190332,0.023715
2.020000,-0.213159,-0.061513,-0.087523,-0.726260,0.189917,0.023596
2.030000,-0.212000,-0.061204,-0.087070,-0.728540,0.189504,0.023479
2.040000,-0.210848,-0.060896,-0.086620,-0.730808,0.189092,0.023361
2.050000,-0.209704,-0.060590,-0.086173,-0.733063,0.188681,0.023245
2.060000,-0.208566,-0.060286,-0.085727,-0.735307,0.188270,0.023129
2.070000,-0.207437,-0.059983,-0.085285,-0.737538,0.187861,0.023013
2.080000,-0.206314,-0.059682,-0.084844,-0.739758,0.187453,0.022898
2.090000,-0.205198,-0.059382,-0.084407,-0.741965,0.187046,0.022784
2.100000,-0.204089,-0.059084,-0.083971,-0.744161,0.186640,0.022670
2.110000,-0.202987,-0.058787,-0.083538,-0.746345,0.186235,0.022557
2.120000,-0.201892,-0.058492,-0.083107,-0.748518,0.185831,0.022444
2.130000,-0.200803,-0.058198,-0.082679,-0.750678,0.185427,0.022332
2.140000,-0.199722,-0.057906,-0.082253,-0.752827,0.185025,0.022221
2.150000,-0.198647,-0.057615,-0.081829,-0.754965,0.184624,0.022110
2.160000,-0.197578,-0.057326,-0.081408,-0.757090,0.184224,0.021999
2.170000,-0.196517,-0.057038,-0.080989,-0.759205,0.183825,0.021890
2.180000,-0.195461,-0.056752,-0.080573,-0.761307,0.183427,0.021780
2.190000,-0.194413,-0.056467,-0.080158,-0.763399,0.183030,0.021672
2.200000,-0.193370,-0.056184,-0.079746,-0.765479,0.182634,0.021563
2.210000,-0.192334,-0.055902,-0.079336,-0.767547,0.182239,0.021456
2.220000,-0.191305,-0.055621,-0.078928,-0.769605,0.181845,0.021349
2.230000,-0.190281,-0.055342,-0.078523,-0.771651,0.181452,0.021242
2.240000,-0.189264,-0.055064,-0.078120,-0.773686,0.181060,0.021136
2.250000,-0.188253,-0.054788,-0.077719,-0.775710,0.180669,0.021031
2.260000,-0.187248,-0.054513,-0.077320,-0.777722,0.180278,0.020926
2.270000,-0.186249,-0.054240,-0.076923,-0.779724,0.179889,0.020821
2.280000,-0.185256,-0.053968,-0.076528,-0.781714,0.179501,0.020717
2.290000,-0.184269,-0.053697,-0.076136,-0.783694,0.179114,0.020614
2.300000,-0.183288,-0.053427,-0.075746,-0.785663,0.178727,0.020511
2.310000,-0.182313,-0.053160,-0.075358,-0.787621,0.178342,0.020408
2.320000,-0.181344,-0.052893,-0.074971,-0.789568,0.177958,0.020307
2.330000,-0.180381,-0.052628,-0.074587,-0.791504,0.177574,0.020205
2.340000,-0.179423,-0.052364,-0.074206,-0.793429,0.177192,0.020104
2.350000,-0.178471,-0.052101,-0.073826,-0.795344,0.176810,0.020004
2.360000,-0.177525,-0.051840,-0.073448,-0.797248,0.176429,0.019904
2.370000,-0.176584,-0.051580,-0.073072,-0.799142,0.176050,0.019805
2.380000,-0.175649,-0.051321,-0.072698,-0.801025,0.175671,0.019706
2.390000,-0.174719,-0.051064,-0.072326,-0.802898,0.175293,0.019608
2.400000,-0.173795,-0.050808,-0.071957,-0.804760,0.174916,0.019510
2.410000,-0.172876,-0.050553,-0.071589,-0.806611,0.174540,0.019412
2.420000,-0.171963,-0.050300,-0.071223,-0.808453,0.174165,0.019315
2.430000,-0.171055,-0.050048,-0.070859,-0.810284,0.173791,0.019219
2.440000,-0.170152,-0.049797,-0.070497,-0.812105,0.173418,0.019123
2.450000,-0.169255,-0.049547,-0.070137,-0.813915,0.173045,0.019028
2.460000,-0.168362,-0.049299,-0.069779,-0.815716,0.172674,0.018933
2.470000,-0.167475,-0.049052,-0.069423,-0.817506,0.172303,0.018838
2.480000,-0.166594,-0.048806,-0.069069,-0.819286,0.171934,0.018744
2.490000,-0.165717,-0.048562,-0.068717,-0.821056,0.171565,0.018651
2.500000,-0.164845,-0.048318,-0.068366,-0.822816,0.171197,0.018558
2.510000,-0.163979,-0.048076,-0.068017,-0.824566,0.170830,0.018465
2.520000,-0.163117,-0.047835,-0.067671,-0.826307,0.170464,0.018373
2.530000,-0.162261,-0.047596,-0.067326,-0.828037,0.170099,0.018281
2.540000,-0.161409,-0.047357,-0.066983,-0.829758,0.169735,0.018190
2.550000,-0.160563,-0.047120,-0.066641,-0.831469,0.169372,0.018099
2.560000,-0.159721,-0.046884,-0.066302,-0.833170,0.169009,0.018009
2.570000,-0.158884,-0.046649,-0.065964,-0.834861,0.168648,0.017919
2.580000,-0.158052,-0.046415,-0.065629,-0.836543,0.168287,0.017829
2.590000,-0.157225,-0.046183,-0.065295,-0.838216,0.167927,0.017740
2.600000,-0.156402,-0.045952,-0.064962,-0.839878,0.167568,0.017652
2.610000,-0.155584,-0.045721,-0.064632,-0.841532,0.167210,0.017564
2.620000,-0.154771,-0.045492,-0.064303,-0.843175,0.166853,0.017476
2.630000,-0.153962,-0.045265,-0.063976,-0.844810,0.166496,0.017389
2.640000,-0.153158,-0.045038,-0.063651,-0.846435,0.166141,0.017302
2.650000,-0.152359,-0.044812,-0.063327,-0.848051,0.165786,0.017216
2.660000,-0.151564,-0.044588,-0.063005,-0.849657,0.165432,0.017130
2.670000,-0.150773,-0.044365,-0.062685,-0.851254,0.165079,0.017044
2.680000,-0.149988,-0.044143,-0.062366,-0.852843,0.164727,0.016959
2.690000,-0.149206,-0.043922,-0.062050,-0.854422,0.164376,0.016875
2.700000,-0.148429,-0.043702,-0.061734,-0.855991,0.164025,0.016791
2.710000,-0.147656,-0.043483,-0.061421,-0.857552,0.163676,0.016707
2.720000,-0.146888,-0.043265,-0.061109,-0.859104,0.163327,0.016623
2.730000,-0.146124,-0.043049,-0.060799,-0.860647,0.162979,0.016540
2.740000,-0.145364,-0.042833,-0.060490,-0.862181,0.162632,0.016458
2.750000,-0.144609,-0.042619,-0.060183,-0.863706,0.162286,0.016376
2.760000,-0.143858,-0.042405,-0.059878,-0.865223,0.161940,0.016294
2.770000,-0.143111,-0.042193,-0.059574,-0.866730,0.161596,0.016213
2.780000,-0.142368,-0.041982,-0.059272,-0.868229,0.161252,0.016132
2.790000,-0.141629,-0.041772,-0.058971,-0.869719,0.160909,0.016051
2.800000,-0.140895,-0.041563,-0.058672,-0.871200,0.160567,0.015971
2.810000,-0.140165,-0.041355,-0.058375,-0.872673,0.160225,0.015892
2.820000,-0.139438,-0.041148,-0.058079,-0.874138,0.159885,0.015812
2.830000,-0.138716,-0.040942,-0.057785,-0.875593,0.159545,0.015733
2.840000,-0.137998,-0.040737,-0.057492,-0.877041,0.159206,0.015655
2.850000,-0.137283,-0.040533,-0.057201,-0.878479,0.158868,0.015577
2.860000,-0.136573,-0.040330,-0.056911,-0.879910,0.158531,0.015499
2.870000,-0.135867,-0.040129,-0.056623,-0.881332,0.158194,0.015422
2.880000,-0.135164,-0.039928,-0.056336,-0.882746,0.157859,0.015345
2.890000,-0.134466,-0.039728,-0.056051,-0.884151,0.157524,0.015268
2.900000,-0.133771,-0.039529,-0.055767,-0.885549,0.157190,0.015192
2.910000,-0.133080,-0.039331,-0.055485,-0.886938,0.156856,0.015116
2.920000,-0.132393,-0.039135,-0.055204,-0.888319,0.156524,0.015041
2.930000,-0.131710,-0.038939,-0.054925,-0.889692,0.156192,0.014966
2.940000,-0.131030,-0.038744,-0.054647,-0.891057,0.155861,0.014891
2.950000,-0.130354,-0.038550,-0.054370,-0.892413,0.155531,0.014817
2.960000,-0.129682,-0.038357,-0.054095,-0.893762,0.155202,0.014743
2.970000,-0.129014,-0.038166,-0.053822,-0.895103,0.154873,0.014669
2.980000,-0.128349,-0.037975,-0.053550,-0.896436,0.154545,0.014596
2.990000,-0.127688,-0.037785,-0.053279,-0.897761,0.154218,0.014523
3.000000,-0.127031,-0.037596,-0.053010,-0.899079,0.153892,0.014451
3.010000,-0.126377,-0.037408,-0.052742,-0.900388,0.153566,0.014379
3.020000,-0.125727,-0.037221,-0.052475,-0.901690,0.153241,0.014307
3.030000,-0.125080,-0.037034,-0.052210,-0.902985,0.152917,0.014235
3.040000,-0.124437,-0.036849,-0.051946,-0.904271,0.152594,0.014164
3.050000,-0.123797,-0.036665,-0.051684,-0.905550,0.152271,0.014094
3.060000,-0.123161,-0.036482,-0.051423,-0.906821,0.151950,0.014023
3.070000,-0.122528,-0.036299,-0.051163,-0.908085,0.151629,0.013953
3.080000,-0.121899,-0.036118,-0.050905,-0.909342,0.151308,0.013884
3.090000,-0.121273,-0.035937,-0.050648,-0.910591,0.150989,0.013815
3.100000,-0.120650,-0.035757,-0.050392,-0.911832,0.150670,0.013746
3.110000,-0.120031,-0.035579,-0.050138,-0.913066,0.150352,0.013677
3.120000,-0.119415,-0.035401,-0.049885,-0.914293,0.150035,0.013609
3.130000,-0.118803,-0.035224,-0.049633,-0.915513,0.149718,0.013541
3.140000,-0.118194,-0.035048,-0.049383,-0.916725,0.149403,0.013473
3.150000,-0.117588,-0.034872,-0.049133,-0.917930,0.149088,0.013406
3.160000,-0.116985,-0.034698,-0.048886,-0.919128,0.148773,0.013339
3.170000,-0.116386,-0.034525,-0.048639,-0.920319,0.148460,0.013273
3.180000,-0.115790,-0.034352,-0.048394,-0.921502,0.148147,0.013206
3.190000,-0.115197,-0.034180,-0.048150,-0.922679,0.147835,0.013141
3.200000,-0.114607,-0.034009,-0.047907,-0.923848,0.147523,0.013075
3.210000,-0.114021,-0.033839,-0.047665,-0.925011,0.147213,0.013010
3.220000,-0.113438,-0.033670,-0.047425,-0.926167,0.146903,0.012945
3.230000,-0.112857,-0.033502,-0.047186,-0.927315,0.146593,0.012880
3.240000,-0.112280,-0.033334,-0.046948,-0.928457,0.146285,0.012816
3.250000,-0.111706,-0.033168,-0.046711,-0.929592,0.145977,0.012752
3.260000,-0.111135,-0.033002,-0.046476,-0.930721,0.145670,0.012688
3.270000,-0.110567,-0.032837,-0.046242,-0.931842,0.145364,0.012625
3.280000,-0.110003,-0.032673,-0.046009,-0.932957,0.145058,0.012562
3.290000,-0.109441,-0.032510,-0.045777,-0.934065,0.144753,0.012500
3.300000,-0.108882,-0.032347,-0.045547,-0.935166,0.144449,0.012437
3.310000,-0.108326,-0.032185,-0.045317,-0.936261,0.144145,0.012375
3.320000,-0.107773,-0.032025,-0.045089,-0.937349,0.143842,0.012313
3.330000,-0.107223,-0.031865,-0.044862,-0.938431,0.143540,0.012252
3.340000,-0.106676,-0.031705,-0.044636,-0.939506,0.143239,0.012191
3.350000,-0.106132,-0.031547,-0.044411,-0.940575,0.142938,0.012130
3.360000,-0.105591,-0.031389,-0.044188,-0.941637,0.142638,0.012069
3.370000,-0.105053,-0.031232,-0.043965,-0.942693,0.142338,0.012009
3.380000,-0.104517,-0.031076,-0.043744,-0.943742,0.142040,0.011949
3.390000,-0.103985,-0.030921,-0.043524,-0.944785,0.141742,0.011890
3.400000,-0.103455,-0.030766,-0.043305,-0.945822,0.141444,0.011830
3.410000,-0.102928,-0.030613,-0.043087,-0.946853,0.141148,0.011771
3.420000,-0.102404,-0.030460,-0.042870,-0.947877,0.140852,0.011713
3.430000,-0.101883,-0.030308,-0.042654,-0.948896,0.140556,0.011654
3.440000,-0.101364,-0.030156,-0.042440,-0.949908,0.140262,0.011596
3.450000,-0.100848,-0.030005,-0.042226,-0.950914,0.139968,0.011538
3.460000,-0.100335,-0.029856,-0.042014,-0.951913,0.139675,0.011481
3.470000,-0.099825,-0.029706,-0.041803,-0.952907,0.139382,0.011423
3.480000,-0.099317,-0.029558,-0.041592,-0.953895,0.139090,0.011366
3.490000,-0.098812,-0.029410,-0.041383,-0.954877,0.138799,0.011310
3.500000,-0.098309,-0.029263,-0.041175,-0.955853,0.138508,0.011253
3.510000,-0.097810,-0.029117,-0.040968,-0.956822,0.138218,0.011197
3.520000,-0.097313,-0.028972,-0.040762,-0.957786,0.137929,0.011141
3.530000,-0.096818,-0.028827,-0.040557,-0.958745,0.137640,0.011086
3.540000,-0.096326,-0.028683,-0.040354,-0.959697,0.137352,0.011030
3.550000,-0.095837,-0.028540,-0.040151,-0.960643,0.137065,0.010975
3.560000,-0.095350,-0.028397,-0.039949,-0.961584,0.136779,0.010921
3.570000,-0.094866,-0.028255,-0.039748,-0.962519,0.136493,0.010866
3.580000,-0.094385,-0.028114,-0.039548,-0.963449,0.136207,0.010812
3.590000,-0.093905,-0.027974,-0.039350,-0.964373,0.135923,0.010758
3.600000,-0.093429,-0.027834,-0.039152,-0.965291,0.135639,0.010704
3.610000,-0.092955,-0.027695,-0.038955,-0.966203,0.135355,0.010651
3.620000,-0.092483,-0.027557,-0.038760,-0.967110,0.135072,0.010598
3.630000,-0.092014,-0.027419,-0.038565,-0.968012,0.134790,0.010545
3.640000,-0.091548,-0.027282,-0.038371,-0.968907,0.134509,0.010492
3.650000,-0.091083,-0.027146,-0.038179,-0.969798,0.134228,0.010440
3.660000,-0.090622,-0.027010,-0.037987,-0.970683,0.133948,0.010388
3.670000,-0.090162,-0.026875,-0.037796,-0.971563,0.133668,0.010336
3.680000,-0.089705,-0.026741,-0.037606,-0.972437,0.133389,0.010285
3.690000,-0.089251,-0.026607,-0.037417,-0.973306,0.133111,0.010233
3.700000,-0.088799,-0.026474,-0.037230,-0.974169,0.132833,0.010182
3.710000,-0.088349,-0.026342,-0.037043,-0.975028,0.132556,0.010131
3.720000,-0.087901,-0.026211,-0.036857,-0.975881,0.132280,0.010081
3.730000,-0.087456,-0.026080,-0.036672,-0.976728,0.132004,0.010031
3.740000,-0.087013,-0.025950,-0.036488,-0.977571,0.131729,0.009981
3.750000,-0.086573,-0.025820,-0.036305,-0.978409,0.131454,0.009931
3.760000,-0.086135,-0.025691,-0.036122,-0.979241,0.131180,0.009881
3.770000,-0.085699,-0.025563,-0.035941,-0.980068,0.130907,0.009832
3.780000,-0.085265,-0.025435,-0.035761,-0.980890,0.130634,0.009783
3.790000,-0.084834,-0.025308,-0.035581,-0.981707,0.130362,0.009734
3.800000,-0.084405,-0.025182,-0.035403,-0.982520,0.130091,0.009685
3.810000,-0.083978,-0.025056,-0.035225,-0.983327,0.129820,0.009637
3.820000,-0.083553,-0.024931,-0.035048,-0.984129,0.129550,0.009589
3.830000,-0.083130,-0.024806,-0.034873,-0.984926,0.129280,0.009541
3.840000,-0.082710,-0.024682,-0.034698,-0.985718,0.129011,0.009494
3.850000,-0.082292,-0.024559,-0.034524,-0.986506,0.128743,0.009446
3.860000,-0.081876,-0.024436,-0.034350,-0.987288,0.128475,0.009399
3.870000,-0.081462,-0.024314,-0.034178,-0.988066,0.128208,0.009352
3.880000,-0.081051,-0.024193,-0.034007,-0.988839,0.127941,0.009306
3.890000,-0.080641,-0.024072,-0.033836,-0.989607,0.127675,0.009259
3.900000,-0.080234,-0.023952,-0.033667,-0.990371,0.127410,0.009213
3.910000,-0.079828,-0.023832,-0.033498,-0.991130,0.127145,0.009167
3.920000,-0.079425,-0.023713,-0.033330,-0.991884,0.126881,0.009121
3.930000,-0.079024,-0.023595,-0.033163,-0.992633,0.126617,0.009076
3.940000,-0.078625,-0.023477,-0.032996,-0.993378,0.126354,0.009031
3.950000,-0.078228,-0.023360,-0.032831,-0.994118,0.126091,0.008986
3.960000,-0.077833,-0.023243,-0.032666,-0.994854,0.125829,0.008941
3.970000,-0.077440,-0.023127,-0.032503,-0.995585,0.125568,0.008896
3.980000,-0.077050,-0.023012,-0.032340,-0.996312,0.125307,0.008852
3.990000,-0.076661,-0.022897,-0.032178,-0.997034,0.125047,0.008808
4.000000,-0.076274,-0.022783,-0.032016,-0.997752,0.124788,0.008764
4.010000,-0.075889,-0.022669,-0.031856,-0.998465,0.124529,0.008720
4.020000,-0.075506,-0.022556,-0.031696,-0.999174,0.124270,0.008676
4.030000,-0.075125,-0.022443,-0.031537,-0.999878,0.124013,0.008633
4.040000,-0.074747,-0.022331,-0.031379,-1.000578,0.123755,0.008590
4.050000,-0.074370,-0.022220,-0.031222,-1.001274,0.123499,0.008547
4.060000,-0.073995,-0.022109,-0.031066,-1.001966,0.123243,0.008505
4.070000,-0.073622,-0.021998,-0.030910,-1.002653,0.122987,0.008462
4.080000,-0.073250,-0.021888,-0.030755,-1.003336,0.122732,0.008420
4.090000,-0.072881,-0.021779,-0.030601,-1.004014,0.122478,0.008378
4.100000,-0.072514,-0.021670,-0.030448,-1.004689,0.122224,0.008336
4.110000,-0.072148,-0.021562,-0.030295,-1.005359,0.121970,0.008295
4.120000,-0.071785,-0.021455,-0.030144,-1.006025,0.121718,0.008253
4.130000,-0.071423,-0.021348,-0.029993,-1.006687,0.121466,0.008212
4.140000,-0.071063,-0.021241,-0.029842,-1.007345,0.121214,0.008171
4.150000,-0.070705,-0.021135,-0.029693,-1.007999,0.120963,0.008130
4.160000,-0.070349,-0.021029,-0.029544,-1.008649,0.120713,0.008090
4.170000,-0.069995,-0.020924,-0.029396,-1.009294,0.120463,0.008049
4.180000,-0.069642,-0.020820,-0.029249,-1.009936,0.120213,0.008009
4.190000,-0.069292,-0.020716,-0.029103,-1.010574,0.119964,0.007969
4.200000,-0.068943,-0.020613,-0.028957,-1.011208,0.119716,0.007930
4.210000,-0.068596,-0.020510,-0.028812,-1.011837,0.119468,0.007890
4.220000,-0.068250,-0.020407,-0.028668,-1.012463,0.119221,0.007851
4.230000,-0.067907,-0.020306,-0.028524,-1.013085,0.118975,0.007811
4.240000,-0.067565,-0.020204,-0.028381,-1.013703,0.118729,0.007773
4.250000,-0.067225,-0.020103,-0.028239,-1.014318,0.118483,0.007734
4.260000,-0.066887,-0.020003,-0.028098,-1.014928,0.118238,0.007695
4.270000,-0.066550,-0.019903,-0.027957,-1.015535,0.117994,0.007657
4.280000,-0.066215,-0.019804,-0.027817,-1.016138,0.117750,0.007619
4.290000,-0.065882,-0.019705,-0.027678,-1.016737,0.117506,0.007581
4.300000,-0.065551,-0.019607,-0.027539,-1.017332,0.117263,0.007543
4.310000,-0.065221,-0.019509,-0.027402,-1.017924,0.117021,0.007505
4.320000,-0.064893,-0.019411,-0.027264,-1.018512,0.116779,0.007468
4.330000,-0.064567,-0.019314,-0.027128,-1.019096,0.116538,0.007430
4.340000,-0.064242,-0.019218,-0.026992,-1.019677,0.116297,0.007393
4.350000,-0.063919,-0.019122,-0.026857,-1.020254,0.116057,0.007357
4.360000,-0.063598,-0.019027,-0.026723,-1.020827,0.115818,0.007320
4.370000,-0.063278,-0.018932,-0.026589,-1.021397,0.115579,0.007283
4.380000,-0.062960,-0.018837,-0.026456,-1.021963,0.115340,0.007247
4.390000,-0.062643,-0.018743,-0.026323,-1.022526,0.115102,0.007211
4.400000,-0.062328,-0.018650,-0.026192,-1.023085,0.114864,0.007175
4.410000,-0.062015,-0.018557,-0.026061,-1.023641,0.114627,0.007139
4.420000,-0.061703,-0.018464,-0.025930,-1.024194,0.114391,0.007103
4.430000,-0.061393,-0.018372,-0.025801,-1.024742,0.114155,0.007068
4.440000,-0.061085,-0.018280,-0.025671,-1.025288,0.113919,0.007033
4.450000,-0.060778,-0.018189,-0.025543,-1.025830,0.113684,0.006998
4.460000,-0.060473,-0.018098,-0.025415,-1.026368,0.113450,0.006963
4.470000,-0.060169,-0.018008,-0.025288,-1.026904,0.113216,0.006928
4.480000,-0.059867,-0.017918,-0.025162,-1.027435,0.112983,0.006894
4.490000,-0.059566,-0.017828,-0.025036,-1.027964,0.112750,0.006859
4.500000,-0.059267,-0.017740,-0.024911,-1.028489,0.112517,0.006825
4.510000,-0.058969,-0.017651,-0.024786,-1.029011,0.112285,0.006791
4.520000,-0.058673,-0.017563,-0.024662,-1.029530,0.112054,0.006757
4.530000,-0.058378,-0.017475,-0.024539,-1.030045,0.111823,0.006723
4.540000,-0.058085,-0.017388,-0.024416,-1.030557,0.111593,0.006690
4.550000,-0.057793,-0.017301,-0.024294,-1.031066,0.111363,0.006656
4.560000,-0.057503,-0.017215,-0.024172,-1.031572,0.111133,0.006623
4.570000,-0.057215,-0.017129,-0.024051,-1.032075,0.110905,0.006590
4.580000,-0.056927,-0.017044,-0.023931,-1.032574,0.110676,0.006557
4.590000,-0.056642,-0.016958,-0.023811,-1.033071,0.110448,0.006525
4.600000,-0.056357,-0.016874,-0.023692,-1.033564,0.110221,0.006492
4.610000,-0.056075,-0.016790,-0.023574,-1.034054,0.109994,0.006460
4.620000,-0.055793,-0.016706,-0.023456,-1.034541,0.109768,0.006427
4.630000,-0.055513,-0.016622,-0.023339,-1.035025,0.109542,0.006395
4.640000,-0.055235,-0.016540,-0.023222,-1.035506,0.109316,0.006363
4.650000,-0.054957,-0.016457,-0.023106,-1.035984,0.109092,0.006332
4.660000,-0.054682,-0.016375,-0.022990,-1.036459,0.108867,0.006300
4.670000,-0.054407,-0.016293,-0.022875,-1.036931,0.108643,0.006269
4.680000,-0.054134,-0.016212,-0.022761,-1.037400,0.108420,0.006237
4.690000,-0.053863,-0.016131,-0.022647,-1.037866,0.108197,0.006206
4.700000,-0.053593,-0.016050,-0.022534,-1.038329,0.107974,0.006175
4.710000,-0.053324,-0.015970,-0.022421,-1.038789,0.107752,0.006145
4.720000,-0.053056,-0.015891,-0.022309,-1.039246,0.107531,0.006114
4.730000,-0.052790,-0.015811,-0.022198,-1.039701,0.107310,0.006083
4.740000,-0.052525,-0.015732,-0.022087,-1.040152,0.107089,0.006053
4.750000,-0.052262,-0.015654,-0.021976,-1.040601,0.106869,0.006023
4.760000,-0.052000,-0.015576,-0.021866,-1.041047,0.106650,0.005993
4.770000,-0.051739,-0.015498,-0.021757,-1.041490,0.106431,0.005963
4.780000,-0.051480,-0.015421,-0.021648,-1.041930,0.106212,0.005933
4.790000,-0.051222,-0.015344,-0.021540,-1.042368,0.105994,0.005904
4.800000,-0.050965,-0.015267,-0.021432,-1.042803,0.105776,0.005874
4.810000,-0.050709,-0.015191,-0.021325,-1.043235,0.105559,0.005845
4.820000,-0.050455,-0.015115,-0.021219,-1.043664,0.105342,0.005816
4.830000,-0.050202,-0.015040,-0.021113,-1.044091,0.105126,0.005787
4.840000,-0.049951,-0.014965,-0.021007,-1.044515,0.104910,0.005758
4.850000,-0.049700,-0.014890,-0.020902,-1.044936,0.104695,0.005729
4.860000,-0.049451,-0.014816,-0.020798,-1.045354,0.104480,0.005701
4.870000,-0.049203,-0.014742,-0.020694,-1.045770,0.104265,0.005672
4.880000,-0.048957,-0.014668,-0.020590,-1.046184,0.104051,0.005644
4.890000,-0.048711,-0.014595,-0.020487,-1.046594,0.103838,0.005616
4.900000,-0.048467,-0.014522,-0.020385,-1.047003,0.103625,0.005588
4.910000,-0.048224,-0.014450,-0.020283,-1.047408,0.103412,0.005560
4.920000,-0.047983,-0.014378,-0.020182,-1.047811,0.103200,0.005532
4.930000,-0.047742,-0.014306,-0.020081,-1.048212,0.102988,0.005504
4.940000,-0.047503,-0.014235,-0.019981,-1.048610,0.102777,0.005477
4.950000,-0.047265,-0.014164,-0.019881,-1.049005,0.102566,0.005450
4.960000,-0.047028,-0.014093,-0.019781,-1.049398,0.102356,0.005423
4.970000,-0.046793,-0.014023,-0.019683,-1.049788,0.102146,0.005395
4.980000,-0.046559,-0.013953,-0.019584,-1.050176,0.101937,0.005369
4.990000,-0.046325,-0.013883,-0.019486,-1.050562,0.101728,0.005342
5.000000,-0.046093,-0.013814,-0.019389,-1.050945,0.101520,0.005315
5.010000,-0.045862,-0.013745,-0.019292,-1.051325,0.101312,0.005289
5.020000,-0.045633,-0.013676,-0.019196,-1.051704,0.101104,0.005262
5.030000,-0.045404,-0.013608,-0.019100,-1.052080,0.100897,0.005236
5.040000,-0.045177,-0.013540,-0.019004,-1.052453,0.100690,0.005210
5.050000,-0.044951,-0.013473,-0.018910,-1.052824,0.100484,0.005184
5.060000,-0.044725,-0.013405,-0.018815,-1.053193,0.100278,0.005158
5.070000,-0.044502,-0.013339,-0.018721,-1.053559,0.100073,0.005132
5.080000,-0.044279,-0.013272,-0.018628,-1.053924,0.099868,0.005107
5.090000,-0.044057,-0.013206,-0.018534,-1.054285,0.099663,0.005081
5.100000,-0.043836,-0.013140,-0.018442,-1.054645,0.099459,0.005056
5.110000,-0.043617,-0.013074,-0.018350,-1.055002,0.099256,0.005031
5.120000,-0.043399,-0.013009,-0.018258,-1.055357,0.099052,0.005006
5.130000,-0.043181,-0.012944,-0.018167,-1.055710,0.098850,0.004981
5.140000,-0.042965,-0.012880,-0.018076,-1.056060,0.098647,0.004956
5.150000,-0.042750,-0.012815,-0.017986,-1.056409,0.098445,0.004931
5.160000,-0.042536,-0.012751,-0.017896,-1.056755,0.098244,0.004906
5.170000,-0.042323,-0.012688,-0.017807,-1.057099,0.098043,0.004882
5.180000,-0.042111,-0.012624,-0.017718,-1.057440,0.097842,0.004858
5.190000,-0.041901,-0.012562,-0.017629,-1.057780,0.097642,0.004833
5.200000,-0.041691,-0.012499,-0.017541,-1.058117,0.097443,0.004809
5.210000,-0.041482,-0.012436,-0.017453,-1.058453,0.097243,0.004785
5.220000,-0.041275,-0.012374,-0.017366,-1.058786,0.097044,0.004761
5.230000,-0.041068,-0.012313,-0.017280,-1.059117,0.096846,0.004738
5.240000,-0.040863,-0.012251,-0.017193,-1.059446,0.096648,0.004714
5.250000,-0.040658,-0.012190,-0.017107,-1.059773,0.096450,0.004691
5.260000,-0.040455,-0.012129,-0.017022,-1.060097,0.096253,0.004667
5.270000,-0.040252,-0.012069,-0.016937,-1.060420,0.096056,0.004644
5.280000,-0.040051,-0.012009,-0.016852,-1.060741,0.095860,0.004621
5.290000,-0.039850,-0.011949,-0.016768,-1.061059,0.095664,0.004598
5.300000,-0.039651,-0.011889,-0.016684,-1.061376,0.095469,0.004575
5.310000,-0.039453,-0.011830,-0.016601,-1.061691,0.095274,0.004552
5.320000,-0.039255,-0.011771,-0.016518,-1.062003,0.095079,0.004529
5.330000,-0.039059,-0.011712,-0.016436,-1.062314,0.094885,0.004507
5.340000,-0.038863,-0.011654,-0.016354,-1.062622,0.094691,0.004484
5.350000,-0.038669,-0.011595,-0.016272,-1.062929,0.094498,0.004462
5.360000,-0.038476,-0.011538,-0.016191,-1.063234,0.094305,0.004440
5.370000,-0.038283,-0.011480,-0.016110,-1.063537,0.094112,0.004417
5.380000,-0.038092,-0.011423,-0.016029,-1.063838,0.093920,0.004395
5.390000,-0.037901,-0.011366,-0.015949,-1.064137,0.093728,0.004373
5.400000,-0.037712,-0.011309,-0.015870,-1.064434,0.093537,0.004352
5.410000,-0.037523,-0.011253,-0.015791,-1.064729,0.093346,0.004330
5.420000,-0.037335,-0.011197,-0.015712,-1.065022,0.093155,0.004308
5.430000,-0.037149,-0.011141,-0.015633,-1.065314,0.092965,0.004287
5.440000,-0.036963,-0.011085,-0.015555,-1.065603,0.092775,0.004265
5.450000,-0.036778,-0.011030,-0.015477,-1.065891,0.092586,0.004244
5.460000,-0.036594,-0.010975,-0.015400,-1.066177,0.092397,0.004223
5.470000,-0.036411,-0.010920,-0.015323,-1.066461,0.092208,0.004202
5.480000,-0.036229,-0.010866,-0.015247,-1.066743,0.092020,0.004181
5.490000,-0.036048,-0.010811,-0.015171,-1.067024,0.091833,0.004160
5.500000,-0.035868,-0.010757,-0.015095,-1.067303,0.091645,0.004139
5.510000,-0.035688,-0.010704,-0.015020,-1.067580,0.091458,0.004119
5.520000,-0.035510,-0.010650,-0.014945,-1.067855,0.091272,0.004098
5.530000,-0.035332,-0.010597,-0.014870,-1.068128,0.091086,0.004078
5.540000,-0.035156,-0.010544,-0.014796,-1.068400,0.090900,0.004057
5.550000,-0.034980,-0.010492,-0.014722,-1.068670,0.090715,0.004037
5.560000,-0.034805,-0.010439,-0.014648,-1.068938,0.090530,0.004017
5.570000,-0.034631,-0.010387,-0.014575,-1.069205,0.090345,0.003997
5.580000,-0.034458,-0.010336,-0.014502,-1.069469,0.090161,0.003977
5.590000,-0.034285,-0.010284,-0.014430,-1.069733,0.089977,0.003957
5.600000,-0.034114,-0.010233,-0.014358,-1.069994,0.089794,0.003938
5.610000,-0.033944,-0.010182,-0.014286,-1.070254,0.089611,0.003918
5.620000,-0.033774,-0.010131,-0.014215,-1.070512,0.089428,0.003898
5.630000,-0.033605,-0.010080,-0.014144,-1.070769,0.089246,0.003879
5.640000,-0.033437,-0.010030,-0.014073,-1.071024,0.089064,0.003860
5.650000,-0.033270,-0.009980,-0.014003,-1.071277,0.088882,0.003840
5.660000,-0.033104,-0.009930,-0.013933,-1.071529,0.088701,0.003821
5.670000,-0.032938,-0.009881,-0.013864,-1.071779,0.088521,0.003802
5.680000,-0.032773,-0.009831,-0.013794,-1.072027,0.088340,0.003783
5.690000,-0.032610,-0.009782,-0.013726,-1.072274,0.088160,0.003764
5.700000,-0.032447,-0.009734,-0.013657,-1.072519,0.087981,0.003745
5.710000,-0.032285,-0.009685,-0.013589,-1.072763,0.087802,0.003727
5.720000,-0.032123,-0.009637,-0.013521,-1.073005,0.087623,0.003708
5.730000,-0.031963,-0.009589,-0.013454,-1.073246,0.087445,0.003690
5.740000,-0.031803,-0.009541,-0.013386,-1.073485,0.087266,0.003671
5.750000,-0.031644,-0.009493,-0.013320,-1.073723,0.087089,0.003653
5.760000,-0.031486,-0.009446,-0.013253,-1.073959,0.086912,0.003635
5.770000,-0.031328,-0.009399,-0.013187,-1.074193,0.086735,0.003617
5.780000,-0.031172,-0.009352,-0.013121,-1.074426,0.086558,0.003599
5.790000,-0.031016,-0.009305,-0.013056,-1.074658,0.086382,0.003581
5.800000,-0.030861,-0.009259,-0.012990,-1.074888,0.086206,0.003563
5.810000,-0.030707,-0.009213,-0.012926,-1.075117,0.086031,0.003545
5.820000,-0.030554,-0.009167,-0.012861,-1.075344,0.085856,0.003527
5.830000,-0.030401,-0.009121,-0.012797,-1.075570,0.085681,0.003510
5.840000,-0.030249,-0.009075,-0.012733,-1.075794,0.085507,0.003492
5.850000,-0.030098,-0.009030,-0.012670,-1.076017,0.085333,0.003475
5.860000,-0.029947,-0.008985,-0.012606,-1.076238,0.085159,0.003458
5.870000,-0.029798,-0.008940,-0.012543,-1.076458,0.084986,0.003440
5.880000,-0.029649,-0.008896,-0.012481,-1.076677,0.084813,0.003423
5.890000,-0.029501,-0.008851,-0.012418,-1.076894,0.084641,0.003406
5.900000,-0.029353,-0.008807,-0.012356,-1.077110,0.084468,0.003389
5.910000,-0.029207,-0.008763,-0.012295,-1.077324,0.084297,0.003372
5.920000,-0.029061,-0.008719,-0.012233,-1.077537,0.084125,0.003355
5.930000,-0.028916,-0.008676,-0.012172,-1.077749,0.083954,0.003339
5.940000,-0.028771,-0.008633,-0.012112,-1.077960,0.083783,0.003322
5.950000,-0.028627,-0.008590,-0.012051,-1.078169,0.083613,0.003305
5.960000,-0.028484,-0.008547,-0.011991,-1.078376,0.083443,0.003289
5.970000,-0.028342,-0.008504,-0.011931,-1.078583,0.083274,0.003272
5.980000,-0.028201,-0.008462,-0.011872,-1.078788,0.083104,0.003256
5.990000,-0.028060,-0.008420,-0.011812,-1.078992,0.082935,0.003240
6.000000,-0.027920,-0.008378,-0.011753,-1.079194,0.082767,0.003224
6.010000,-0.027780,-0.008336,-0.011695,-1.079395,0.082599,0.003208
6.020000,-0.027641,-0.008294,-0.011636,-1.079595,0.082431,0.003192
6.030000,-0.027503,-0.008253,-0.011578,-1.079794,0.082263,0.003176
6.040000,-0.027366,-0.008212,-0.011521,-1.079991,0.082096,0.003160
6.050000,-0.027229,-0.008171,-0.011463,-1.080187,0.081929,0.003144
6.060000,-0.027093,-0.008130,-0.011406,-1.080382,0.081763,0.003128
6.070000,-0.026958,-0.008089,-0.011349,-1.080575,0.081597,0.003113
6.080000,-0.026823,-0.008049,-0.011292,-1.080768,0.081431,0.003097
6.090000,-0.026689,-0.008009,-0.011236,-1.080959,0.081266,0.003082
6.100000,-0.026556,-0.007969,-0.011180,-1.081149,0.081101,0.003067
6.110000,-0.026423,-0.007929,-0.011124,-1.081337,0.080936,0.003051
6.120000,-0.026291,-0.007890,-0.011069,-1.081525,0.080772,0.003036
6.130000,-0.026160,-0.007850,-0.011013,-1.081711,0.080608,0.003021
6.140000,-0.026029,-0.007811,-0.010958,-1.081896,0.080444,0.003006
6.150000,-0.025899,-0.007772,-0.010904,-1.082080,0.080281,0.002991
6.160000,-0.025770,-0.007733,-0.010849,-1.082263,0.080118,0.002976
6.170000,-0.025641,-0.007695,-0.010795,-1.082444,0.079955,0.002961
6.180000,-0.025513,-0.007656,-0.010741,-1.082625,0.079793,0.002946
6.190000,-0.025386,-0.007618,-0.010688,-1.082804,0.079631,0.002932
6.200000,-0.025259,-0.007580,-0.010634,-1.082982,0.079469,0.002917
6.210000,-0.025133,-0.007542,-0.010581,-1.083159,0.079308,0.002902
6.220000,-0.025007,-0.007505,-0.010528,-1.083335,0.079147,0.002888
6.230000,-0.024883,-0.007467,-0.010476,-1.083510,0.078987,0.002874
6.240000,-0.024758,-0.007430,-0.010424,-1.083683,0.078826,0.002859
6.250000,-0.024635,-0.007393,-0.010372,-1.083856,0.078666,0.002845
6.260000,-0.024512,-0.007356,-0.010320,-1.084027,0.078507,0.002831
6.270000,-0.024389,-0.007319,-0.010268,-1.084197,0.078347,0.002817
6.280000,-0.024267,-0.007283,-0.010217,-1.084366,0.078189,0.002803
6.290000,-0.024146,-0.007247,-0.010166,-1.084534,0.078030,0.002789
6.300000,-0.024026,-0.007210,-0.010115,-1.084701,0.077872,0.002775
6.310000,-0.023906,-0.007174,-0.010065,-1.084867,0.077714,0.002761
6.320000,-0.023786,-0.007139,-0.010015,-1.085032,0.077556,0.002747
6.330000,-0.023668,-0.007103,-0.009965,-1.085196,0.077399,0.002733
6.340000,-0.023549,-0.007068,-0.009915,-1.085359,0.077242,0.002720
6.350000,-0.023432,-0.007032,-0.009866,-1.085521,0.077085,0.002706
6.360000,-0.023315,-0.006997,-0.009816,-1.085681,0.076929,0.002693
6.370000,-0.023198,-0.006962,-0.009767,-1.085841,0.076773,0.002679
6.380000,-0.023083,-0.006928,-0.009719,-1.086000,0.076617,0.002666
6.390000,-0.022967,-0.006893,-0.009670,-1.086157,0.076462,0.002653
6.400000,-0.022853,-0.006859,-0.009622,-1.086314,0.076307,0.002639
6.410000,-0.022739,-0.006825,-0.009574,-1.086470,0.076152,0.002626
6.420000,-0.022625,-0.006791,-0.009526,-1.086624,0.075998,0.002613
6.430000,-0.022512,-0.006757,-0.009479,-1.086778,0.075844,0.002600
6.440000,-0.022400,-0.006723,-0.009431,-1.086931,0.075690,0.002587
6.450000,-0.022288,-0.006689,-0.009384,-1.087082,0.075537,0.002574
6.460000,-0.022177,-0.006656,-0.009337,-1.087233,0.075384,0.002561
6.470000,-0.022066,-0.006623,-0.009291,-1.087383,0.075231,0.002549
6.480000,-0.021956,-0.006590,-0.009244,-1.087531,0.075079,0.002536
6.490000,-0.021846,-0.006557,-0.009198,-1.087679,0.074927,0.002523
6.500000,-0.021737,-0.006524,-0.009152,-1.087826,0.074775,0.002511
6.510000,-0.021629,-0.006492,-0.009107,-1.087972,0.074623,0.002498
6.520000,-0.021521,-0.006459,-0.009061,-1.088117,0.074472,0.002486
6.530000,-0.021413,-0.006427,-0.009016,-1.088261,0.074321,0.002473
6.540000,-0.021306,-0.006395,-0.008971,-1.088404,0.074171,0.002461
6.550000,-0.021200,-0.006363,-0.008926,-1.088546,0.074020,0.002449
6.560000,-0.021094,-0.006331,-0.008882,-1.088688,0.073871,0.002436
6.570000,-0.020989,-0.006300,-0.008837,-1.088828,0.073721,0.002424
6.580000,-0.020884,-0.006268,-0.008793,-1.088968,0.073572,0.002412
6.590000,-0.020780,-0.006237,-0.008750,-1.089106,0.073423,0.002400
6.600000,-0.020676,-0.006206,-0.008706,-1.089244,0.073274,0.002388
6.610000,-0.020573,-0.006175,-0.008662,-1.089381,0.073126,0.002376
6.620000,-0.020470,-0.006144,-0.008619,-1.089517,0.072978,0.002364
6.630000,-0.020368,-0.006114,-0.008576,-1.089652,0.072830,0.002353
6.640000,-0.020266,-0.006083,-0.008533,-1.089786,0.072682,0.002341
6.650000,-0.020165,-0.006053,-0.008491,-1.089920,0.072535,0.002329
6.660000,-0.020064,-0.006023,-0.008448,-1.090052,0.072388,0.002318
6.670000,-0.019964,-0.005993,-0.008406,-1.090184,0.072242,0.002306
6.680000,-0.019865,-0.005963,-0.008364,-1.090315,0.072096,0.002295
6.690000,-0.019765,-0.005933,-0.008323,-1.090445,0.071950,0.002283
6.700000,-0.019667,-0.005903,-0.008281,-1.090574,0.071804,0.002272
6.710000,-0.019569,-0.005874,-0.008240,-1.090702,0.071659,0.002260
6.720000,-0.019471,-0.005845,-0.008199,-1.090830,0.071514,0.002249
6.730000,-0.019374,-0.005815,-0.008158,-1.090956,0.071369,0.002238
6.740000,-0.019277,-0.005786,-0.008117,-1.091082,0.071225,0.002227
6.750000,-0.019181,-0.005758,-0.008077,-1.091207,0.071081,0.002216
6.760000,-0.019085,-0.005729,-0.008036,-1.091331,0.070937,0.002205
6.770000,-0.018990,-0.005700,-0.007996,-1.091455,0.070793,0.002194
6.780000,-0.018895,-0.005672,-0.007956,-1.091578,0.070650,0.002183
6.790000,-0.018801,-0.005644,-0.007917,-1.091699,0.070507,0.002172
6.800000,-0.018707,-0.005615,-0.007877,-1.091821,0.070365,0.002161
6.810000,-0.018614,-0.005587,-0.007838,-1.091941,0.070222,0.002150
6.820000,-0.018521,-0.005560,-0.007799,-1.092060,0.070080,0.002139
6.830000,-0.018428,-0.005532,-0.007760,-1.092179,0.069939,0.002129
6.840000,-0.018336,-0.005504,-0.007721,-1.092297,0.069797,0.002118
6.850000,-0.018245,-0.005477,-0.007683,-1.092415,0.069656,0.002108
6.860000,-0.018154,-0.005449,-0.007644,-1.092531,0.069515,0.002097
6.870000,-0.018063,-0.005422,-0.007606,-1.092647,0.069375,0.002087
6.880000,-0.017973,-0.005395,-0.007568,-1.092762,0.069234,0.002076
6.890000,-0.017883,-0.005368,-0.007530,-1.092876,0.069094,0.002066
6.900000,-0.017794,-0.005342,-0.007493,-1.092990,0.068955,0.002056
6.910000,-0.017705,-0.005315,-0.007455,-1.093102,0.068815,0.002045
6.920000,-0.017617,-0.005288,-0.007418,-1.093215,0.068676,0.002035
6.930000,-0.017529,-0.005262,-0.007381,-1.093326,0.068537,0.002025
6.940000,-0.017441,-0.005236,-0.007344,-1.093437,0.068399,0.002015
6.950000,-0.017354,-0.005210,-0.007308,-1.093547,0.068260,0.002005
6.960000,-0.017268,-0.005184,-0.007271,-1.093656,0.068123,0.001995
6.970000,-0.017182,-0.005158,-0.007235,-1.093764,0.067985,0.001985
6.980000,-0.017096,-0.005132,-0.007199,-1.093872,0.067847,0.001975
6.990000,-0.017011,-0.005106,-0.007163,-1.093979,0.067710,0.001965
7.000000,-0.016926,-0.005081,-0.007127,-1.094086,0.067573,0.001955
7.010000,-0.016841,-0.005056,-0.007092,-1.094192,0.067437,0.001946
7.020000,-0.016757,-0.005030,-0.007056,-1.094297,0.067301,0.001936
7.030000,-0.016674,-0.005005,-0.007021,-1.094401,0.067165,0.001926
7.040000,-0.016590,-0.004980,-0.006986,-1.094505,0.067029,0.001917
7.050000,-0.016508,-0.004956,-0.006951,-1.094608,0.066894,0.001907
7.060000,-0.016425,-0.004931,-0.006917,-1.094710,0.066758,0.001898
7.070000,-0.016343,-0.004906,-0.006882,-1.094812,0.066624,0.001888
7.080000,-0.016262,-0.004882,-0.006848,-1.094913,0.066489,0.001879
7.090000,-0.016181,-0.004857,-0.006814,-1.095014,0.066355,0.001869
7.100000,-0.016100,-0.004833,-0.006780,-1.095114,0.066221,0.001860
7.110000,-0.016019,-0.004809,-0.006746,-1.095213,0.066087,0.001851
7.120000,-0.015940,-0.004785,-0.006712,-1.095311,0.065953,0.001841
7.130000,-0.015860,-0.004761,-0.006679,-1.095409,0.065820,0.001832
7.140000,-0.015781,-0.004737,-0.006645,-1.095506,0.065687,0.001823
7.150000,-0.015702,-0.004714,-0.006612,-1.095603,0.065555,0.001814
7.160000,-0.015624,-0.004690,-0.006579,-1.095699,0.065422,0.001805
7.170000,-0.015546,-0.004667,-0.006546,-1.095795,0.065290,0.001796
7.180000,-0.015468,-0.004644,-0.006514,-1.095889,0.065158,0.001787
7.190000,-0.015391,-0.004620,-0.006481,-1.095984,0.065027,0.001778
7.200000,-0.015314,-0.004597,-0.006449,-1.096077,0.064895,0.001769
7.210000,-0.015238,-0.004575,-0.006417,-1.096170,0.064764,0.001760
7.220000,-0.015162,-0.004552,-0.006385,-1.096263,0.064634,0.001752
7.230000,-0.015086,-0.004529,-0.006353,-1.096354,0.064503,0.001743
7.240000,-0.015011,-0.004506,-0.006321,-1.096446,0.064373,0.001734
7.250000,-0.014936,-0.004484,-0.006290,-1.096536,0.064243,0.001726
7.260000,-0.014861,-0.004462,-0.006258,-1.096626,0.064113,0.001717
7.270000,-0.014787,-0.004439,-0.006227,-1.096716,0.063984,0.001708
7.280000,-0.014713,-0.004417,-0.006196,-1.096805,0.063855,0.001700
7.290000,-0.014640,-0.004395,-0.006165,-1.096893,0.063726,0.001691
7.300000,-0.014567,-0.004373,-0.006134,-1.096981,0.063597,0.001683
7.310000,-0.014494,-0.004351,-0.006104,-1.097068,0.063469,0.001675
7.320000,-0.014422,-0.004330,-0.006073,-1.097154,0.063341,0.001666
7.330000,-0.014350,-0.004308,-0.006043,-1.097240,0.063213,0.001658
7.340000,-0.014278,-0.004287,-0.006013,-1.097326,0.063086,0.001650
7.350000,-0.014207,-0.004265,-0.005983,-1.097411,0.062958,0.001641
7.360000,-0.014136,-0.004244,-0.005953,-1.097495,0.062831,0.001633
7.370000,-0.014066,-0.004223,-0.005923,-1.097579,0.062704,0.001625
7.380000,-0.013996,-0.004202,-0.005894,-1.097663,0.062578,0.001617
7.390000,-0.013926,-0.004181,-0.005864,-1.097745,0.062452,0.001609
7.400000,-0.013856,-0.004160,-0.005835,-1.097828,0.062326,0.001601
7.410000,-0.013787,-0.004139,-0.005806,-1.097909,0.062200,0.001593
7.420000,-0.013718,-0.004119,-0.005777,-1.097991,0.062074,0.001585
7.430000,-0.013650,-0.004098,-0.005748,-1.098071,0.061949,0.001577
7.440000,-0.013582,-0.004078,-0.005720,-1.098151,0.061824,0.001569
7.450000,-0.013514,-0.004057,-0.005691,-1.098231,0.061700,0.001561
7.460000,-0.013447,-0.004037,-0.005663,-1.098310,0.061575,0.001554
7.470000,-0.013380,-0.004017,-0.005634,-1.098389,0.061451,0.001546
7.480000,-0.013313,-0.003997,-0.005606,-1.098467,0.061327,0.001538
7.490000,-0.013246,-0.003977,-0.005578,-1.098545,0.061203,0.001530
7.500000,-0.013180,-0.003957,-0.005551,-1.098622,0.061080,0.001523
7.510000,-0.013114,-0.003937,-0.005523,-1.098698,0.060957,0.001515
7.520000,-0.013049,-0.003918,-0.005495,-1.098775,0.060834,0.001508
7.530000,-0.012984,-0.003898,-0.005468,-1.098850,0.060711,0.001500
7.540000,-0.012919,-0.003879,-0.005441,-1.098925,0.060589,0.001493
7.550000,-0.012855,-0.003859,-0.005413,-1.099000,0.060467,0.001485
7.560000,-0.012791,-0.003840,-0.005386,-1.099074,0.060345,0.001478
7.570000,-0.012727,-0.003821,-0.005360,-1.099148,0.060223,0.001470
7.580000,-0.012663,-0.003802,-0.005333,-1.099221,0.060102,0.001463
7.590000,-0.012600,-0.003783,-0.005306,-1.099294,0.059980,0.001456
7.600000,-0.012537,-0.003764,-0.005280,-1.099366,0.059860,0.001449
7.610000,-0.012475,-0.003745,-0.005253,-1.099438,0.059739,0.001441
7.620000,-0.012412,-0.003727,-0.005227,-1.099509,0.059618,0.001434
7.630000,-0.012351,-0.003708,-0.005201,-1.099580,0.059498,0.001427
7.640000,-0.012289,-0.003690,-0.005175,-1.099651,0.059378,0.001420
7.650000,-0.012228,-0.003671,-0.005149,-1.099721,0.059259,0.001413
7.660000,-0.012167,-0.003653,-0.005124,-1.099790,0.059139,0.001406
7.670000,-0.012106,-0.003635,-0.005098,-1.099860,0.059020,0.001399
7.680000,-0.012046,-0.003616,-0.005073,-1.099928,0.058901,0.001392
7.690000,-0.011985,-0.003598,-0.005047,-1.099996,0.058782,0.001385
7.700000,-0.011926,-0.003580,-0.005022,-1.100064,0.058664,0.001378
7.710000,-0.011866,-0.003563,-0.004997,-1.100132,0.058546,0.001371
7.720000,-0.011807,-0.003545,-0.004972,-1.100198,0.058428,0.001364
7.730000,-0.011748,-0.003527,-0.004947,-1.100265,0.058310,0.001357
7.740000,-0.011689,-0.003510,-0.004923,-1.100331,0.058193,0.001351
7.750000,-0.011631,-0.003492,-0.004898,-1.100397,0.058075,0.001344
7.760000,-0.011573,-0.003475,-0.004874,-1.100462,0.057958,0.001337
7.770000,-0.011515,-0.003457,-0.004849,-1.100527,0.057841,0.001330
7.780000,-0.011458,-0.003440,-0.004825,-1.100591,0.057725,0.001324
7.790000,-0.011401,-0.003423,-0.004801,-1.100655,0.057609,0.001317
7.800000,-0.011344,-0.003406,-0.004777,-1.100719,0.057493,0.001311
7.810000,-0.011287,-0.003389,-0.004753,-1.100782,0.057377,0.001304
7.820000,-0.011231,-0.003372,-0.004730,-1.100844,0.057261,0.001298
7.830000,-0.011175,-0.003355,-0.004706,-1.100907,0.057146,0.001291
7.840000,-0.011119,-0.003338,-0.004683,-1.100969,0.057031,0.001285
7.850000,-0.011064,-0.003322,-0.004659,-1.101030,0.056916,0.001278
7.860000,-0.011008,-0.003305,-0.004636,-1.101091,0.056801,0.001272
7.870000,-0.010954,-0.003289,-0.004613,-1.101152,0.056687,0.001266
7.880000,-0.010899,-0.003272,-0.004590,-1.101212,0.056573,0.001259
7.890000,-0.010845,-0.003256,-0.004567,-1.101272,0.056459,0.001253
7.900000,-0.010790,-0.003240,-0.004544,-1.101332,0.056345,0.001247
7.910000,-0.010737,-0.003224,-0.004522,-1.101391,0.056232,0.001241
7.920000,-0.010683,-0.003207,-0.004499,-1.101450,0.056118,0.001234
7.930000,-0.010630,-0.003191,-0.004477,-1.101508,0.056005,0.001228
7.940000,-0.010577,-0.003176,-0.004454,-1.101566,0.055893,0.001222
7.950000,-0.010524,-0.003160,-0.004432,-1.101624,0.055780,0.001216
7.960000,-0.010471,-0.003144,-0.004410,-1.101681,0.055668,0.001210
7.970000,-0.010419,-0.003128,-0.004388,-1.101738,0.055556,0.001204
7.980000,-0.010367,-0.003113,-0.004366,-1.101795,0.055444,0.001198
7.990000,-0.010316,-0.003097,-0.004344,-1.101851,0.055332,0.001192
8.000000,-0.010264,-0.003082,-0.004323,-1.101907,0.055221,0.001186
8.010000,-0.010213,-0.003066,-0.004301,-1.101962,0.055110,0.001180
8.020000,-0.010162,-0.003051,-0.004280,-1.102018,0.054999,0.001174
8.030000,-0.010111,-0.003036,-0.004258,-1.102072,0.054888,0.001168
8.040000,-0.010061,-0.003021,-0.004237,-1.102127,0.054777,0.001162
8.050000,-0.010011,-0.003006,-0.004216,-1.102181,0.054667,0.001157
8.060000,-0.009961,-0.002991,-0.004195,-1.102235,0.054557,0.001151
8.070000,-0.009911,-0.002976,-0.004174,-1.102288,0.054447,0.001145
8.080000,-0.009862,-0.002961,-0.004153,-1.102341,0.054338,0.001139
8.090000,-0.009812,-0.002946,-0.004132,-1.102394,0.054228,0.001134
8.100000,-0.009763,-0.002931,-0.004112,-1.102446,0.054119,0.001128
8.110000,-0.009715,-0.002917,-0.004091,-1.102498,0.054010,0.001122
8.120000,-0.009666,-0.002902,-0.004071,-1.102550,0.053902,0.001117
8.130000,-0.009618,-0.002888,-0.004051,-1.102601,0.053793,0.001111
8.140000,-0.009570,-0.002873,-0.004030,-1.102652,0.053685,0.001106
8.150000,-0.009522,-0.002859,-0.004010,-1.102703,0.053577,0.001100
8.160000,-0.009475,-0.002845,-0.003990,-1.102753,0.053469,0.001095
8.170000,-0.009428,-0.002831,-0.003970,-1.102803,0.053361,0.001089
8.180000,-0.009381,-0.002816,-0.003951,-1.102853,0.053254,0.001084
8.190000,-0.009334,-0.002802,-0.003931,-1.102902,0.053147,0.001078
8.200000,-0.009287,-0.002788,-0.003911,-1.102951,0.053040,0.001073
8.210000,-0.009241,-0.002775,-0.003892,-1.103000,0.052933,0.001068
8.220000,-0.009195,-0.002761,-0.003872,-1.103049,0.052827,0.001062
8.230000,-0.009149,-0.002747,-0.003853,-1.103097,0.052720,0.001057
8.240000,-0.009103,-0.002733,-0.003834,-1.103144,0.052614,0.001052
8.250000,-0.009058,-0.002720,-0.003815,-1.103192,0.052509,0.001047
8.260000,-0.009013,-0.002706,-0.003796,-1.103239,0.052403,0.001041
8.270000,-0.008968,-0.002693,-0.003777,-1.103286,0.052298,0.001036
8.280000,-0.008923,-0.002679,-0.003758,-1.103333,0.052192,0.001031
8.290000,-0.008878,-0.002666,-0.003739,-1.103379,0.052087,0.001026
8.300000,-0.008834,-0.002652,-0.003720,-1.103425,0.051983,0.001021
8.310000,-0.008790,-0.002639,-0.003702,-1.103471,0.051878,0.001016
8.320000,-0.008746,-0.002626,-0.003683,-1.103516,0.051774,0.001011
8.330000,-0.008703,-0.002613,-0.003665,-1.103561,0.051670,0.001006
8.340000,-0.008659,-0.002600,-0.003647,-1.103606,0.051566,0.001001
8.350000,-0.008616,-0.002587,-0.003629,-1.103651,0.051462,0.000996
8.360000,-0.008573,-0.002574,-0.003611,-1.103695,0.051358,0.000991
8.370000,-0.008530,-0.002561,-0.003592,-1.103739,0.051255,0.000986
8.380000,-0.008488,-0.002548,-0.003575,-1.103783,0.051152,0.000981
8.390000,-0.008445,-0.002536,-0.003557,-1.103826,0.051049,0.000976
8.400000,-0.008403,-0.002523,-0.003539,-1.103869,0.050946,0.000971
8.410000,-0.008361,-0.002511,-0.003521,-1.103912,0.050844,0.000966
8.420000,-0.008320,-0.002498,-0.003504,-1.103954,0.050742,0.000961
8.430000,-0.008278,-0.002486,-0.003486,-1.103997,0.050640,0.000957
8.440000,-0.008237,-0.002473,-0.003469,-1.104039,0.050538,0.000952
8.450000,-0.008196,-0.002461,-0.003452,-1.104081,0.050436,0.000947
8.460000,-0.008155,-0.002449,-0.003434,-1.104122,0.050335,0.000942
8.470000,-0.008114,-0.002436,-0.003417,-1.104163,0.050234,0.000938
8.480000,-0.008074,-0.002424,-0.003400,-1.104204,0.050133,0.000933
8.490000,-0.008033,-0.002412,-0.003383,-1.104245,0.050032,0.000928
8.500000,-0.007993,-0.002400,-0.003366,-1.104285,0.049931,0.000924
8.510000,-0.007953,-0.002388,-0.003350,-1.104325,0.049831,0.000919
8.520000,-0.007914,-0.002376,-0.003333,-1.104365,0.049731,0.000914
8.530000,-0.007874,-0.002364,-0.003316,-1.104405,0.049631,0.000910
8.540000,-0.007835,-0.002353,-0.003300,-1.104444,0.049531,0.000905
8.550000,-0.007796,-0.002341,-0.003283,-1.104484,0.049431,0.000901
8.560000,-0.007757,-0.002329,-0.003267,-1.104522,0.049332,0.000896
8.570000,-0.007718,-0.002317,-0.003251,-1.104561,0.049233,0.000892
8.580000,-0.007680,-0.002306,-0.003234,-1.104599,0.049134,0.000887
8.590000,-0.007642,-0.002294,-0.003218,-1.104638,0.049035,0.000883
8.600000,-0.007603,-0.002283,-0.003202,-1.104675,0.048937,0.000879
8.610000,-0.007566,-0.002272,-0.003186,-1.104713,0.048838,0.000874
8.620000,-0.007528,-0.002260,-0.003170,-1.104751,0.048740,0.000870
8.630000,-0.007490,-0.002249,-0.003155,-1.104788,0.048642,0.000865
8.640000,-0.007453,-0.002238,-0.003139,-1.104825,0.048544,0.000861
8.650000,-0.007416,-0.002227,-0.003123,-1.104861,0.048447,0.000857
8.660000,-0.007379,-0.002216,-0.003108,-1.104898,0.048349,0.000853
8.670000,-0.007342,-0.002204,-0.003092,-1.104934,0.048252,0.000848
8.680000,-0.007305,-0.002193,-0.003077,-1.104970,0.048155,0.000844
8.690000,-0.007269,-0.002183,-0.003061,-1.105006,0.048059,0.000840
8.700000,-0.007233,-0.002172,-0.003046,-1.105041,0.047962,0.000836
8.710000,-0.007197,-0.002161,-0.003031,-1.105077,0.047866,0.000832
8.720000,-0.007161,-0.002150,-0.003016,-1.105112,0.047769,0.000827
8.730000,-0.007125,-0.002139,-0.003001,-1.105146,0.047673,0.000823
8.740000,-0.007089,-0.002129,-0.002986,-1.105181,0.047578,0.000819
8.750000,-0.007054,-0.002118,-0.002971,-1.105215,0.047482,0.000815
8.760000,-0.007019,-0.002107,-0.002956,-1.105250,0.047387,0.000811
8.770000,-0.006984,-0.002097,-0.002941,-1.105284,0.047291,0.000807
8.780000,-0.006949,-0.002086,-0.002927,-1.105317,0.047196,0.000803
8.790000,-0.006914,-0.002076,-0.002912,-1.105351,0.047102,0.000799
8.800000,-0.006880,-0.002066,-0.002897,-1.105384,0.047007,0.000795
8.810000,-0.006846,-0.002055,-0.002883,-1.105417,0.046913,0.000791
8.820000,-0.006811,-0.002045,-0.002869,-1.105450,0.046818,0.000787
8.830000,-0.006777,-0.002035,-0.002854,-1.105483,0.046724,0.000783
8.840000,-0.006744,-0.002025,-0.002840,-1.105515,0.046630,0.000779
8.850000,-0.006710,-0.002015,-0.002826,-1.105547,0.046537,0.000775
8.860000,-0.006676,-0.002005,-0.002812,-1.105579,0.046443,0.000771
8.870000,-0.006643,-0.001995,-0.002798,-1.105611,0.046350,0.000768
8.880000,-0.006610,-0.001985,-0.002784,-1.105643,0.046257,0.000764
8.890000,-0.006577,-0.001975,-0.002770,-1.105674,0.046164,0.000760
8.900000,-0.006544,-0.001965,-0.002756,-1.105705,0.046071,0.000756
8.910000,-0.006512,-0.001955,-0.002742,-1.105736,0.045979,0.000752
8.920000,-0.006479,-0.001945,-0.002729,-1.105767,0.045886,0.000749
8.930000,-0.006447,-0.001936,-0.002715,-1.105798,0.045794,0.000745
8.940000,-0.006415,-0.001926,-0.002702,-1.105828,0.045702,0.000741
8.950000,-0.006383,-0.001916,-0.002688,-1.105859,0.045610,0.000738
8.960000,-0.006351,-0.001907,-0.002675,-1.105889,0.045519,0.000734
8.970000,-0.006319,-0.001897,-0.002661,-1.105918,0.045427,0.000730
8.980000,-0.006288,-0.001888,-0.002648,-1.105948,0.045336,0.000727
8.990000,-0.006256,-0.001879,-0.002635,-1.105977,0.045245,0.000723
9.000000,-0.006225,-0.001869,-0.002622,-1.106007,0.045154,0.000719
9.010000,-0.006194,-0.001860,-0.002609,-1.106036,0.045064,0.000716
9.020000,-0.006163,-0.001851,-0.002596,-1.106065,0.044973,0.000712
9.030000,-0.006132,-0.001841,-0.002583,-1.106093,0.044883,0.000709
9.040000,-0.006102,-0.001832,-0.002570,-1.106122,0.044793,0.000705
9.050000,-0.006071,-0.001823,-0.002557,-1.106150,0.044703,0.000702
9.060000,-0.006041,-0.001814,-0.002544,-1.106178,0.044613,0.000698
9.070000,-0.006011,-0.001805,-0.002532,-1.106206,0.044523,0.000695
9.080000,-0.005981,-0.001796,-0.002519,-1.106234,0.044434,0.000691
9.090000,-0.005951,-0.001787,-0.002506,-1.106262,0.044345,0.000688
9.100000,-0.005921,-0.001778,-0.002494,-1.106289,0.044256,0.000684
9.110000,-0.005892,-0.001769,-0.002481,-1.106316,0.044167,0.000681
9.120000,-0.005863,-0.001760,-0.002469,-1.106343,0.044078,0.000677
9.130000,-0.005833,-0.001752,-0.002457,-1.106370,0.043990,0.000674
9.140000,-0.005804,-0.001743,-0.002444,-1.106397,0.043901,0.000671
9.150000,-0.005775,-0.001734,-0.002432,-1.106424,0.043813,0.000667
9.160000,-0.005746,-0.001725,-0.002420,-1.106450,0.043725,0.000664
9.170000,-0.005718,-0.001717,-0.002408,-1.106476,0.043637,0.000661
9.180000,-0.005689,-0.001708,-0.002396,-1.106502,0.043550,0.000657
9.190000,-0.005661,-0.001700,-0.002384,-1.106528,0.043462,0.000654
9.200000,-0.005633,-0.001691,-0.002372,-1.106554,0.043375,0.000651
9.210000,-0.005605,-0.001683,-0.002360,-1.106579,0.043288,0.000648
9.220000,-0.005577,-0.001674,-0.002349,-1.106605,0.043201,0.000644
9.230000,-0.005549,-0.001666,-0.002337,-1.106630,0.043115,0.000641
9.240000,-0.005521,-0.001658,-0.002325,-1.106655,0.043028,0.000638
9.250000,-0.005494,-0.001650,-0.002314,-1.106680,0.042942,0.000635
9.260000,-0.005466,-0.001641,-0.002302,-1.106705,0.042855,0.000632
9.270000,-0.005439,-0.001633,-0.002291,-1.106729,0.042769,0.000628
9.280000,-0.005412,-0.001625,-0.002279,-1.106754,0.042684,0.000625
9.290000,-0.005385,-0.001617,-0.002268,-1.106778,0.042598,0.000622
9.300000,-0.005358,-0.001609,-0.002257,-1.106802,0.042512,0.000619
9.310000,-0.005331,-0.001601,-0.002245,-1.106826,0.042427,0.000616
9.320000,-0.005305,-0.001593,-0.002234,-1.106850,0.042342,0.000613
9.330000,-0.005278,-0.001585,-0.002223,-1.106873,0.042257,0.000610
9.340000,-0.005252,-0.001577,-0.002212,-1.106897,0.042172,0.000607
9.350000,-0.005226,-0.001569,-0.002201,-1.106920,0.042088,0.000604
9.360000,-0.005200,-0.001561,-0.002190,-1.106943,0.042003,0.000601
9.370000,-0.005174,-0.001553,-0.002179,-1.106966,0.041919,0.000598
9.380000,-0.005148,-0.001546,-0.002168,-1.106989,0.041835,0.000595
9.390000,-0.005122,-0.001538,-0.002157,-1.107012,0.041751,0.000592
9.400000,-0.005097,-0.001530,-0.002146,-1.107034,0.041667,0.000589
9.410000,-0.005071,-0.001523,-0.002136,-1.107057,0.041583,0.000586
9.420000,-0.005046,-0.001515,-0.002125,-1.107079,0.041500,0.000583
9.430000,-0.005021,-0.001508,-0.002115,-1.107101,0.041417,0.000580
9.440000,-0.004996,-0.001500,-0.002104,-1.107123,0.041333,0.000577
9.450000,-0.004971,-0.001493,-0.002093,-1.107145,0.041251,0.000574
9.460000,-0.004946,-0.001485,-0.002083,-1.107167,0.041168,0.000572
9.470000,-0.004921,-0.001478,-0.002073,-1.107188,0.041085,0.000569
9.480000,-0.004897,-0.001470,-0.002062,-1.107210,0.041003,0.000566
9.490000,-0.004872,-0.001463,-0.002052,-1.107231,0.040920,0.000563
9.500000,-0.004848,-0.001456,-0.002042,-1.107252,0.040838,0.000560
9.510000,-0.004824,-0.001448,-0.002032,-1.107273,0.040756,0.000557
9.520000,-0.004800,-0.001441,-0.002021,-1.107294,0.040675,0.000555
9.530000,-0.004776,-0.001434,-0.002011,-1.107315,0.040593,0.000552
9.540000,-0.004752,-0.001427,-0.002001,-1.107336,0.040512,0.000549
9.550000,-0.004728,-0.001420,-0.001991,-1.107356,0.040430,0.000546
9.560000,-0.004705,-0.001413,-0.001981,-1.107377,0.040349,0.000544
9.570000,-0.004681,-0.001406,-0.001972,-1.107397,0.040268,0.000541
9.580000,-0.004658,-0.001399,-0.001962,-1.107417,0.040188,0.000538
9.590000,-0.004635,-0.001392,-0.001952,-1.107437,0.040107,0.000536
9.600000,-0.004612,-0.001385,-0.001942,-1.107457,0.040026,0.000533
9.610000,-0.004589,-0.001378,-0.001933,-1.107476,0.039946,0.000530
9.620000,-0.004566,-0.001371,-0.001923,-1.107496,0.039866,0.000528
9.630000,-0.004543,-0.001364,-0.001913,-1.107515,0.039786,0.000525
9.640000,-0.004520,-0.001357,-0.001904,-1.107535,0.039706,0.000522
9.650000,-0.004498,-0.001351,-0.001894,-1.107554,0.039627,0.000520
9.660000,-0.004475,-0.001344,-0.001885,-1.107573,0.039547,0.000517
9.670000,-0.004453,-0.001337,-0.001875,-1.107592,0.039468,0.000515
9.680000,-0.004431,-0.001330,-0.001866,-1.107611,0.039389,0.000512
9.690000,-0.004409,-0.001324,-0.001857,-1.107630,0.039310,0.000509
9.700000,-0.004387,-0.001317,-0.001847,-1.107648,0.039231,0.000507
9.710000,-0.004365,-0.001311,-0.001838,-1.107667,0.039152,0.000504
9.720000,-0.004343,-0.001304,-0.001829,-1.107685,0.039074,0.000502
9.730000,-0.004321,-0.001298,-0.001820,-1.107703,0.038995,0.000499
9.740000,-0.004300,-0.001291,-0.001811,-1.107721,0.038917,0.000497
9.750000,-0.004278,-0.001285,-0.001802,-1.107739,0.038839,0.000494
9.760000,-0.004257,-0.001278,-0.001793,-1.107757,0.038761,0.000492
9.770000,-0.004236,-0.001272,-0.001784,-1.107775,0.038683,0.000489
9.780000,-0.004215,-0.001266,-0.001775,-1.107793,0.038606,0.000487
9.790000,-0.004194,-0.001259,-0.001766,-1.107810,0.038528,0.000485
9.800000,-0.004173,-0.001253,-0.001757,-1.107828,0.038451,0.000482
9.810000,-0.004152,-0.001247,-0.001749,-1.107845,0.038374,0.000480
9.820000,-0.004131,-0.001240,-0.001740,-1.107862,0.038297,0.000477
9.830000,-0.004111,-0.001234,-0.001731,-1.107879,0.038220,0.000475
9.840000,-0.004090,-0.001228,-0.001723,-1.107896,0.038144,0.000473
9.850000,-0.004070,-0.001222,-0.001714,-1.107913,0.038067,0.000470
9.860000,-0.004049,-0.001216,-0.001705,-1.107930,0.037991,0.000468
9.870000,-0.004029,-0.001210,-0.001697,-1.107947,0.037915,0.000466
9.880000,-0.004009,-0.001204,-0.001688,-1.107963,0.037839,0.000463
9.890000,-0.003989,-0.001198,-0.001680,-1.107980,0.037763,0.000461
9.900000,-0.003969,-0.001192,-0.001672,-1.107996,0.037687,0.000459
9.910000,-0.003949,-0.001186,-0.001663,-1.108012,0.037611,0.000456
9.920000,-0.003930,-0.001180,-0.001655,-1.108028,0.037536,0.000454
9.930000,-0.003910,-0.001174,-0.001647,-1.108044,0.037461,0.000452
9.940000,-0.003891,-0.001168,-0.001639,-1.108060,0.037386,0.000450
9.950000,-0.003871,-0.001162,-0.001630,-1.108076,0.037311,0.000447
9.960000,-0.003852,-0.001157,-0.001622,-1.108092,0.037236,0.000445
9.970000,-0.003833,-0.001151,-0.001614,-1.108107,0.037161,0.000443
9.980000,-0.003814,-0.001145,-0.001606,-1.108123,0.037087,0.000441
9.990000,-0.003795,-0.001139,-0.001598,-1.108138,0.037012,0.000438
10.000000,-0.003776,-0.001134,-0.001590,-1.108154,0.036938,0.000436
