0.000000,-0.878575,0.098663,-0.854429,0.853623,0.274408,-0.615084
0.010000,-0.867556,0.098161,-0.843888,0.848625,0.273758,-0.609725
0.020000,-0.856836,0.097662,-0.833629,0.843619,0.273110,-0.604453
0.030000,-0.846402,0.097166,-0.823639,0.838603,0.272464,-0.599263
0.040000,-0.836240,0.096672,-0.813905,0.833579,0.271821,-0.594155
0.050000,-0.826340,0.096181,-0.804417,0.828547,0.271179,-0.589126
0.060000,-0.816688,0.095692,-0.795164,0.823506,0.270539,-0.584174
0.070000,-0.807275,0.095207,-0.786135,0.818456,0.269901,-0.579296
0.080000,-0.798090,0.094723,-0.777321,0.813398,0.269265,-0.574492
0.090000,-0.789124,0.094242,-0.768714,0.808332,0.268631,-0.569759
0.100000,-0.780368,0.093764,-0.760305,0.803258,0.267999,-0.565095
0.110000,-0.771813,0.093288,-0.752086,0.798176,0.267369,-0.560498
0.120000,-0.763452,0.092815,-0.744050,0.793085,0.266741,-0.555968
0.130000,-0.755277,0.092344,-0.736190,0.787987,0.266114,-0.551501
0.140000,-0.747280,0.091876,-0.728500,0.782881,0.265490,-0.547097
0.150000,-0.739456,0.091410,-0.720972,0.777766,0.264868,-0.542755
0.160000,-0.731797,0.090946,-0.713601,0.772645,0.264247,-0.538471
0.170000,-0.724298,0.090485,-0.706381,0.767515,0.263628,-0.534247
0.180000,-0.716953,0.090027,-0.699307,0.762378,0.263011,-0.530079
0.190000,-0.709756,0.089571,-0.692374,0.757234,0.262396,-0.525967
0.200000,-0.702702,0.089117,-0.685577,0.752082,0.261783,-0.521909
0.210000,-0.695787,0.088665,-0.678911,0.746923,0.261172,-0.517904
0.220000,-0.689006,0.088216,-0.672372,0.741756,0.260562,-0.513951
0.230000,-0.682354,0.087769,-0.665956,0.736583,0.259955,-0.510049
0.240000,-0.675827,0.087325,-0.659659,0.731402,0.259349,-0.506196
0.250000,-0.669421,0.086883,-0.653477,0.726215,0.258745,-0.502392
0.260000,-0.663132,0.086443,-0.647406,0.721021,0.258142,-0.498636
0.270000,-0.656956,0.086005,-0.641443,0.715820,0.257542,-0.494926
0.280000,-0.650890,0.085570,-0.635584,0.710612,0.256943,-0.491262
0.290000,-0.644931,0.085137,-0.629827,0.705398,0.256346,-0.487642
0.300000,-0.639075,0.084706,-0.624168,0.700177,0.255751,-0.484066
0.310000,-0.633319,0.084278,-0.618605,0.694950,0.255158,-0.480533
0.320000,-0.627661,0.083852,-0.613134,0.689716,0.254566,-0.477041
0.330000,-0.622096,0.083428,-0.607753,0.684477,0.253977,-0.473591
0.340000,-0.616624,0.083006,-0.602460,0.679231,0.253388,-0.470180
0.350000,-0.611240,0.082586,-0.597252,0.673979,0.252802,-0.466810
0.360000,-0.605943,0.082169,-0.592126,0.668721,0.252217,-0.463478
0.370000,-0.600730,0.081753,-0.587081,0.663458,0.251634,-0.460184
0.380000,-0.595599,0.081340,-0.582114,0.658189,0.251053,-0.456927
0.390000,-0.590548,0.080929,-0.577223,0.652914,0.250474,-0.453706
0.400000,-0.585574,0.080520,-0.572405,0.647634,0.249896,-0.450521
0.410000,-0.580676,0.080114,-0.567661,0.642349,0.249320,-0.447372
0.420000,-0.575851,0.079709,-0.562986,0.637058,0.248745,-0.444257
0.430000,-0.571097,0.079306,-0.558380,0.631762,0.248172,-0.441175
0.440000,-0.566414,0.078906,-0.553840,0.626461,0.247601,-0.438127
0.450000,-0.561798,0.078508,-0.549366,0.621155,0.247032,-0.435112
0.460000,-0.557249,0.078111,-0.544955,0.615844,0.246464,-0.432128
0.470000,-0.552764,0.077717,-0.540606,0.610529,0.245898,-0.429177
0.480000,-0.548343,0.077325,-0.536318,0.605209,0.245333,-0.426256
0.490000,-0.543983,0.076934,-0.532088,0.599884,0.244770,-0.423365
0.500000,-0.539683,0.076546,-0.527916,0.594555,0.244209,-0.420504
0.510000,-0.535442,0.076160,-0.523800,0.589222,0.243649,-0.417673
0.520000,-0.531258,0.075776,-0.519739,0.583885,0.243091,-0.414870
0.530000,-0.527130,0.075394,-0.515732,0.578543,0.242534,-0.412096
0.540000,-0.523057,0.075013,-0.511778,0.573198,0.241980,-0.409349
0.550000,-0.519037,0.074635,-0.507874,0.567849,0.241426,-0.406630
0.560000,-0.515070,0.074259,-0.504021,0.562496,0.240874,-0.403938
0.570000,-0.511153,0.073884,-0.500217,0.557140,0.240324,-0.401272
0.580000,-0.507287,0.073512,-0.496460,0.551780,0.239776,-0.398633
0.590000,-0.503469,0.073141,-0.492751,0.546417,0.239229,-0.396019
0.600000,-0.499699,0.072772,-0.489088,0.541050,0.238683,-0.393430
0.610000,-0.495976,0.072406,-0.485469,0.535681,0.238139,-0.390867
0.620000,-0.492299,0.072041,-0.481895,0.530308,0.237597,-0.388327
0.630000,-0.488667,0.071678,-0.478364,0.524933,0.237056,-0.385812
0.640000,-0.485078,0.071317,-0.474874,0.519555,0.236517,-0.383320
0.650000,-0.481533,0.070957,-0.471427,0.514175,0.235979,-0.380852
0.660000,-0.478029,0.070600,-0.468020,0.508792,0.235443,-0.378407
0.670000,-0.474567,0.070244,-0.464652,0.503406,0.234908,-0.375984
0.680000,-0.471146,0.069891,-0.461324,0.498019,0.234374,-0.373584
0.690000,-0.467764,0.069539,-0.458033,0.492629,0.233843,-0.371206
0.700000,-0.464421,0.069189,-0.454780,0.487237,0.233312,-0.368849
0.710000,-0.461116,0.068840,-0.451564,0.481844,0.232784,-0.366513
0.720000,-0.457849,0.068494,-0.448384,0.476448,0.232256,-0.364199
0.730000,-0.454618,0.068149,-0.445239,0.471052,0.231730,-0.361905
0.740000,-0.451423,0.067806,-0.442129,0.465653,0.231206,-0.359632
0.750000,-0.448264,0.067464,-0.439053,0.460254,0.230683,-0.357378
0.760000,-0.445139,0.067125,-0.436010,0.454853,0.230162,-0.355145
0.770000,-0.442048,0.066787,-0.433000,0.449451,0.229642,-0.352931
0.780000,-0.438991,0.066451,-0.430022,0.444048,0.229123,-0.350736
0.790000,-0.435966,0.066117,-0.427076,0.438645,0.228606,-0.348561
0.800000,-0.432973,0.065784,-0.424161,0.433240,0.228090,-0.346404
0.810000,-0.430013,0.065453,-0.421276,0.427836,0.227576,-0.344265
0.820000,-0.427083,0.065124,-0.418422,0.422431,0.227063,-0.342145
0.830000,-0.424184,0.064797,-0.415596,0.417025,0.226551,-0.340043
0.840000,-0.421314,0.064471,-0.412800,0.411619,0.226041,-0.337958
0.850000,-0.418475,0.064146,-0.410032,0.406214,0.225533,-0.335891
0.860000,-0.415664,0.063824,-0.407293,0.400808,0.225026,-0.333841
0.870000,-0.412881,0.063503,-0.404580,0.395403,0.224520,-0.331808
0.880000,-0.410127,0.063184,-0.401895,0.389998,0.224015,-0.329792
0.890000,-0.407400,0.062866,-0.399236,0.384594,0.223512,-0.327793
0.900000,-0.404701,0.062550,-0.396604,0.379191,0.223010,-0.325810
0.910000,-0.402027,0.062236,-0.393997,0.373788,0.222510,-0.323843
0.920000,-0.399381,0.061923,-0.391415,0.368386,0.222011,-0.321892
0.930000,-0.396759,0.061612,-0.388859,0.362985,0.221514,-0.319957
0.940000,-0.394164,0.061302,-0.386327,0.357586,0.221017,-0.318037
0.950000,-0.391593,0.060994,-0.383819,0.352187,0.220522,-0.316133
0.960000,-0.389047,0.060688,-0.381335,0.346791,0.220029,-0.314244
0.970000,-0.386525,0.060383,-0.378874,0.341396,0.219537,-0.312370
0.980000,-0.384026,0.060079,-0.376436,0.336002,0.219046,-0.310511
0.990000,-0.381552,0.059778,-0.374021,0.330611,0.218556,-0.308666
1.000000,-0.379100,0.059477,-0.371628,0.325222,0.218068,-0.306836
1.010000,-0.376671,0.059179,-0.369258,0.319834,0.217581,-0.305020
1.020000,-0.374264,0.058881,-0.366909,0.314449,0.217095,-0.303218
1.030000,-0.371880,0.058586,-0.364581,0.309067,0.216611,-0.301430
1.040000,-0.369517,0.058292,-0.362274,0.303687,0.216128,-0.299656
1.050000,-0.367175,0.057999,-0.359988,0.298310,0.215646,-0.297895
1.060000,-0.364855,0.057708,-0.357722,0.292935,0.215166,-0.296148
1.070000,-0.362555,0.057418,-0.355477,0.287564,0.214687,-0.294414
1.080000,-0.360276,0.057130,-0.353251,0.282196,0.214209,-0.292694
1.090000,-0.358017,0.056843,-0.351045,0.276831,0.213733,-0.290986
1.100000,-0.355778,0.056558,-0.348858,0.271469,0.213257,-0.289291
1.110000,-0.353558,0.056274,-0.346690,0.266111,0.212783,-0.287609
1.120000,-0.351358,0.055991,-0.344541,0.260757,0.212311,-0.285939
1.130000,-0.349177,0.055710,-0.342411,0.255406,0.211839,-0.284282
1.140000,-0.347015,0.055431,-0.340298,0.250060,0.211369,-0.282637
1.150000,-0.344871,0.055153,-0.338204,0.244717,0.210900,-0.281004
1.160000,-0.342746,0.054876,-0.336127,0.239379,0.210432,-0.279383
1.170000,-0.340638,0.054601,-0.334068,0.234045,0.209966,-0.277774
1.180000,-0.338549,0.054327,-0.332026,0.228715,0.209500,-0.276176
1.190000,-0.336477,0.054054,-0.330001,0.223390,0.209036,-0.274591
1.200000,-0.334422,0.053783,-0.327993,0.218070,0.208574,-0.273016
1.210000,-0.332385,0.053513,-0.326002,0.212755,0.208112,-0.271453
1.220000,-0.330364,0.053245,-0.324027,0.207445,0.207652,-0.269902
1.230000,-0.328360,0.052978,-0.322068,0.202140,0.207192,-0.268361
1.240000,-0.326372,0.052712,-0.320125,0.196840,0.206735,-0.266832
1.250000,-0.324401,0.052448,-0.318198,0.191545,0.206278,-0.265313
1.260000,-0.322445,0.052185,-0.316286,0.186257,0.205822,-0.263805
1.270000,-0.320506,0.051923,-0.314390,0.180973,0.205368,-0.262308
1.280000,-0.318582,0.051663,-0.312508,0.175696,0.204915,-0.260821
1.290000,-0.316673,0.051404,-0.310642,0.170425,0.204463,-0.259344
1.300000,-0.314780,0.051146,-0.308791,0.165159,0.204012,-0.257878
1.310000,-0.312901,0.050889,-0.306954,0.159900,0.203562,-0.256423
1.320000,-0.311038,0.050634,-0.305131,0.154647,0.203114,-0.254977
1.330000,-0.309189,0.050380,-0.303323,0.149401,0.202667,-0.253541
1.340000,-0.307355,0.050128,-0.301529,0.144161,0.202221,-0.252116
1.350000,-0.305535,0.049877,-0.299749,0.138928,0.201776,-0.250700
1.360000,-0.303729,0.049627,-0.297983,0.133702,0.201332,-0.249293
1.370000,-0.301937,0.049378,-0.296230,0.128483,0.200889,-0.247897
1.380000,-0.300159,0.049130,-0.294490,0.123270,0.200448,-0.246510
1.390000,-0.298395,0.048884,-0.292764,0.118065,0.200008,-0.245132
1.400000,-0.296644,0.048639,-0.291051,0.112868,0.199568,-0.243764
1.410000,-0.294906,0.048396,-0.289351,0.107678,0.199130,-0.242405
1.420000,-0.293182,0.048153,-0.287664,0.102495,0.198693,-0.241055
1.430000,-0.291470,0.047912,-0.285989,0.097320,0.198258,-0.239714
1.440000,-0.289772,0.047672,-0.284327,0.092153,0.197823,-0.238382
1.450000,-0.288086,0.047433,-0.282677,0.086994,0.197389,-0.237059
1.460000,-0.286412,0.047195,-0.281040,0.081843,0.196957,-0.235745
1.470000,-0.284752,0.046959,-0.279414,0.076700,0.196526,-0.234440
1.480000,-0.283103,0.046724,-0.277801,0.071566,0.196095,-0.233143
1.490000,-0.281467,0.046490,-0.276199,0.066439,0.195666,-0.231855
1.500000,-0.279842,0.046257,-0.274610,0.061322,0.195238,-0.230575
1.510000,-0.278230,0.046025,-0.273031,0.056213,0.194811,-0.229304
1.520000,-0.276629,0.045795,-0.271464,0.051113,0.194386,-0.228041
1.530000,-0.275040,0.045565,-0.269909,0.046022,0.193961,-0.226786
1.540000,-0.273463,0.045337,-0.268364,0.040939,0.193537,-0.225540
1.550000,-0.271897,0.045110,-0.266831,0.035866,0.193115,-0.224301
1.560000,-0.270342,0.044884,-0.265309,0.030802,0.192693,-0.223071
1.570000,-0.268798,0.044659,-0.263798,0.025748,0.192273,-0.221849
1.580000,-0.267265,0.044436,-0.262297,0.020703,0.191854,-0.220634
1.590000,-0.265743,0.044213,-0.260807,0.015667,0.191435,-0.219427
1.600000,-0.264232,0.043992,-0.259327,0.010641,0.191018,-0.218229
1.610000,-0.262732,0.043772,-0.257858,0.005625,0.190602,-0.217037
1.620000,-0.261242,0.043552,-0.256399,0.000619,0.190187,-0.215854
1.630000,-0.259763,0.043334,-0.254951,-0.004377,0.189773,-0.214678
1.640000,-0.258294,0.043117,-0.253512,-0.009363,0.189360,-0.213509
1.650000,-0.256835,0.042902,-0.252083,-0.014339,0.188948,-0.212348
1.660000,-0.255387,0.042687,-0.250665,-0.019305,0.188537,-0.211194
1.670000,-0.253948,0.042473,-0.249256,-0.024260,0.188127,-0.210047
1.680000,-0.252520,0.042261,-0.247857,-0.029205,0.187718,-0.208908
1.690000,-0.251101,0.042049,-0.246467,-0.034139,0.187310,-0.207776
1.700000,-0.249692,0.041839,-0.245087,-0.039062,0.186904,-0.206651
1.710000,-0.248293,0.041629,-0.243716,-0.043975,0.186498,-0.205533
1.720000,-0.246903,0.041421,-0.242355,-0.048877,0.186093,-0.204422
1.730000,-0.245523,0.041214,-0.241002,-0.053768,0.185689,-0.203318
1.740000,-0.244152,0.041007,-0.239659,-0.058647,0.185287,-0.202221
1.750000,-0.242790,0.040802,-0.238325,-0.063516,0.184885,-0.201130
1.760000,-0.241438,0.040598,-0.237000,-0.068373,0.184484,-0.200047
1.770000,-0.240094,0.040395,-0.235684,-0.073219,0.184085,-0.198970
1.780000,-0.238760,0.040193,-0.234377,-0.078053,0.183686,-0.197899
1.790000,-0.237434,0.039992,-0.233078,-0.082876,0.183288,-0.196836
1.800000,-0.236118,0.039791,-0.231788,-0.087687,0.182892,-0.195778
1.810000,-0.234810,0.039592,-0.230506,-0.092487,0.182496,-0.194728
1.820000,-0.233511,0.039394,-0.229233,-0.097275,0.182101,-0.193684
1.830000,-0.232220,0.039197,-0.227969,-0.102051,0.181707,-0.192646
1.840000,-0.230938,0.039001,-0.226712,-0.106814,0.181315,-0.191614
1.850000,-0.229664,0.038806,-0.225464,-0.111566,0.180923,-0.190589
1.860000,-0.228399,0.038612,-0.224224,-0.116306,0.180532,-0.189570
1.870000,-0.227142,0.038419,-0.222992,-0.121033,0.180142,-0.188557
1.880000,-0.225893,0.038227,-0.221768,-0.125749,0.179753,-0.187550
1.890000,-0.224653,0.038035,-0.220552,-0.130452,0.179365,-0.186549
1.900000,-0.223420,0.037845,-0.219344,-0.135142,0.178979,-0.185555
1.910000,-0.222195,0.037656,-0.218144,-0.139820,0.178593,-0.184566
1.920000,-0.220979,0.037468,-0.216951,-0.144485,0.178208,-0.183583
1.930000,-0.219770,0.037280,-0.215766,-0.149138,0.177823,-0.182606
1.940000,-0.218569,0.037094,-0.214589,-0.153777,0.177440,-0.181635
1.950000,-0.217375,0.036908,-0.213419,-0.158404,0.177058,-0.180670
1.960000,-0.216189,0.036724,-0.212257,-0.163019,0.176677,-0.179711
1.970000,-0.215011,0.036540,-0.211102,-0.167620,0.176297,-0.178757
1.980000,-0.213840,0.036357,-0.209954,-0.172208,0.175917,-0.177809
1.990000,-0.212677,0.036175,-0.208814,-0.176783,0.175539,-0.176866
2.000000,-0.211521,0.035994,-0.207680,-0.181345,0.175161,-0.175930
2.010000,-0.210373,0.035815,-0.206554,-0.185894,0.174785,-0.174998
2.020000,-0.209231,0.035635,-0.205435,-0.190429,0.174409,-0.174072
2.030000,-0.208097,0.035457,-0.204323,-0.194951,0.174034,-0.173152
2.040000,-0.206970,0.035280,-0.203218,-0.199460,0.173660,-0.172237
2.050000,-0.205850,0.035104,-0.202120,-0.203955,0.173287,-0.171327
2.060000,-0.204737,0.034928,-0.201029,-0.208437,0.172915,-0.170423
2.070000,-0.203631,0.034753,-0.199944,-0.212905,0.172544,-0.169524
2.080000,-0.202532,0.034580,-0.198867,-0.217359,0.172174,-0.168630
2.090000,-0.201440,0.034407,-0.197795,-0.221800,0.171805,-0.167742
2.100000,-0.200354,0.034235,-0.196731,-0.226227,0.171436,-0.166859
2.110000,-0.199275,0.034064,-0.195673,-0.230640,0.171069,-0.165980
2.120000,-0.198203,0.033893,-0.194622,-0.235040,0.170702,-0.165107
2.130000,-0.197137,0.033724,-0.193577,-0.239425,0.170337,-0.164239
2.140000,-0.196078,0.033555,-0.192538,-0.243797,0.169972,-0.163376
2.150000,-0.195026,0.033388,-0.191506,-0.248154,0.169608,-0.162518
2.160000,-0.193980,0.033221,-0.190480,-0.252498,0.169245,-0.161665
2.170000,-0.192940,0.033055,-0.189460,-0.256827,0.168883,-0.160817
2.180000,-0.191907,0.032889,-0.188447,-0.261142,0.168521,-0.159974
2.190000,-0.190880,0.032725,-0.187440,-0.265444,0.168161,-0.159136
2.200000,-0.189859,0.032562,-0.186438,-0.269730,0.167801,-0.158302
2.210000,-0.188844,0.032399,-0.185443,-0.274003,0.167443,-0.157473
2.220000,-0.187836,0.032237,-0.184454,-0.278261,0.167085,-0.156649
2.230000,-0.186833,0.032076,-0.183471,-0.282505,0.166728,-0.155830
2.240000,-0.185837,0.031915,-0.182493,-0.286735,0.166372,-0.155015
2.250000,-0.184846,0.031756,-0.181522,-0.290950,0.166017,-0.154205
2.260000,-0.183862,0.031597,-0.180556,-0.295151,0.165662,-0.153400
2.270000,-0.182884,0.031439,-0.179597,-0.299337,0.165309,-0.152599
2.280000,-0.181911,0.031282,-0.178642,-0.303509,0.164956,-0.151803
2.290000,-0.180944,0.031126,-0.177694,-0.307666,0.164604,-0.151011
2.300000,-0.179983,0.030970,-0.176751,-0.311809,0.164253,-0.150224
2.310000,-0.179028,0.030816,-0.175814,-0.315937,0.163903,-0.149441
2.320000,-0.178078,0.030662,-0.174882,-0.320050,0.163554,-0.148663
2.330000,-0.177134,0.030508,-0.173956,-0.324149,0.163205,-0.147889
2.340000,-0.176195,0.030356,-0.173036,-0.328232,0.162858,-0.147119
2.350000,-0.175262,0.030204,-0.172120,-0.332302,0.162511,-0.146354
2.360000,-0.174335,0.030053,-0.171211,-0.336356,0.162165,-0.145593
2.370000,-0.173413,0.029903,-0.170306,-0.340396,0.161820,-0.144836
2.380000,-0.172497,0.029754,-0.169407,-0.344421,0.161475,-0.144084
2.390000,-0.171585,0.029605,-0.168513,-0.348431,0.161132,-0.143335
2.400000,-0.170680,0.029457,-0.167624,-0.352426,0.160789,-0.142591
2.410000,-0.169779,0.029310,-0.166741,-0.356407,0.160447,-0.141851
2.420000,-0.168884,0.029164,-0.165862,-0.360372,0.160106,-0.141116
2.430000,-0.167994,0.029018,-0.164989,-0.364323,0.159766,-0.140384
2.440000,-0.167109,0.028873,-0.164121,-0.368258,0.159427,-0.139657
2.450000,-0.166230,0.028729,-0.163258,-0.372179,0.159088,-0.138933
2.460000,-0.165355,0.028585,-0.162400,-0.376085,0.158750,-0.138214
2.470000,-0.164486,0.028442,-0.161547,-0.379976,0.158413,-0.137498
2.480000,-0.163621,0.028300,-0.160699,-0.383852,0.158077,-0.136787
2.490000,-0.162762,0.028159,-0.159855,-0.387713,0.157742,-0.136079
2.500000,-0.161907,0.028018,-0.159017,-0.391559,0.157407,-0.135375
2.510000,-0.161058,0.027878,-0.158183,-0.395390,0.157073,-0.134676
2.520000,-0.160213,0.027739,-0.157354,-0.399206,0.156740,-0.133980
2.530000,-0.159373,0.027600,-0.156530,-0.403007,0.156408,-0.133288
2.540000,-0.158538,0.027463,-0.155711,-0.406793,0.156076,-0.132599
2.550000,-0.157708,0.027325,-0.154896,-0.410563,0.155746,-0.131915
2.560000,-0.156883,0.027189,-0.154086,-0.414319,0.155416,-0.131234
2.570000,-0.156062,0.027053,-0.153281,-0.418060,0.155087,-0.130558
2.580000,-0.155246,0.026918,-0.152480,-0.421786,0.154758,-0.129884
2.590000,-0.154435,0.026784,-0.151684,-0.425497,0.154431,-0.129215
2.600000,-0.153628,0.026650,-0.150892,-0.429192,0.154104,-0.128549
2.610000,-0.152826,0.026517,-0.150105,-0.432873,0.153778,-0.127887
2.620000,-0.152029,0.026384,-0.149322,-0.436538,0.153452,-0.127228
2.630000,-0.151236,0.026252,-0.148544,-0.440189,0.153128,-0.126573
2.640000,-0.150447,0.026121,-0.147770,-0.443824,0.152804,-0.125922
2.650000,-0.149663,0.025991,-0.147001,-0.447445,0.152481,-0.125274
2.660000,-0.148883,0.025861,-0.146235,-0.451050,0.152159,-0.124630
2.670000,-0.148108,0.025732,-0.145475,-0.454640,0.151837,-0.123989
2.680000,-0.147337,0.025603,-0.144718,-0.458216,0.151517,-0.123352
2.690000,-0.146571,0.025476,-0.143966,-0.461776,0.151197,-0.122718
2.700000,-0.145809,0.025348,-0.143218,-0.465321,0.150877,-0.122088
2.710000,-0.145051,0.025222,-0.142474,-0.468851,0.150559,-0.121461
2.720000,-0.144297,0.025096,-0.141734,-0.472367,0.150241,-0.120837
2.730000,-0.143548,0.024971,-0.140998,-0.475867,0.149924,-0.120217
2.740000,-0.142802,0.024846,-0.140267,-0.479352,0.149608,-0.119600
2.750000,-0.142061,0.024722,-0.139539,-0.482822,0.149292,-0.118987
2.760000,-0.141324,0.024598,-0.138816,-0.486278,0.148978,-0.118377
2.770000,-0.140592,0.024475,-0.138097,-0.489718,0.148664,-0.117770
2.780000,-0.139863,0.024353,-0.137382,-0.493144,0.148350,-0.117166
2.790000,-0.139138,0.024232,-0.136670,-0.496554,0.148038,-0.116566
2.800000,-0.138418,0.024111,-0.135963,-0.499950,0.147726,-0.115969
2.810000,-0.137701,0.023990,-0.135259,-0.503330,0.147415,-0.115375
2.820000,-0.136988,0.023870,-0.134560,-0.506696,0.147104,-0.114785
2.830000,-0.136280,0.023751,-0.133864,-0.510047,0.146794,-0.114197
2.840000,-0.135575,0.023633,-0.133172,-0.513383,0.146485,-0.113613
2.850000,-0.134874,0.023515,-0.132484,-0.516704,0.146177,-0.113032
2.860000,-0.134177,0.023397,-0.131800,-0.520011,0.145870,-0.112454
2.870000,-0.133484,0.023280,-0.131120,-0.523303,0.145563,-0.111879
2.880000,-0.132795,0.023164,-0.130443,-0.526579,0.145257,-0.111307
2.890000,-0.132109,0.023049,-0.129770,-0.529842,0.144951,-0.110738
2.900000,-0.131428,0.022933,-0.129101,-0.533089,0.144646,-0.110172
2.910000,-0.130750,0.022819,-0.128435,-0.536322,0.144342,-0.109610
2.920000,-0.130075,0.022705,-0.127773,-0.539540,0.144039,-0.109050
2.930000,-0.129405,0.022592,-0.127115,-0.542743,0.143737,-0.108493
2.940000,-0.128738,0.022479,-0.126460,-0.545932,0.143435,-0.107939
2.950000,-0.128075,0.022367,-0.125809,-0.549106,0.143133,-0.107389
2.960000,-0.127415,0.022255,-0.125162,-0.552265,0.142833,-0.106841
2.970000,-0.126759,0.022144,-0.124518,-0.555410,0.142533,-0.106296
2.980000,-0.126107,0.022033,-0.123877,-0.558540,0.142234,-0.105754
2.990000,-0.125458,0.021923,-0.123240,-0.561656,0.141935,-0.105215
3.000000,-0.124813,0.021814,-0.122607,-0.564757,0.141638,-0.104678
3.010000,-0.124171,0.021705,-0.121977,-0.567844,0.141341,-0.104145
3.020000,-0.123533,0.021597,-0.121350,-0.570917,0.141044,-0.103614
3.030000,-0.122898,0.021489,-0.120727,-0.573975,0.140748,-0.103086
3.040000,-0.122267,0.021382,-0.120107,-0.577018,0.140453,-0.102561
3.050000,-0.121639,0.021275,-0.119490,-0.580048,0.140159,-0.102039
3.060000,-0.121014,0.021169,-0.118877,-0.583062,0.139865,-0.101520
3.070000,-0.120393,0.021063,-0.118267,-0.586063,0.139572,-0.101003
3.080000,-0.119775,0.020958,-0.117661,-0.589049,0.139280,-0.100489
3.090000,-0.119161,0.020853,-0.117058,-0.592022,0.138988,-0.099978
3.100000,-0.118550,0.020749,-0.116458,-0.594980,0.138697,-0.099469
3.110000,-0.117942,0.020646,-0.115861,-0.597923,0.138407,-0.098964
3.120000,-0.117338,0.020542,-0.115267,-0.600853,0.138117,-0.098460
3.130000,-0.116736,0.020440,-0.114677,-0.603768,0.137828,-0.097960
3.140000,-0.116139,0.020338,-0.114090,-0.606670,0.137540,-0.097462
3.150000,-0.115544,0.020236,-0.113506,-0.609557,0.137252,-0.096967
3.160000,-0.114952,0.020135,-0.112925,-0.612431,0.136965,-0.096474
3.170000,-0.114364,0.020035,-0.112347,-0.615290,0.136678,-0.095984
3.180000,-0.113779,0.019935,-0.111773,-0.618136,0.136393,-0.095497
3.190000,-0.113197,0.019835,-0.111201,-0.620967,0.136108,-0.095012
3.200000,-0.112618,0.019736,-0.110633,-0.623785,0.135823,-0.094529
3.210000,-0.112042,0.019638,-0.110067,-0.626589,0.135539,-0.094049
3.220000,-0.111469,0.019540,-0.109505,-0.629379,0.135256,-0.093572
3.230000,-0.110899,0.019442,-0.108945,-0.632155,0.134974,-0.093097
3.240000,-0.110333,0.019345,-0.108389,-0.634918,0.134692,-0.092625
3.250000,-0.109769,0.019249,-0.107836,-0.637667,0.134411,-0.092155
3.260000,-0.109209,0.019153,-0.107285,-0.640402,0.134130,-0.091688
3.270000,-0.108651,0.019057,-0.106738,-0.643124,0.133850,-0.091223
3.280000,-0.108097,0.018962,-0.106193,-0.645832,0.133571,-0.090760
3.290000,-0.107545,0.018867,-0.105651,-0.648526,0.133292,-0.090300
3.300000,-0.106996,0.018773,-0.105113,-0.651208,0.133014,-0.089843
3.310000,-0.106450,0.018679,-0.104577,-0.653875,0.132736,-0.089387
3.320000,-0.105908,0.018586,-0.104043,-0.656529,0.132460,-0.088934
3.330000,-0.105368,0.018493,-0.103513,-0.659170,0.132183,-0.088484
3.340000,-0.104830,0.018401,-0.102986,-0.661798,0.131908,-0.088036
3.350000,-0.104296,0.018309,-0.102461,-0.664412,0.131633,-0.087590
3.360000,-0.103765,0.018218,-0.101939,-0.667013,0.131359,-0.087146
3.370000,-0.103236,0.018127,-0.101420,-0.669601,0.131085,-0.086705
3.380000,-0.102710,0.018037,-0.100904,-0.672175,0.130812,-0.086266
3.390000,-0.102187,0.017946,-0.100390,-0.674737,0.130539,-0.085830
3.400000,-0.101667,0.017857,-0.099879,-0.677285,0.130267,-0.085395
3.410000,-0.101150,0.017768,-0.099371,-0.679820,0.129996,-0.084963
3.420000,-0.100635,0.017679,-0.098866,-0.682343,0.129725,-0.084534
3.430000,-0.100123,0.017591,-0.098363,-0.684852,0.129455,-0.084106
3.440000,-0.099614,0.017503,-0.097863,-0.687348,0.129186,-0.083681
3.450000,-0.099107,0.017416,-0.097365,-0.689832,0.128917,-0.083257
3.460000,-0.098603,0.017329,-0.096870,-0.692302,0.128649,-0.082836
3.470000,-0.098102,0.017242,-0.096378,-0.694760,0.128381,-0.082418
3.480000,-0.097603,0.017156,-0.095888,-0.697206,0.128114,-0.082001
3.490000,-0.097107,0.017071,-0.095401,-0.699638,0.127848,-0.081587
3.500000,-0.096614,0.016986,-0.094916,-0.702058,0.127582,-0.081174
3.510000,-0.096123,0.016901,-0.094434,-0.704465,0.127317,-0.080764
3.520000,-0.095635,0.016816,-0.093955,-0.706859,0.127052,-0.080356
3.530000,-0.095149,0.016732,-0.093478,-0.709242,0.126788,-0.079950
3.540000,-0.094666,0.016649,-0.093004,-0.711611,0.126525,-0.079546
3.550000,-0.094186,0.016566,-0.092532,-0.713968,0.126262,-0.079145
3.560000,-0.093708,0.016483,-0.092062,-0.716313,0.126000,-0.078745
3.570000,-0.093232,0.016401,-0.091595,-0.718645,0.125738,-0.078347
3.580000,-0.092759,0.016319,-0.091130,-0.720965,0.125477,-0.077952
3.590000,-0.092288,0.016238,-0.090668,-0.723273,0.125216,-0.077558
3.600000,-0.091820,0.016157,-0.090209,-0.725569,0.124956,-0.077167
3.610000,-0.091355,0.016076,-0.089751,-0.727852,0.124697,-0.076778
3.620000,-0.090892,0.015996,-0.089296,-0.730123,0.124438,-0.076390
3.630000,-0.090431,0.015916,-0.088844,-0.732383,0.124180,-0.076005
3.640000,-0.089973,0.015837,-0.088394,-0.734630,0.123923,-0.075621
3.650000,-0.089517,0.015758,-0.087946,-0.736865,0.123665,-0.075240
3.660000,-0.089063,0.015679,-0.087500,-0.739088,0.123409,-0.074860
3.670000,-0.088612,0.015601,-0.087057,-0.741299,0.123153,-0.074483
3.680000,-0.088163,0.015523,-0.086616,-0.743499,0.122898,-0.074107
3.690000,-0.087716,0.015445,-0.086178,-0.745686,0.122643,-0.073734
3.700000,-0.087272,0.015368,-0.085742,-0.747862,0.122389,-0.073362
3.710000,-0.086830,0.015292,-0.085308,-0.750026,0.122135,-0.072992
3.720000,-0.086391,0.015215,-0.084876,-0.752179,0.121882,-0.072624
3.730000,-0.085954,0.015139,-0.084446,-0.754320,0.121630,-0.072258
3.740000,-0.085519,0.015064,-0.084019,-0.756449,0.121378,-0.071894
3.750000,-0.085086,0.014989,-0.083594,-0.758567,0.121126,-0.071532
3.760000,-0.084655,0.014914,-0.083171,-0.760673,0.120875,-0.071172
3.770000,-0.084227,0.014839,-0.082751,-0.762768,0.120625,-0.070813
3.780000,-0.083801,0.014765,-0.082332,-0.764851,0.120375,-0.070456
3.790000,-0.083377,0.014692,-0.081916,-0.766923,0.120126,-0.070101
3.800000,-0.082956,0.014618,-0.081502,-0.768984,0.119878,-0.069748
3.810000,-0.082536,0.014546,-0.081090,-0.771033,0.119629,-0.069397
3.820000,-0.082119,0.014473,-0.080680,-0.773072,0.119382,-0.069048
3.830000,-0.081704,0.014401,-0.080272,-0.775099,0.119135,-0.068700
3.840000,-0.081291,0.014329,-0.079867,-0.777115,0.118889,-0.068354
3.850000,-0.080881,0.014257,-0.079463,-0.779120,0.118643,-0.068010
3.860000,-0.080472,0.014186,-0.079062,-0.781114,0.118397,-0.067668
3.870000,-0.080065,0.014115,-0.078663,-0.783097,0.118153,-0.067327
3.880000,-0.079661,0.014045,-0.078265,-0.785069,0.117908,-0.066988
3.890000,-0.079259,0.013975,-0.077870,-0.787030,0.117665,-0.066651
3.900000,-0.078858,0.013905,-0.077477,-0.788980,0.117421,-0.066316
3.910000,-0.078460,0.013836,-0.077086,-0.790920,0.117179,-0.065982
3.920000,-0.078064,0.013767,-0.076697,-0.792848,0.116937,-0.065650
3.930000,-0.077670,0.013698,-0.076310,-0.794766,0.116695,-0.065320
3.940000,-0.077278,0.013630,-0.075925,-0.796674,0.116454,-0.064992
3.950000,-0.076888,0.013562,-0.075542,-0.798571,0.116213,-0.064665
3.960000,-0.076500,0.013494,-0.075161,-0.800457,0.115973,-0.064340
3.970000,-0.076114,0.013427,-0.074781,-0.802333,0.115734,-0.064016
3.980000,-0.075730,0.013360,-0.074404,-0.804198,0.115495,-0.063694
3.990000,-0.075348,0.013293,-0.074029,-0.806053,0.115257,-0.063374
4.000000,-0.074968,0.013227,-0.073656,-0.807897,0.115019,-0.063055
4.010000,-0.074590,0.013161,-0.073284,-0.809731,0.114781,-0.062738
4.020000,-0.074214,0.013095,-0.072915,-0.811555,0.114544,-0.062423
4.030000,-0.073840,0.013030,-0.072547,-0.813369,0.114308,-0.062109
4.040000,-0.073467,0.012965,-0.072182,-0.815172,0.114072,-0.061797
4.050000,-0.073097,0.012900,-0.071818,-0.816966,0.113837,-0.061487
4.060000,-0.072729,0.012836,-0.071456,-0.818749,0.113602,-0.061178
4.070000,-0.072362,0.012772,-0.071096,-0.820522,0.113368,-0.060870
4.080000,-0.071997,0.012708,-0.070738,-0.822285,0.113134,-0.060564
4.090000,-0.071635,0.012645,-0.070381,-0.824038,0.112901,-0.060260
4.100000,-0.071274,0.012582,-0.070027,-0.825782,0.112668,-0.059957
4.110000,-0.070915,0.012519,-0.069674,-0.827515,0.112436,-0.059656
4.120000,-0.070557,0.012456,-0.069323,-0.829239,0.112204,-0.059357
4.130000,-0.070202,0.012394,-0.068974,-0.830953,0.111973,-0.059058
4.140000,-0.069849,0.012332,-0.068627,-0.832657,0.111742,-0.058762
4.150000,-0.069497,0.012271,-0.068281,-0.834351,0.111512,-0.058467
4.160000,-0.069147,0.012210,-0.067937,-0.836036,0.111283,-0.058173
4.170000,-0.068799,0.012149,-0.067595,-0.837711,0.111053,-0.057881
4.180000,-0.068452,0.012088,-0.067255,-0.839377,0.110825,-0.057591
4.190000,-0.068108,0.012028,-0.066917,-0.841033,0.110597,-0.057301
4.200000,-0.067765,0.011968,-0.066580,-0.842679,0.110369,-0.057014
4.210000,-0.067424,0.011908,-0.066245,-0.844317,0.110142,-0.056728
4.220000,-0.067085,0.011849,-0.065911,-0.845945,0.109915,-0.056443
4.230000,-0.066747,0.011790,-0.065580,-0.847563,0.109689,-0.056160
4.240000,-0.066411,0.011731,-0.065250,-0.849173,0.109463,-0.055878
4.250000,-0.066077,0.011672,-0.064922,-0.850773,0.109238,-0.055597
4.260000,-0.065745,0.011614,-0.064595,-0.852363,0.109013,-0.055318
4.270000,-0.065414,0.011556,-0.064270,-0.853945,0.108789,-0.055041
4.280000,-0.065085,0.011498,-0.063947,-0.855518,0.108565,-0.054765
4.290000,-0.064758,0.011441,-0.063625,-0.857081,0.108342,-0.054490
4.300000,-0.064432,0.011384,-0.063306,-0.858636,0.108119,-0.054216
4.310000,-0.064108,0.011327,-0.062987,-0.860182,0.107897,-0.053944
4.320000,-0.063786,0.011271,-0.062671,-0.861718,0.107675,-0.053674
4.330000,-0.063465,0.011214,-0.062356,-0.863246,0.107454,-0.053405
4.340000,-0.063146,0.011158,-0.062042,-0.864765,0.107233,-0.053137
4.350000,-0.062828,0.011103,-0.061730,-0.866275,0.107012,-0.052870
4.360000,-0.062513,0.011047,-0.061420,-0.867777,0.106792,-0.052605
4.370000,-0.062198,0.010992,-0.061111,-0.869269,0.106573,-0.052341
4.380000,-0.061886,0.010937,-0.060804,-0.870753,0.106354,-0.052079
4.390000,-0.061575,0.010883,-0.060499,-0.872229,0.106136,-0.051818
4.400000,-0.061265,0.010829,-0.060195,-0.873696,0.105918,-0.051558
4.410000,-0.060957,0.010775,-0.059892,-0.875154,0.105700,-0.051299
4.420000,-0.060651,0.010721,-0.059591,-0.876604,0.105483,-0.051042
4.430000,-0.060346,0.010667,-0.059292,-0.878045,0.105266,-0.050786
4.440000,-0.060043,0.010614,-0.058994,-0.879478,0.105050,-0.050532
4.450000,-0.059742,0.010561,-0.058698,-0.880903,0.104835,-0.050278
4.460000,-0.059442,0.010508,-0.058403,-0.882319,0.104619,-0.050026
4.470000,-0.059143,0.010456,-0.058110,-0.883727,0.104405,-0.049776
4.480000,-0.058846,0.010404,-0.057818,-0.885127,0.104190,-0.049526
4.490000,-0.058551,0.010352,-0.057528,-0.886519,0.103977,-0.049278
4.500000,-0.058257,0.010300,-0.057239,-0.887902,0.103763,-0.049031
4.510000,-0.057964,0.010249,-0.056952,-0.889278,0.103550,-0.048785
4.520000,-0.057673,0.010198,-0.056666,-0.890645,0.103338,-0.048541
4.530000,-0.057383,0.010147,-0.056381,-0.892004,0.103126,-0.048298
4.540000,-0.057095,0.010096,-0.056098,-0.893355,0.102915,-0.048056
4.550000,-0.056809,0.010046,-0.055817,-0.894699,0.102703,-0.047815
4.560000,-0.056524,0.009996,-0.055536,-0.896034,0.102493,-0.047575
4.570000,-0.056240,0.009946,-0.055258,-0.897362,0.102283,-0.047337
4.580000,-0.055958,0.009896,-0.054980,-0.898681,0.102073,-0.047100
4.590000,-0.055677,0.009847,-0.054705,-0.899993,0.101864,-0.046864
4.600000,-0.055397,0.009798,-0.054430,-0.901298,0.101655,-0.046629
4.610000,-0.055119,0.009749,-0.054157,-0.902594,0.101447,-0.046395
4.620000,-0.054843,0.009700,-0.053885,-0.903883,0.101239,-0.046163
4.630000,-0.054568,0.009652,-0.053615,-0.905164,0.101031,-0.045932
4.640000,-0.054294,0.009604,-0.053346,-0.906438,0.100824,-0.045702
4.650000,-0.054022,0.009556,-0.053078,-0.907704,0.100618,-0.045473
4.660000,-0.053751,0.009508,-0.052812,-0.908963,0.100412,-0.045245
4.670000,-0.053481,0.009461,-0.052547,-0.910214,0.100206,-0.045019
4.680000,-0.053213,0.009414,-0.052284,-0.911458,0.100001,-0.044793
4.690000,-0.052946,0.009367,-0.052022,-0.912694,0.099796,-0.044569
4.700000,-0.052680,0.009320,-0.051761,-0.913923,0.099592,-0.044346
4.710000,-0.052416,0.009273,-0.051501,-0.915145,0.099388,-0.044124
4.720000,-0.052153,0.009227,-0.051243,-0.916359,0.099184,-0.043903
4.730000,-0.051892,0.009181,-0.050986,-0.917566,0.098981,-0.043683
4.740000,-0.051632,0.009135,-0.050730,-0.918767,0.098779,-0.043464
4.750000,-0.051373,0.009090,-0.050476,-0.919959,0.098577,-0.043247
4.760000,-0.051115,0.009044,-0.050223,-0.921145,0.098375,-0.043030
4.770000,-0.050859,0.008999,-0.049971,-0.922324,0.098174,-0.042815
4.780000,-0.050604,0.008954,-0.049721,-0.923496,0.097973,-0.042600
4.790000,-0.050350,0.008910,-0.049471,-0.924660,0.097772,-0.042387
4.800000,-0.050098,0.008865,-0.049223,-0.925818,0.097572,-0.042175
4.810000,-0.049847,0.008821,-0.048977,-0.926969,0.097373,-0.041964
4.820000,-0.049597,0.008777,-0.048731,-0.928113,0.097174,-0.041754
4.830000,-0.049348,0.008733,-0.048487,-0.929250,0.096975,-0.041545
4.840000,-0.049101,0.008690,-0.048244,-0.930380,0.096777,-0.041337
4.850000,-0.048855,0.008646,-0.048002,-0.931504,0.096579,-0.041130
4.860000,-0.048610,0.008603,-0.047762,-0.932620,0.096381,-0.040924
4.870000,-0.048367,0.008560,-0.047523,-0.933731,0.096184,-0.040720
4.880000,-0.048124,0.008518,-0.047284,-0.934834,0.095988,-0.040516
4.890000,-0.047883,0.008475,-0.047048,-0.935931,0.095792,-0.040313
4.900000,-0.047643,0.008433,-0.046812,-0.937021,0.095596,-0.040111
4.910000,-0.047404,0.008391,-0.046577,-0.938105,0.095401,-0.039911
4.920000,-0.047167,0.008349,-0.046344,-0.939182,0.095206,-0.039711
4.930000,-0.046931,0.008307,-0.046112,-0.940252,0.095011,-0.039512
4.940000,-0.046696,0.008266,-0.045881,-0.941317,0.094817,-0.039315
4.950000,-0.046462,0.008225,-0.045651,-0.942374,0.094623,-0.039118
4.960000,-0.046229,0.008184,-0.045422,-0.943426,0.094430,-0.038922
4.970000,-0.045997,0.008143,-0.045195,-0.944471,0.094237,-0.038728
4.980000,-0.045767,0.008102,-0.044969,-0.945510,0.094045,-0.038534
4.990000,-0.045538,0.008062,-0.044743,-0.946542,0.093853,-0.038341
5.000000,-0.045310,0.008022,-0.044519,-0.947568,0.093661,-0.038149
5.010000,-0.045083,0.007982,-0.044296,-0.948588,0.093470,-0.037958
5.020000,-0.044857,0.007942,-0.044075,-0.949602,0.093279,-0.037769
5.030000,-0.044632,0.007902,-0.043854,-0.950610,0.093089,-0.037580
5.040000,-0.044409,0.007863,-0.043634,-0.951612,0.092899,-0.037392
5.050000,-0.044187,0.007824,-0.043416,-0.952607,0.092709,-0.037205
5.060000,-0.043965,0.007784,-0.043199,-0.953597,0.092520,-0.037019
5.070000,-0.043745,0.007746,-0.042982,-0.954580,0.092331,-0.036833
5.080000,-0.043526,0.007707,-0.042767,-0.955558,0.092143,-0.036649
5.090000,-0.043308,0.007669,-0.042553,-0.956530,0.091955,-0.036466
5.100000,-0.043092,0.007630,-0.042340,-0.957496,0.091767,-0.036284
5.110000,-0.042876,0.007592,-0.042128,-0.958456,0.091580,-0.036102
5.120000,-0.042661,0.007554,-0.041917,-0.959410,0.091393,-0.035922
5.130000,-0.042448,0.007517,-0.041707,-0.960358,0.091207,-0.035742
5.140000,-0.042235,0.007479,-0.041499,-0.961300,0.091021,-0.035563
5.150000,-0.042024,0.007442,-0.041291,-0.962237,0.090835,-0.035386
5.160000,-0.041813,0.007405,-0.041084,-0.963168,0.090650,-0.035209
5.170000,-0.041604,0.007368,-0.040879,-0.964094,0.090465,-0.035033
5.180000,-0.041396,0.007331,-0.040674,-0.965014,0.090281,-0.034857
5.190000,-0.041189,0.007295,-0.040471,-0.965928,0.090097,-0.034683
5.200000,-0.040983,0.007258,-0.040268,-0.966836,0.089913,-0.034510
5.210000,-0.040778,0.007222,-0.040067,-0.967740,0.089730,-0.034337
5.220000,-0.040574,0.007186,-0.039866,-0.968637,0.089547,-0.034166
5.230000,-0.040371,0.007150,-0.039667,-0.969529,0.089364,-0.033995
5.240000,-0.040169,0.007114,-0.039468,-0.970416,0.089182,-0.033825
5.250000,-0.039968,0.007079,-0.039271,-0.971297,0.089000,-0.033656
5.260000,-0.039768,0.007044,-0.039074,-0.972173,0.088819,-0.033488
5.270000,-0.039569,0.007008,-0.038879,-0.973044,0.088638,-0.033320
5.280000,-0.039371,0.006974,-0.038684,-0.973909,0.088458,-0.033154
5.290000,-0.039174,0.006939,-0.038491,-0.974769,0.088277,-0.032988
5.300000,-0.038978,0.006904,-0.038298,-0.975623,0.088098,-0.032823
5.310000,-0.038783,0.006870,-0.038107,-0.976473,0.087918,-0.032659
5.320000,-0.038589,0.006835,-0.037916,-0.977317,0.087739,-0.032496
5.330000,-0.038396,0.006801,-0.037726,-0.978156,0.087561,-0.032333
5.340000,-0.038204,0.006767,-0.037538,-0.978990,0.087382,-0.032172
5.350000,-0.038013,0.006734,-0.037350,-0.979819,0.087204,-0.032011
5.360000,-0.037822,0.006700,-0.037163,-0.980642,0.087027,-0.031851
5.370000,-0.037633,0.006667,-0.036977,-0.981461,0.086850,-0.031692
5.380000,-0.037445,0.006633,-0.036792,-0.982275,0.086673,-0.031533
5.390000,-0.037258,0.006600,-0.036608,-0.983083,0.086496,-0.031376
5.400000,-0.037071,0.006567,-0.036425,-0.983887,0.086320,-0.031219
5.410000,-0.036886,0.006535,-0.036243,-0.984685,0.086145,-0.031063
5.420000,-0.036702,0.006502,-0.036062,-0.985479,0.085969,-0.030908
5.430000,-0.036518,0.006470,-0.035881,-0.986268,0.085794,-0.030753
5.440000,-0.036335,0.006437,-0.035702,-0.987052,0.085620,-0.030600
5.450000,-0.036154,0.006405,-0.035523,-0.987832,0.085446,-0.030447
5.460000,-0.035973,0.006373,-0.035346,-0.988606,0.085272,-0.030295
5.470000,-0.035793,0.006341,-0.035169,-0.989376,0.085098,-0.030143
5.480000,-0.035614,0.006310,-0.034993,-0.990141,0.084925,-0.029993
5.490000,-0.035436,0.006278,-0.034818,-0.990901,0.084753,-0.029843
5.500000,-0.035259,0.006247,-0.034644,-0.991656,0.084580,-0.029694
5.510000,-0.035083,0.006216,-0.034471,-0.992407,0.084408,-0.029545
5.520000,-0.034907,0.006185,-0.034299,-0.993154,0.084237,-0.029398
5.530000,-0.034733,0.006154,-0.034127,-0.993895,0.084065,-0.029251
5.540000,-0.034559,0.006123,-0.033957,-0.994632,0.083894,-0.029105
5.550000,-0.034386,0.006093,-0.033787,-0.995365,0.083724,-0.028959
5.560000,-0.034214,0.006062,-0.033618,-0.996093,0.083554,-0.028815
5.570000,-0.034043,0.006032,-0.033450,-0.996816,0.083384,-0.028671
5.580000,-0.033873,0.006002,-0.033283,-0.997535,0.083214,-0.028527
5.590000,-0.033704,0.005972,-0.033116,-0.998250,0.083045,-0.028385
5.600000,-0.033535,0.005942,-0.032951,-0.998960,0.082876,-0.028243
5.610000,-0.033368,0.005913,-0.032786,-0.999666,0.082708,-0.028102
5.620000,-0.033201,0.005883,-0.032622,-1.000367,0.082540,-0.027962
5.630000,-0.033035,0.005854,-0.032459,-1.001064,0.082372,-0.027822
5.640000,-0.032870,0.005825,-0.032297,-1.001757,0.082205,-0.027683
5.650000,-0.032705,0.005796,-0.032135,-1.002446,0.082038,-0.027545
5.660000,-0.032542,0.005767,-0.031975,-1.003130,0.081871,-0.027407
5.670000,-0.032379,0.005738,-0.031815,-1.003810,0.081705,-0.027270
5.680000,-0.032218,0.005709,-0.031656,-1.004485,0.081539,-0.027134
5.690000,-0.032057,0.005681,-0.031498,-1.005157,0.081373,-0.026998
5.700000,-0.031896,0.005653,-0.031340,-1.005824,0.081208,-0.026864
5.710000,-0.031737,0.005624,-0.031184,-1.006488,0.081043,-0.026729
5.720000,-0.031578,0.005596,-0.031028,-1.007147,0.080879,-0.026596
5.730000,-0.031420,0.005568,-0.030873,-1.007802,0.080714,-0.026463
5.740000,-0.031263,0.005541,-0.030719,-1.008453,0.080550,-0.026331
5.750000,-0.031107,0.005513,-0.030565,-1.009100,0.080387,-0.026199
5.760000,-0.030952,0.005485,-0.030412,-1.009743,0.080224,-0.026069
5.770000,-0.030797,0.005458,-0.030260,-1.010381,0.080061,-0.025938
5.780000,-0.030643,0.005431,-0.030109,-1.011016,0.079898,-0.025809
5.790000,-0.030490,0.005404,-0.029959,-1.011647,0.079736,-0.025680
5.800000,-0.030338,0.005377,-0.029809,-1.012274,0.079574,-0.025552
5.810000,-0.030186,0.005350,-0.029660,-1.012898,0.079413,-0.025424
5.820000,-0.030035,0.005323,-0.029512,-1.013517,0.079252,-0.025297
5.830000,-0.029885,0.005297,-0.029365,-1.014132,0.079091,-0.025171
5.840000,-0.029736,0.005270,-0.029218,-1.014744,0.078930,-0.025045
5.850000,-0.029587,0.005244,-0.029072,-1.015352,0.078770,-0.024920
5.860000,-0.029440,0.005218,-0.028927,-1.015956,0.078610,-0.024796
5.870000,-0.029292,0.005192,-0.028782,-1.016556,0.078451,-0.024672
5.880000,-0.029146,0.005166,-0.028638,-1.017153,0.078292,-0.024549
5.890000,-0.029001,0.005140,-0.028495,-1.017745,0.078133,-0.024426
5.900000,-0.028856,0.005115,-0.028353,-1.018334,0.077975,-0.024304
5.910000,-0.028711,0.005089,-0.028211,-1.018920,0.077816,-0.024183
5.920000,-0.028568,0.005064,-0.028070,-1.019502,0.077659,-0.024062
5.930000,-0.028425,0.005038,-0.027930,-1.020080,0.077501,-0.023942
5.940000,-0.028283,0.005013,-0.027791,-1.020654,0.077344,-0.023822
5.950000,-0.028142,0.004988,-0.027652,-1.021225,0.077187,-0.023703
5.960000,-0.028001,0.004963,-0.027514,-1.021793,0.077031,-0.023585
5.970000,-0.027862,0.004939,-0.027376,-1.022356,0.076874,-0.023467
5.980000,-0.027722,0.004914,-0.027239,-1.022917,0.076719,-0.023350
5.990000,-0.027584,0.004890,-0.027103,-1.023474,0.076563,-0.023233
6.000000,-0.027446,0.004865,-0.026968,-1.024027,0.076408,-0.023117
6.010000,-0.027309,0.004841,-0.026833,-1.024577,0.076253,-0.023002
6.020000,-0.027173,0.004817,-0.026699,-1.025123,0.076098,-0.022887
6.030000,-0.027037,0.004793,-0.026566,-1.025666,0.075944,-0.022773
6.040000,-0.026902,0.004769,-0.026433,-1.026206,0.075790,-0.022659
6.050000,-0.026768,0.004745,-0.026301,-1.026742,0.075637,-0.022546
6.060000,-0.026634,0.004721,-0.026170,-1.027275,0.075483,-0.022434
6.070000,-0.026501,0.004698,-0.026039,-1.027805,0.075330,-0.022322
6.080000,-0.026368,0.004674,-0.025909,-1.028331,0.075178,-0.022210
6.090000,-0.026237,0.004651,-0.025780,-1.028854,0.075025,-0.022099
6.100000,-0.026106,0.004628,-0.025651,-1.029373,0.074873,-0.021989
6.110000,-0.025975,0.004605,-0.025523,-1.029890,0.074722,-0.021879
6.120000,-0.025846,0.004582,-0.025395,-1.030403,0.074570,-0.021770
6.130000,-0.025717,0.004559,-0.025269,-1.030913,0.074419,-0.021661
6.140000,-0.025588,0.004536,-0.025142,-1.031420,0.074269,-0.021553
6.150000,-0.025460,0.004514,-0.025017,-1.031923,0.074118,-0.021445
6.160000,-0.025333,0.004491,-0.024892,-1.032424,0.073968,-0.021338
6.170000,-0.025207,0.004469,-0.024768,-1.032921,0.073818,-0.021232
6.180000,-0.025081,0.004446,-0.024644,-1.033415,0.073669,-0.021126
6.190000,-0.024956,0.004424,-0.024521,-1.033906,0.073520,-0.021020
6.200000,-0.024831,0.004402,-0.024398,-1.034394,0.073371,-0.020915
6.210000,-0.024707,0.004380,-0.024277,-1.034879,0.073222,-0.020811
6.220000,-0.024584,0.004358,-0.024155,-1.035361,0.073074,-0.020707
6.230000,-0.024461,0.004337,-0.024035,-1.035840,0.072926,-0.020604
6.240000,-0.024339,0.004315,-0.023915,-1.036316,0.072778,-0.020501
6.250000,-0.024217,0.004293,-0.023795,-1.036788,0.072631,-0.020399
6.260000,-0.024096,0.004272,-0.023676,-1.037258,0.072484,-0.020297
6.270000,-0.023976,0.004251,-0.023558,-1.037725,0.072337,-0.020196
6.280000,-0.023856,0.004230,-0.023441,-1.038189,0.072191,-0.020095
6.290000,-0.023737,0.004208,-0.023324,-1.038650,0.072045,-0.019994
6.300000,-0.023619,0.004187,-0.023207,-1.039109,0.071899,-0.019895
6.310000,-0.023501,0.004167,-0.023091,-1.039564,0.071753,-0.019795
6.320000,-0.023383,0.004146,-0.022976,-1.040016,0.071608,-0.019696
6.330000,-0.023267,0.004125,-0.022861,-1.040466,0.071463,-0.019598
6.340000,-0.023150,0.004105,-0.022747,-1.040913,0.071319,-0.019500
6.350000,-0.023035,0.004084,-0.022634,-1.041357,0.071174,-0.019403
6.360000,-0.022920,0.004064,-0.022521,-1.041798,0.071030,-0.019306
6.370000,-0.022805,0.004043,-0.022408,-1.042236,0.070887,-0.019210
6.380000,-0.022691,0.004023,-0.022296,-1.042672,0.070743,-0.019114
6.390000,-0.022578,0.004003,-0.022185,-1.043104,0.070600,-0.019019
6.400000,-0.022465,0.003983,-0.022074,-1.043535,0.070457,-0.018924
6.410000,-0.022353,0.003963,-0.021964,-1.043962,0.070315,-0.018829
6.420000,-0.022242,0.003944,-0.021854,-1.044387,0.070173,-0.018735
6.430000,-0.022131,0.003924,-0.021745,-1.044809,0.070031,-0.018642
6.440000,-0.022020,0.003904,-0.021637,-1.045228,0.069889,-0.018549
6.450000,-0.021910,0.003885,-0.021529,-1.045645,0.069748,-0.018456
6.460000,-0.021801,0.003865,-0.021421,-1.046059,0.069607,-0.018364
6.470000,-0.021692,0.003846,-0.021314,-1.046471,0.069466,-0.018272
6.480000,-0.021584,0.003827,-0.021208,-1.046879,0.069325,-0.018181
6.490000,-0.021476,0.003808,-0.021102,-1.047286,0.069185,-0.018090
6.500000,-0.021369,0.003789,-0.020997,-1.047690,0.069045,-0.018000
6.510000,-0.021262,0.003770,-0.020892,-1.048091,0.068906,-0.017910
6.520000,-0.021156,0.003751,-0.020787,-1.048489,0.068767,-0.017821
6.530000,-0.021050,0.003733,-0.020684,-1.048886,0.068628,-0.017732
6.540000,-0.020945,0.003714,-0.020580,-1.049279,0.068489,-0.017643
6.550000,-0.020841,0.003695,-0.020478,-1.049671,0.068350,-0.017555
6.560000,-0.020737,0.003677,-0.020375,-1.050059,0.068212,-0.017468
6.570000,-0.020633,0.003659,-0.020274,-1.050445,0.068074,-0.017381
6.580000,-0.020530,0.003640,-0.020173,-1.050829,0.067937,-0.017294
6.590000,-0.020428,0.003622,-0.020072,-1.051211,0.067799,-0.017208
6.600000,-0.020326,0.003604,-0.019972,-1.051590,0.067662,-0.017122
6.610000,-0.020224,0.003586,-0.019872,-1.051966,0.067526,-0.017036
6.620000,-0.020123,0.003568,-0.019773,-1.052340,0.067389,-0.016951
6.630000,-0.020023,0.003550,-0.019674,-1.052712,0.067253,-0.016867
6.640000,-0.019923,0.003533,-0.019576,-1.053082,0.067117,-0.016782
6.650000,-0.019823,0.003515,-0.019478,-1.053449,0.066982,-0.016699
6.660000,-0.019725,0.003498,-0.019381,-1.053814,0.066846,-0.016615
6.670000,-0.019626,0.003480,-0.019284,-1.054176,0.066711,-0.016532
6.680000,-0.019528,0.003463,-0.019188,-1.054536,0.066576,-0.016450
6.690000,-0.019431,0.003446,-0.019092,-1.054894,0.066442,-0.016368
6.700000,-0.019334,0.003428,-0.018997,-1.055250,0.066308,-0.016286
6.710000,-0.019237,0.003411,-0.018902,-1.055604,0.066174,-0.016205
6.720000,-0.019141,0.003394,-0.018808,-1.055955,0.066040,-0.016124
6.730000,-0.019046,0.003377,-0.018714,-1.056304,0.065907,-0.016044
6.740000,-0.018951,0.003360,-0.018621,-1.056650,0.065774,-0.015964
6.750000,-0.018856,0.003344,-0.018528,-1.056995,0.065641,-0.015884
6.760000,-0.018762,0.003327,-0.018435,-1.057337,0.065508,-0.015805
6.770000,-0.018668,0.003310,-0.018343,-1.057678,0.065376,-0.015726
6.780000,-0.018575,0.003294,-0.018252,-1.058016,0.065244,-0.015647
6.790000,-0.018482,0.003278,-0.018160,-1.058352,0.065112,-0.015569
6.800000,-0.018390,0.003261,-0.018070,-1.058685,0.064981,-0.015492
6.810000,-0.018298,0.003245,-0.017980,-1.059017,0.064850,-0.015414
6.820000,-0.018207,0.003229,-0.017890,-1.059347,0.064719,-0.015337
6.830000,-0.018116,0.003213,-0.017801,-1.059674,0.064588,-0.015261
6.840000,-0.018026,0.003197,-0.017712,-1.059999,0.064458,-0.015185
6.850000,-0.017936,0.003181,-0.017623,-1.060323,0.064328,-0.015109
6.860000,-0.017846,0.003165,-0.017535,-1.060644,0.064198,-0.015033
6.870000,-0.017757,0.003149,-0.017448,-1.060963,0.064068,-0.014958
6.880000,-0.017669,0.003133,-0.017361,-1.061281,0.063939,-0.014884
6.890000,-0.017580,0.003118,-0.017274,-1.061596,0.063810,-0.014810
6.900000,-0.017493,0.003102,-0.017188,-1.061909,0.063681,-0.014736
6.910000,-0.017405,0.003087,-0.017102,-1.062220,0.063552,-0.014662
6.920000,-0.017318,0.003071,-0.017017,-1.062529,0.063424,-0.014589
6.930000,-0.017232,0.003056,-0.016932,-1.062837,0.063296,-0.014516
6.940000,-0.017146,0.003041,-0.016847,-1.063142,0.063168,-0.014444
6.950000,-0.017060,0.003026,-0.016763,-1.063445,0.063041,-0.014372
6.960000,-0.016975,0.003010,-0.016680,-1.063747,0.062914,-0.014300
6.970000,-0.016891,0.002995,-0.016596,-1.064046,0.062787,-0.014229
6.980000,-0.016806,0.002980,-0.016514,-1.064344,0.062660,-0.014158
6.990000,-0.016722,0.002966,-0.016431,-1.064640,0.062534,-0.014087
7.000000,-0.016639,0.002951,-0.016349,-1.064934,0.062408,-0.014017
7.010000,-0.016556,0.002936,-0.016268,-1.065226,0.062282,-0.013947
7.020000,-0.016473,0.002921,-0.016186,-1.065516,0.062156,-0.013877
7.030000,-0.016391,0.002907,-0.016106,-1.065804,0.062031,-0.013808
7.040000,-0.016309,0.002892,-0.016025,-1.066091,0.061906,-0.013739
7.050000,-0.016228,0.002878,-0.015945,-1.066375,0.061781,-0.013670
7.060000,-0.016147,0.002864,-0.015866,-1.066658,0.061656,-0.013602
7.070000,-0.016066,0.002849,-0.015787,-1.066939,0.061532,-0.013534
7.080000,-0.015986,0.002835,-0.015708,-1.067218,0.061408,-0.013467
7.090000,-0.015906,0.002821,-0.015629,-1.067496,0.061284,-0.013400
7.100000,-0.015827,0.002807,-0.015551,-1.067772,0.061160,-0.013333
7.110000,-0.015748,0.002793,-0.015474,-1.068046,0.061037,-0.013266
7.120000,-0.015670,0.002779,-0.015397,-1.068318,0.060914,-0.013200
7.130000,-0.015591,0.002765,-0.015320,-1.068588,0.060791,-0.013134
7.140000,-0.015514,0.002751,-0.015243,-1.068857,0.060668,-0.013069
7.150000,-0.015436,0.002738,-0.015167,-1.069124,0.060546,-0.013004
7.160000,-0.015359,0.002724,-0.015092,-1.069390,0.060424,-0.012939
7.170000,-0.015282,0.002710,-0.015016,-1.069653,0.060302,-0.012874
7.180000,-0.015206,0.002697,-0.014941,-1.069915,0.060181,-0.012810
7.190000,-0.015130,0.002683,-0.014867,-1.070176,0.060059,-0.012746
7.200000,-0.015055,0.002670,-0.014793,-1.070434,0.059938,-0.012682
7.210000,-0.014980,0.002657,-0.014719,-1.070691,0.059817,-0.012619
7.220000,-0.014905,0.002643,-0.014645,-1.070947,0.059697,-0.012556
7.230000,-0.014831,0.002630,-0.014572,-1.071200,0.059576,-0.012494
7.240000,-0.014757,0.002617,-0.014500,-1.071453,0.059456,-0.012431
7.250000,-0.014683,0.002604,-0.014427,-1.071703,0.059336,-0.012369
7.260000,-0.014610,0.002591,-0.014355,-1.071952,0.059217,-0.012307
7.270000,-0.014537,0.002578,-0.014284,-1.072199,0.059097,-0.012246
7.280000,-0.014464,0.002565,-0.014212,-1.072445,0.058978,-0.012185
7.290000,-0.014392,0.002553,-0.014142,-1.072689,0.058860,-0.012124
7.300000,-0.014320,0.002540,-0.014071,-1.072932,0.058741,-0.012064
7.310000,-0.014249,0.002527,-0.014001,-1.073173,0.058623,-0.012003
7.320000,-0.014178,0.002515,-0.013931,-1.073413,0.058504,-0.011944
7.330000,-0.014107,0.002502,-0.013861,-1.073651,0.058387,-0.011884
7.340000,-0.014037,0.002489,-0.013792,-1.073887,0.058269,-0.011825
7.350000,-0.013967,0.002477,-0.013723,-1.074122,0.058151,-0.011766
7.360000,-0.013897,0.002465,-0.013655,-1.074356,0.058034,-0.011707
7.370000,-0.013828,0.002452,-0.013587,-1.074588,0.057917,-0.011649
7.380000,-0.013759,0.002440,-0.013519,-1.074819,0.057801,-0.011591
7.390000,-0.013690,0.002428,-0.013452,-1.075048,0.057684,-0.011533
7.400000,-0.013622,0.002416,-0.013384,-1.075275,0.057568,-0.011475
7.410000,-0.013554,0.002404,-0.013318,-1.075501,0.057452,-0.011418
7.420000,-0.013486,0.002392,-0.013251,-1.075726,0.057336,-0.011361
7.430000,-0.013419,0.002380,-0.013185,-1.075949,0.057221,-0.011304
7.440000,-0.013352,0.002368,-0.013119,-1.076171,0.057106,-0.011248
7.450000,-0.013285,0.002356,-0.013054,-1.076392,0.056991,-0.011192
7.460000,-0.013219,0.002345,-0.012989,-1.076611,0.056876,-0.011136
7.470000,-0.013153,0.002333,-0.012924,-1.076829,0.056761,-0.011080
7.480000,-0.013087,0.002321,-0.012859,-1.077045,0.056647,-0.011025
7.490000,-0.013022,0.002310,-0.012795,-1.077260,0.056533,-0.010970
7.500000,-0.012957,0.002298,-0.012731,-1.077473,0.056419,-0.010915
7.510000,-0.012892,0.002287,-0.012668,-1.077685,0.056305,-0.010861
7.520000,-0.012828,0.002275,-0.012605,-1.077896,0.056192,-0.010807
7.530000,-0.012764,0.002264,-0.012542,-1.078106,0.056079,-0.010753
7.540000,-0.012700,0.002253,-0.012479,-1.078314,0.055966,-0.010699
7.550000,-0.012637,0.002241,-0.012417,-1.078520,0.055853,-0.010646
7.560000,-0.012574,0.002230,-0.012355,-1.078726,0.055741,-0.010593
7.570000,-0.012511,0.002219,-0.012293,-1.078930,0.055628,-0.010540
7.580000,-0.012449,0.002208,-0.012232,-1.079133,0.055516,-0.010487
7.590000,-0.012387,0.002197,-0.012171,-1.079334,0.055405,-0.010435
7.600000,-0.012325,0.002186,-0.012110,-1.079535,0.055293,-0.010383
7.610000,-0.012263,0.002175,-0.012050,-1.079734,0.055182,-0.010331
7.620000,-0.012202,0.002164,-0.011990,-1.079931,0.055071,-0.010280
7.630000,-0.012141,0.002153,-0.011930,-1.080128,0.054960,-0.010228
7.640000,-0.012081,0.002143,-0.011870,-1.080323,0.054849,-0.010177
7.650000,-0.012021,0.002132,-0.011811,-1.080517,0.054739,-0.010126
7.660000,-0.011961,0.002121,-0.011752,-1.080710,0.054629,-0.010076
7.670000,-0.011901,0.002111,-0.011694,-1.080901,0.054519,-0.010026
7.680000,-0.011842,0.002100,-0.011635,-1.081091,0.054409,-0.009976
7.690000,-0.011782,0.002090,-0.011577,-1.081281,0.054299,-0.009926
7.700000,-0.011724,0.002079,-0.011520,-1.081468,0.054190,-0.009876
7.710000,-0.011665,0.002069,-0.011462,-1.081655,0.054081,-0.009827
7.720000,-0.011607,0.002059,-0.011405,-1.081840,0.053972,-0.009778
7.730000,-0.011549,0.002048,-0.011348,-1.082025,0.053864,-0.009729
7.740000,-0.011491,0.002038,-0.011291,-1.082208,0.053755,-0.009681
7.750000,-0.011434,0.002028,-0.011235,-1.082390,0.053647,-0.009633
7.760000,-0.011377,0.002018,-0.011179,-1.082570,0.053539,-0.009584
7.770000,-0.011320,0.002008,-0.011123,-1.082750,0.053431,-0.009537
7.780000,-0.011264,0.001998,-0.011068,-1.082928,0.053324,-0.009489
7.790000,-0.011208,0.001988,-0.011013,-1.083106,0.053217,-0.009442
7.800000,-0.011152,0.001978,-0.010958,-1.083282,0.053109,-0.009395
7.810000,-0.011096,0.001968,-0.010903,-1.083457,0.053003,-0.009348
7.820000,-0.011041,0.001958,-0.010849,-1.083631,0.052896,-0.009301
7.830000,-0.010986,0.001949,-0.010794,-1.083804,0.052790,-0.009255
7.840000,-0.010931,0.001939,-0.010741,-1.083975,0.052683,-0.009209
7.850000,-0.010876,0.001929,-0.010687,-1.084146,0.052577,-0.009163
7.860000,-0.010822,0.001920,-0.010634,-1.084315,0.052472,-0.009117
7.870000,-0.010768,0.001910,-0.010581,-1.084484,0.052366,-0.009071
7.880000,-0.010714,0.001900,-0.010528,-1.084651,0.052261,-0.009026
7.890000,-0.010661,0.001891,-0.010475,-1.084817,0.052156,-0.008981
7.900000,-0.010608,0.001882,-0.010423,-1.084983,0.052051,-0.008936
7.910000,-0.010555,0.001872,-0.010371,-1.085147,0.051946,-0.008892
7.920000,-0.010502,0.001863,-0.010319,-1.085310,0.051841,-0.008847
7.930000,-0.010450,0.001853,-0.010268,-1.085472,0.051737,-0.008803
7.940000,-0.010398,0.001844,-0.010217,-1.085633,0.051633,-0.008759
7.950000,-0.010346,0.001835,-0.010166,-1.085793,0.051529,-0.008716
7.960000,-0.010294,0.001826,-0.010115,-1.085952,0.051426,-0.008672
7.970000,-0.010243,0.001817,-0.010064,-1.086110,0.051322,-0.008629
7.980000,-0.010192,0.001808,-0.010014,-1.086267,0.051219,-0.008586
7.990000,-0.010141,0.001799,-0.009964,-1.086423,0.051116,-0.008543
8.000000,-0.010090,0.001790,-0.009915,-1.086578,0.051013,-0.008500
8.010000,-0.010040,0.001781,-0.009865,-1.086732,0.050911,-0.008458
8.020000,-0.009990,0.001772,-0.009816,-1.086884,0.050808,-0.008416
8.030000,-0.009940,0.001763,-0.009767,-1.087036,0.050706,-0.008374
8.040000,-0.009890,0.001754,-0.009718,-1.087187,0.050604,-0.008332
8.050000,-0.009841,0.001746,-0.009670,-1.087337,0.050502,-0.008291
8.060000,-0.009792,0.001737,-0.009622,-1.087487,0.050401,-0.008249
8.070000,-0.009743,0.001728,-0.009574,-1.087635,0.050299,-0.008208
8.080000,-0.009695,0.001720,-0.009526,-1.087782,0.050198,-0.008167
8.090000,-0.009646,0.001711,-0.009478,-1.087928,0.050097,-0.008126
8.100000,-0.009598,0.001702,-0.009431,-1.088073,0.049997,-0.008086
8.110000,-0.009550,0.001694,-0.009384,-1.088218,0.049896,-0.008046
8.120000,-0.009503,0.001686,-0.009337,-1.088361,0.049796,-0.008005
8.130000,-0.009455,0.001677,-0.009291,-1.088504,0.049696,-0.007965
8.140000,-0.009408,0.001669,-0.009244,-1.088645,0.049596,-0.007926
8.150000,-0.009361,0.001660,-0.009198,-1.088786,0.049496,-0.007886
8.160000,-0.009314,0.001652,-0.009152,-1.088926,0.049397,-0.007847
8.170000,-0.009268,0.001644,-0.009107,-1.089065,0.049297,-0.007808
8.180000,-0.009222,0.001636,-0.009061,-1.089203,0.049198,-0.007769
8.190000,-0.009176,0.001628,-0.009016,-1.089340,0.049099,-0.007730
8.200000,-0.009130,0.001619,-0.008971,-1.089476,0.049001,-0.007691
8.210000,-0.009084,0.001611,-0.008926,-1.089611,0.048902,-0.007653
8.220000,-0.009039,0.001603,-0.008882,-1.089746,0.048804,-0.007615
8.230000,-0.008994,0.001595,-0.008837,-1.089879,0.048706,-0.007577
8.240000,-0.008949,0.001587,-0.008793,-1.090012,0.048608,-0.007539
8.250000,-0.008904,0.001579,-0.008749,-1.090144,0.048510,-0.007502
8.260000,-0.008860,0.001572,-0.008706,-1.090275,0.048413,-0.007464
8.270000,-0.008816,0.001564,-0.008662,-1.090405,0.048315,-0.007427
8.280000,-0.008772,0.001556,-0.008619,-1.090535,0.048218,-0.007390
8.290000,-0.008728,0.001548,-0.008576,-1.090663,0.048121,-0.007353
8.300000,-0.008685,0.001540,-0.008533,-1.090791,0.048025,-0.007316
8.310000,-0.008641,0.001533,-0.008491,-1.090918,0.047928,-0.007280
8.320000,-0.008598,0.001525,-0.008448,-1.091044,0.047832,-0.007244
8.330000,-0.008555,0.001518,-0.008406,-1.091169,0.047736,-0.007207
8.340000,-0.008513,0.001510,-0.008364,-1.091294,0.047640,-0.007171
8.350000,-0.008470,0.001502,-0.008323,-1.091418,0.047544,-0.007136
8.360000,-0.008428,0.001495,-0.008281,-1.091541,0.047449,-0.007100
8.370000,-0.008386,0.001487,-0.008240,-1.091663,0.047353,-0.007065
8.380000,-0.008344,0.001480,-0.008199,-1.091784,0.047258,-0.007029
8.390000,-0.008302,0.001473,-0.008158,-1.091905,0.047163,-0.006994
8.400000,-0.008261,0.001465,-0.008117,-1.092024,0.047069,-0.006959
8.410000,-0.008220,0.001458,-0.008077,-1.092143,0.046974,-0.006925
8.420000,-0.008179,0.001451,-0.008036,-1.092262,0.046880,-0.006890
8.430000,-0.008138,0.001444,-0.007996,-1.092379,0.046785,-0.006856
8.440000,-0.008097,0.001436,-0.007956,-1.092496,0.046691,-0.006822
8.450000,-0.008057,0.001429,-0.007917,-1.092612,0.046598,-0.006788
8.460000,-0.008017,0.001422,-0.007877,-1.092727,0.046504,-0.006754
8.470000,-0.007977,0.001415,-0.007838,-1.092842,0.046411,-0.006720
8.480000,-0.007937,0.001408,-0.007799,-1.092955,0.046317,-0.006687
8.490000,-0.007897,0.001401,-0.007760,-1.093068,0.046224,-0.006653
8.500000,-0.007858,0.001394,-0.007721,-1.093181,0.046131,-0.006620
8.510000,-0.007819,0.001387,-0.007683,-1.093292,0.046039,-0.006587
8.520000,-0.007780,0.001380,-0.007644,-1.093403,0.045946,-0.006554
8.530000,-0.007741,0.001373,-0.007606,-1.093513,0.045854,-0.006521
8.540000,-0.007702,0.001366,-0.007568,-1.093623,0.045762,-0.006489
8.550000,-0.007664,0.001359,-0.007531,-1.093732,0.045670,-0.006457
8.560000,-0.007626,0.001353,-0.007493,-1.093840,0.045578,-0.006424
8.570000,-0.007588,0.001346,-0.007456,-1.093947,0.045487,-0.006392
8.580000,-0.007550,0.001339,-0.007418,-1.094054,0.045395,-0.006360
8.590000,-0.007512,0.001333,-0.007381,-1.094160,0.045304,-0.006329
8.600000,-0.007475,0.001326,-0.007345,-1.094265,0.045213,-0.006297
8.610000,-0.007437,0.001319,-0.007308,-1.094370,0.045123,-0.006266
8.620000,-0.007400,0.001313,-0.007272,-1.094474,0.045032,-0.006234
8.630000,-0.007363,0.001306,-0.007235,-1.094577,0.044941,-0.006203
8.640000,-0.007327,0.001300,-0.007199,-1.094679,0.044851,-0.006172
8.650000,-0.007290,0.001293,-0.007163,-1.094781,0.044761,-0.006142
8.660000,-0.007254,0.001287,-0.007128,-1.094883,0.044671,-0.006111
8.670000,-0.007218,0.001280,-0.007092,-1.094983,0.044582,-0.006081
8.680000,-0.007182,0.001274,-0.007057,-1.095083,0.044492,-0.006050
8.690000,-0.007146,0.001268,-0.007021,-1.095183,0.044403,-0.006020
8.700000,-0.007110,0.001261,-0.006986,-1.095282,0.044314,-0.005990
8.710000,-0.007075,0.001255,-0.006952,-1.095380,0.044225,-0.005960
8.720000,-0.007039,0.001249,-0.006917,-1.095477,0.044136,-0.005930
8.730000,-0.007004,0.001242,-0.006882,-1.095574,0.044047,-0.005901
8.740000,-0.006969,0.001236,-0.006848,-1.095670,0.043959,-0.005871
8.750000,-0.006935,0.001230,-0.006814,-1.095766,0.043871,-0.005842
8.760000,-0.006900,0.001224,-0.006780,-1.095861,0.043782,-0.005813
8.770000,-0.006866,0.001218,-0.006746,-1.095955,0.043695,-0.005784
8.780000,-0.006831,0.001212,-0.006712,-1.096049,0.043607,-0.005755
8.790000,-0.006797,0.001206,-0.006679,-1.096142,0.043519,-0.005726
8.800000,-0.006763,0.001200,-0.006646,-1.096235,0.043432,-0.005698
8.810000,-0.006730,0.001194,-0.006612,-1.096327,0.043345,-0.005669
8.820000,-0.006696,0.001188,-0.006579,-1.096418,0.043258,-0.005641
8.830000,-0.006663,0.001182,-0.006547,-1.096509,0.043171,-0.005613
8.840000,-0.006629,0.001176,-0.006514,-1.096599,0.043084,-0.005585
8.850000,-0.006596,0.001170,-0.006482,-1.096689,0.042998,-0.005557
8.860000,-0.006563,0.001164,-0.006449,-1.096778,0.042911,-0.005529
8.870000,-0.006531,0.001158,-0.006417,-1.096866,0.042825,-0.005502
8.880000,-0.006498,0.001153,-0.006385,-1.096954,0.042739,-0.005474
8.890000,-0.006466,0.001147,-0.006353,-1.097042,0.042654,-0.005447
8.900000,-0.006433,0.001141,-0.006321,-1.097128,0.042568,-0.005420
8.910000,-0.006401,0.001136,-0.006290,-1.097215,0.042483,-0.005393
8.920000,-0.006369,0.001130,-0.006259,-1.097300,0.042397,-0.005366
8.930000,-0.006338,0.001124,-0.006227,-1.097385,0.042312,-0.005339
8.940000,-0.006306,0.001119,-0.006196,-1.097470,0.042227,-0.005313
8.950000,-0.006275,0.001113,-0.006165,-1.097554,0.042143,-0.005286
8.960000,-0.006243,0.001107,-0.006135,-1.097637,0.042058,-0.005260
8.970000,-0.006212,0.001102,-0.006104,-1.097720,0.041974,-0.005233
8.980000,-0.006181,0.001096,-0.006074,-1.097803,0.041889,-0.005207
8.990000,-0.006150,0.001091,-0.006043,-1.097885,0.041805,-0.005181
9.000000,-0.006120,0.001086,-0.006013,-1.097966,0.041721,-0.005156
9.010000,-0.006089,0.001080,-0.005983,-1.098047,0.041638,-0.005130
9.020000,-0.006059,0.001075,-0.005953,-1.098127,0.041554,-0.005104
9.030000,-0.006029,0.001069,-0.005924,-1.098207,0.041471,-0.005079
9.040000,-0.005999,0.001064,-0.005894,-1.098286,0.041388,-0.005053
9.050000,-0.005969,0.001059,-0.005865,-1.098365,0.041304,-0.005028
9.060000,-0.005939,0.001053,-0.005835,-1.098443,0.041222,-0.005003
9.070000,-0.005909,0.001048,-0.005806,-1.098521,0.041139,-0.004978
9.080000,-0.005880,0.001043,-0.005777,-1.098598,0.041056,-0.004953
9.090000,-0.005850,0.001038,-0.005749,-1.098675,0.040974,-0.004929
9.100000,-0.005821,0.001033,-0.005720,-1.098752,0.040892,-0.004904
9.110000,-0.005792,0.001027,-0.005691,-1.098827,0.040810,-0.004880
9.120000,-0.005763,0.001022,-0.005663,-1.098903,0.040728,-0.004855
9.130000,-0.005735,0.001017,-0.005635,-1.098977,0.040646,-0.004831
9.140000,-0.005706,0.001012,-0.005607,-1.099052,0.040565,-0.004807
9.150000,-0.005677,0.001007,-0.005579,-1.099126,0.040483,-0.004783
9.160000,-0.005649,0.001002,-0.005551,-1.099199,0.040402,-0.004759
9.170000,-0.005621,0.000997,-0.005523,-1.099272,0.040321,-0.004735
9.180000,-0.005593,0.000992,-0.005496,-1.099344,0.040240,-0.004712
9.190000,-0.005565,0.000987,-0.005468,-1.099416,0.040159,-0.004688
9.200000,-0.005537,0.000982,-0.005441,-1.099488,0.040079,-0.004665
9.210000,-0.005510,0.000977,-0.005414,-1.099559,0.039998,-0.004642
9.220000,-0.005482,0.000972,-0.005387,-1.099630,0.039918,-0.004619
9.230000,-0.005455,0.000968,-0.005360,-1.099700,0.039838,-0.004595
9.240000,-0.005428,0.000963,-0.005333,-1.099769,0.039758,-0.004573
9.250000,-0.005401,0.000958,-0.005307,-1.099839,0.039678,-0.004550
9.260000,-0.005374,0.000953,-0.005280,-1.099907,0.039599,-0.004527
9.270000,-0.005347,0.000948,-0.005254,-1.099976,0.039519,-0.004504
9.280000,-0.005320,0.000944,-0.005228,-1.100044,0.039440,-0.004482
9.290000,-0.005294,0.000939,-0.005201,-1.100111,0.039361,-0.004460
9.300000,-0.005267,0.000934,-0.005176,-1.100178,0.039282,-0.004437
9.310000,-0.005241,0.000930,-0.005150,-1.100245,0.039203,-0.004415
9.320000,-0.005215,0.000925,-0.005124,-1.100311,0.039125,-0.004393
9.330000,-0.005189,0.000920,-0.005098,-1.100377,0.039046,-0.004371
9.340000,-0.005163,0.000916,-0.005073,-1.100442,0.038968,-0.004350
9.350000,-0.005137,0.000911,-0.005048,-1.100507,0.038890,-0.004328
9.360000,-0.005112,0.000907,-0.005023,-1.100572,0.038812,-0.004306
9.370000,-0.005086,0.000902,-0.004997,-1.100636,0.038734,-0.004285
9.380000,-0.005061,0.000898,-0.004973,-1.100699,0.038656,-0.004263
9.390000,-0.005035,0.000893,-0.004948,-1.100763,0.038579,-0.004242
9.400000,-0.005010,0.000889,-0.004923,-1.100825,0.038501,-0.004221
9.410000,-0.004985,0.000884,-0.004899,-1.100888,0.038424,-0.004200
9.420000,-0.004960,0.000880,-0.004874,-1.100950,0.038347,-0.004179
9.430000,-0.004936,0.000876,-0.004850,-1.101012,0.038270,-0.004158
9.440000,-0.004911,0.000871,-0.004826,-1.101073,0.038193,-0.004137
9.450000,-0.004887,0.000867,-0.004802,-1.101134,0.038117,-0.004117
9.460000,-0.004862,0.000862,-0.004778,-1.101194,0.038040,-0.004096
9.470000,-0.004838,0.000858,-0.004754,-1.101254,0.037964,-0.004076
9.480000,-0.004814,0.000854,-0.004730,-1.101314,0.037888,-0.004055
9.490000,-0.004790,0.000850,-0.004706,-1.101373,0.037812,-0.004035
9.500000,-0.004766,0.000845,-0.004683,-1.101432,0.037736,-0.004015
9.510000,-0.004742,0.000841,-0.004660,-1.101491,0.037661,-0.003995
9.520000,-0.004719,0.000837,-0.004636,-1.101549,0.037585,-0.003975
9.530000,-0.004695,0.000833,-0.004613,-1.101607,0.037510,-0.003955
9.540000,-0.004672,0.000829,-0.004590,-1.101664,0.037434,-0.003936
9.550000,-0.004648,0.000825,-0.004567,-1.101721,0.037359,-0.003916
9.560000,-0.004625,0.000820,-0.004545,-1.101778,0.037284,-0.003896
9.570000,-0.004602,0.000816,-0.004522,-1.101834,0.037210,-0.003877
9.580000,-0.004579,0.000812,-0.004499,-1.101890,0.037135,-0.003858
9.590000,-0.004556,0.000808,-0.004477,-1.101946,0.037061,-0.003838
9.600000,-0.004534,0.000804,-0.004455,-1.102001,0.036986,-0.003819
9.610000,-0.004511,0.000800,-0.004432,-1.102056,0.036912,-0.003800
9.620000,-0.004488,0.000796,-0.004410,-1.102110,0.036838,-0.003781
9.630000,-0.004466,0.000792,-0.004388,-1.102164,0.036764,-0.003762
9.640000,-0.004444,0.000788,-0.004366,-1.102218,0.036691,-0.003744
9.650000,-0.004422,0.000784,-0.004345,-1.102272,0.036617,-0.003725
9.660000,-0.004400,0.000780,-0.004323,-1.102325,0.036544,-0.003706
9.670000,-0.004378,0.000777,-0.004301,-1.102378,0.036470,-0.003688
9.680000,-0.004356,0.000773,-0.004280,-1.102430,0.036397,-0.003670
9.690000,-0.004334,0.000769,-0.004259,-1.102482,0.036324,-0.003651
9.700000,-0.004312,0.000765,-0.004237,-1.102534,0.036252,-0.003633
9.710000,-0.004291,0.000761,-0.004216,-1.102586,0.036179,-0.003615
9.720000,-0.004269,0.000757,-0.004195,-1.102637,0.036106,-0.003597
9.730000,-0.004248,0.000754,-0.004174,-1.102687,0.036034,-0.003579
9.740000,-0.004227,0.000750,-0.004153,-1.102738,0.035962,-0.003561
9.750000,-0.004206,0.000746,-0.004133,-1.102788,0.035890,-0.003543
9.760000,-0.004185,0.000742,-0.004112,-1.102838,0.035818,-0.003526
9.770000,-0.004164,0.000739,-0.004092,-1.102887,0.035746,-0.003508
9.780000,-0.004143,0.000735,-0.004071,-1.102936,0.035674,-0.003491
9.790000,-0.004123,0.000731,-0.004051,-1.102985,0.035603,-0.003473
9.800000,-0.004102,0.000728,-0.004031,-1.103034,0.035531,-0.003456
9.810000,-0.004082,0.000724,-0.004011,-1.103082,0.035460,-0.003439
9.820000,-0.004061,0.000720,-0.003991,-1.103130,0.035389,-0.003421
9.830000,-0.004041,0.000717,-0.003971,-1.103178,0.035318,-0.003404
9.840000,-0.004021,0.000713,-0.003951,-1.103225,0.035247,-0.003387
9.850000,-0.004001,0.000710,-0.003931,-1.103272,0.035177,-0.003371
9.860000,-0.003981,0.000706,-0.003912,-1.103319,0.035106,-0.003354
9.870000,-0.003961,0.000703,-0.003892,-1.103365,0.035036,-0.003337
9.880000,-0.003941,0.000699,-0.003873,-1.103411,0.034966,-0.003320
9.890000,-0.003922,0.000696,-0.003853,-1.103457,0.034896,-0.003304
9.900000,-0.003902,0.000692,-0.003834,-1.103502,0.034826,-0.003287
9.910000,-0.003883,0.000689,-0.003815,-1.103548,0.034756,-0.003271
9.920000,-0.003863,0.000685,-0.003796,-1.103593,0.034686,-0.003255
9.930000,-0.003844,0.000682,-0.003777,-1.103637,0.034617,-0.003238
9.940000,-0.003825,0.000678,-0.003758,-1.103682,0.034547,-0.003222
9.950000,-0.003806,0.000675,-0.003739,-1.103726,0.034478,-0.003206
9.960000,-0.003787,0.000672,-0.003721,-1.103769,0.034409,-0.003190
9.970000,-0.003768,0.000668,-0.003702,-1.103813,0.034340,-0.003174
9.980000,-0.003749,0.000665,-0.003684,-1.103856,0.034271,-0.003158
9.990000,-0.003730,0.000662,-0.003665,-1.103899,0.034203,-0.003143
10.000000,-0.003712,0.000658,-0.003647,-1.103942,0.034134,-0.003127
