0.000000,-0.000000,-0.000000,9.810000,0.000000,0.000000,0.000000,0.000000,0.000000,0.000000,0.000000,0.000000,0.000000
0.010000,2.739347,-5.048644,14.511519,7.799848,9.463156,1.908649,0.000200,-0.000450,0.000500,0.599960,2.699595,2.249063
0.020000,5.991289,-10.395445,18.583412,7.663489,9.535226,1.539876,0.000800,-0.001799,0.002000,1.199680,5.396761,4.492504
0.030000,6.926404,-11.028143,17.872104,7.490197,9.596012,1.176131,0.001799,-0.004047,0.004500,1.798920,8.089069,6.724716
0.040000,7.811859,-11.614530,17.105283,7.281153,9.644387,0.821239,0.003198,-0.007191,0.007999,2.397441,10.774099,8.940120
0.050000,8.642211,-12.154406,16.291292,7.037947,9.679296,0.478903,0.004996,-0.011228,0.012497,2.995002,13.449432,11.133178
0.060000,9.413145,-12.648053,15.438904,6.762560,9.699778,0.152659,0.007191,-0.016155,0.017994,3.591366,16.112662,13.298409
0.070000,10.121534,-13.096184,14.557139,6.457334,9.704982,-0.154166,0.009784,-0.021967,0.024490,4.186293,18.761391,15.430401
0.080000,10.765464,-13.499878,13.655077,6.124940,9.694188,-0.438496,0.012772,-0.028660,0.031983,4.779546,21.393236,17.523825
0.090000,11.344224,-13.860510,12.741680,5.768333,9.666815,-0.697540,0.016156,-0.036226,0.040472,5.370887,24.005829,19.573449
0.100000,11.858273,-14.179686,11.825619,5.390715,9.622440,-0.928816,0.019933,-0.044660,0.049958,5.960080,26.596819,21.574149
0.110000,12.309167,-14.459168,10.915124,4.995486,9.560799,-1.130184,0.024102,-0.053954,0.060439,6.546889,29.163873,23.520925
0.120000,12.699471,-14.700809,10.017843,4.586194,9.481792,-1.299858,0.028661,-0.064098,0.071913,7.131079,31.704681,25.408911
0.130000,13.032649,-14.906489,9.140731,4.166486,9.385490,-1.436421,0.033609,-0.075085,0.084380,7.712417,34.216957,27.233388
0.140000,13.312933,-15.078054,8.289957,3.740056,9.272125,-1.538830,0.038943,-0.086905,0.097839,8.290669,36.698441,28.989796
0.150000,13.545189,-15.217267,7.470840,3.310597,9.142091,-1.606420,0.044662,-0.099545,0.112288,8.865606,39.146898,30.673744
0.160000,13.734768,-15.325761,6.687807,2.881750,8.995931,-1.638896,0.050763,-0.112997,0.127726,9.436997,41.560126,32.281024
0.170000,13.887364,-15.405006,5.944373,2.457059,8.834327,-1.636325,0.057243,-0.127246,0.144151,10.004613,43.935952,33.807618
0.180000,14.008870,-15.456277,5.243155,2.039928,8.658089,-1.599119,0.064101,-0.142281,0.161562,10.568227,46.272239,35.249711
0.190000,14.105240,-15.480633,4.585886,1.633580,8.468137,-1.528018,0.071333,-0.158087,0.179956,11.127614,48.566884,36.603698
0.200000,14.182359,-15.478907,3.973471,1.241025,8.265482,-1.424062,0.078936,-0.174651,0.199333,11.682550,50.817823,37.866194
0.210000,14.245930,-15.451698,3.406040,0.865024,8.051212,-1.288570,0.086908,-0.191958,0.219689,12.232814,53.023028,39.034045
0.220000,14.301368,-15.399368,2.883019,0.508069,7.826470,-1.123107,0.095245,-0.209992,0.241023,12.778184,55.180517,40.104331
0.230000,14.353714,-15.322051,2.403216,0.172360,7.592434,-0.929453,0.103944,-0.228737,0.263334,13.318443,57.288346,41.074377
0.240000,14.407557,-15.219659,1.964906,-0.140210,7.350302,-0.709570,0.113001,-0.248176,0.286618,13.853375,59.344620,41.941759
0.250000,14.466976,-15.091900,1.565921,-0.428065,7.101266,-0.465571,0.122413,-0.268291,0.310873,14.382766,61.347488,42.704308
0.260000,14.535498,-14.938289,1.203748,-0.689949,6.846500,-0.199685,0.132176,-0.289065,0.336097,14.906404,63.295148,43.360118
0.270000,14.616061,-14.758173,0.875615,-0.924928,6.587140,0.085777,0.142287,-0.310478,0.362288,15.424080,65.185846,43.907551
0.280000,14.711000,-14.550753,0.578583,-1.132386,6.324271,0.388449,0.152740,-0.332512,0.389442,15.935586,67.017881,44.345238
0.290000,14.822037,-14.315104,0.309634,-1.312012,6.058909,0.705946,0.163532,-0.355147,0.417558,16.440718,68.789604,44.672085
0.300000,14.950283,-14.050204,0.065745,-1.463794,5.791995,1.035887,0.174659,-0.378362,0.446631,16.939274,70.499422,44.887274
0.310000,15.096251,-13.754960,-0.156035,-1.587997,5.524380,1.375921,0.186115,-0.402136,0.476660,17.431055,72.145795,44.990269
0.320000,15.259873,-13.428239,-0.358522,-1.685149,5.256819,1.723753,0.197898,-0.426448,0.507642,17.915863,73.727241,44.980812
0.330000,15.440525,-13.068892,-0.544336,-1.756020,4.989966,2.077159,0.210001,-0.451276,0.539572,18.393506,75.242338,44.858926
0.340000,15.637061,-12.675792,-0.715850,-1.801598,4.724369,2.434006,0.222420,-0.476598,0.572449,18.863791,76.689722,44.624916
0.350000,15.847841,-12.247858,-0.875151,-1.823064,4.460467,2.792264,0.235150,-0.502391,0.606268,19.326531,78.068090,44.279368
0.360000,16.070776,-11.784096,-1.024004,-1.821774,4.198593,3.150019,0.248186,-0.528632,0.641026,19.781540,79.376203,43.823143
0.370000,16.303364,-11.283624,-1.163828,-1.799227,3.938975,3.505477,0.261523,-0.555297,0.676721,20.228637,80.612882,43.257384
0.380000,16.542737,-10.745712,-1.295676,-1.757043,3.681735,3.856971,0.275155,-0.582362,0.713348,20.667643,81.777015,42.583504
0.390000,16.785705,-10.169813,-1.420227,-1.696942,3.426901,4.202959,0.289077,-0.609803,0.750903,21.098383,82.867554,41.803187
0.400000,17.028802,-9.555598,-1.537785,-1.620714,3.174408,4.542031,0.303283,-0.637594,0.789383,21.520683,83.883518,40.918384
0.410000,17.268336,-8.902988,-1.648287,-1.530201,2.924109,4.872898,0.317768,-0.665712,0.828785,21.934375,84.823992,39.931307
0.420000,17.500437,-8.212190,-1.751316,-1.427272,2.675778,5.194389,0.332526,-0.694131,0.869103,22.339294,85.688131,38.844421
0.430000,17.721106,-7.483721,-1.846124,-1.313806,2.429126,5.505448,0.347551,-0.722825,0.910335,22.735277,86.475156,37.660446
0.440000,17.926267,-6.718441,-1.931662,-1.191668,2.183804,5.805119,0.362837,-0.751768,0.952475,23.122166,87.184359,36.382338
0.450000,18.111818,-5.917574,-2.006619,-1.062695,1.939420,6.092543,0.378377,-0.780935,0.995521,23.499807,87.815102,35.013294
0.460000,18.273678,-5.082732,-2.069460,-0.928679,1.695541,6.366943,0.394167,-0.810298,1.039466,23.868049,88.366818,33.556735
0.470000,18.407843,-4.215926,-2.118480,-0.791348,1.451713,6.627617,0.410198,-0.839833,1.084308,24.226743,88.839009,32.016301
0.480000,18.510432,-3.319577,-2.151859,-0.652359,1.207466,6.873923,0.426466,-0.869511,1.130041,24.575747,89.231251,30.395843
0.490000,18.577734,-2.396523,-2.167714,-0.513279,0.962327,7.105270,0.442963,-0.899307,1.176662,24.914921,89.543191,28.699412
0.500000,18.606261,-1.450007,-2.164171,-0.375579,0.715827,7.321108,0.459682,-0.929193,1.224164,25.244130,89.774549,26.931246
0.510000,18.592789,-0.483668,-2.139418,-0.240622,0.467520,7.520918,0.476618,-0.959143,1.272544,25.563241,89.925115,25.095767
0.520000,18.534405,0.498480,-2.091778,-0.109652,0.216982,7.704202,0.493763,-0.989130,1.321797,25.872127,89.994755,23.197562
0.530000,18.428543,1.492076,-2.019765,0.016209,-0.036169,7.870475,0.511111,-1.019126,1.371918,26.170664,89.983405,21.241374
0.540000,18.273025,2.492456,-1.922151,0.135971,-0.292270,8.019259,0.528654,-1.049105,1.422901,26.458734,89.891077,19.232095
0.550000,18.066094,3.494697,-1.798015,0.248781,-0.551601,8.150077,0.546386,-1.079040,1.474742,26.736221,89.717853,17.174745
0.560000,17.806444,4.493672,-1.646798,0.353927,-0.814378,8.262452,0.564299,-1.108904,1.527436,27.003013,89.463888,15.074467
0.570000,17.493241,5.484117,-1.468343,0.450844,-1.080744,8.355900,0.582386,-1.138669,1.580977,27.259005,89.129412,12.936511
0.580000,17.126147,6.460695,-1.262932,0.539116,-1.350764,8.429936,0.600640,-1.168310,1.635360,27.504093,88.714726,10.766220
0.590000,16.705330,7.418075,-1.031300,0.618476,-1.624416,8.484071,0.619055,-1.197799,1.690579,27.738180,88.220203,8.569019
0.600000,16.231474,8.351011,-0.774658,0.688815,-1.901587,8.517818,0.637621,-1.227110,1.746629,27.961173,87.646287,6.350400
0.610000,15.705779,9.254418,-0.494683,0.750172,-2.182070,8.530699,0.656332,-1.256217,1.803505,28.172981,86.993495,4.115909
0.620000,15.129955,10.123456,-0.193507,0.802744,-2.465557,8.522248,0.675181,-1.285093,1.861200,28.373520,86.262415,1.871130
0.630000,14.506212,10.953606,0.126307,0.846878,-2.751640,8.492026,0.694160,-1.313712,1.919709,28.562710,85.453705,-0.378326
0.640000,13.837239,11.740746,0.461805,0.883073,-3.039810,8.439628,0.713261,-1.342049,1.979026,28.740476,84.568093,-2.626836
0.650000,13.126178,12.481217,0.809695,0.911972,-3.329452,8.364696,0.732477,-1.370078,2.039145,28.906746,83.606374,-4.868781
0.660000,12.376594,13.171885,1.166404,0.934361,-3.619854,8.266934,0.751799,-1.397774,2.100060,29.061453,82.569416,-7.098556
0.670000,11.592433,13.810189,1.528149,0.951165,-3.910206,8.146121,0.771221,-1.425112,2.161765,29.204536,81.458151,-9.310589
0.680000,10.777983,14.394184,1.891016,0.963432,-4.199606,8.002130,0.790735,-1.452067,2.224254,29.335938,80.273579,-11.499350
0.690000,9.937816,14.922561,2.251039,0.972333,-4.487064,7.834938,0.810332,-1.478616,2.287521,29.455606,79.016766,-13.659368
0.700000,9.076741,15.394669,2.604286,0.979148,-4.771513,7.644651,0.830005,-1.504733,2.351559,29.563492,77.688843,-15.785245
0.710000,8.199744,15.810508,2.946945,0.985254,-5.051818,7.431511,0.849746,-1.530397,2.416361,29.659553,76.291006,-17.871668
0.720000,7.311924,16.170716,3.275408,0.992108,-5.326785,7.195917,0.869547,-1.555582,2.481922,29.743750,74.824511,-19.913420
0.730000,6.418432,16.476548,3.586346,1.001239,-5.595176,6.938442,0.889401,-1.580268,2.548235,29.816051,73.290680,-21.905399
0.740000,5.524410,16.729827,3.876788,1.014223,-5.855724,6.659837,0.909298,-1.604432,2.615293,29.876425,71.690893,-23.842626
0.750000,4.634921,16.932899,4.144178,1.032669,-6.107144,6.361052,0.929232,-1.628052,2.683089,29.924850,70.026588,-25.720259
0.760000,3.754891,17.088574,4.386436,1.058199,-6.348157,6.043241,0.949194,-1.651106,2.751617,29.961304,68.299264,-27.533605
0.770000,2.889050,17.200047,4.601994,1.092421,-6.577501,5.707768,0.969176,-1.673574,2.820870,29.985775,66.510475,-29.278131
0.780000,2.041870,17.270832,4.789833,1.136913,-6.793953,5.356213,0.989171,-1.695436,2.890841,29.998252,64.661831,-30.949477
0.790000,1.217516,17.304678,4.949494,1.193198,-6.996350,4.990372,1.009170,-1.716672,2.961522,29.998729,62.754996,-32.543466
0.800000,0.419796,17.305483,5.081084,1.262714,-7.183601,4.612253,1.029165,-1.737263,3.032908,29.987208,60.791686,-34.056112
0.810000,-0.347878,17.277216,5.185270,1.346798,-7.354715,4.224069,1.049149,-1.757191,3.104990,29.963692,58.773668,-35.483636
0.820000,-1.082530,17.223829,5.263252,1.446656,-7.508812,3.828229,1.069113,-1.776437,3.177761,29.928191,56.702757,-36.822470
0.830000,-1.781650,17.149185,5.316735,1.563339,-7.645145,3.427321,1.089049,-1.794984,3.251215,29.880720,54.580817,-38.069267
0.840000,-2.443210,17.056980,5.347881,1.697721,-7.763114,3.024095,1.108950,-1.812816,3.325344,29.821296,52.409758,-39.220910
0.850000,-3.065689,16.950675,5.359255,1.850479,-7.862281,2.621439,1.128807,-1.829916,3.400140,29.749944,50.191535,-40.274521
0.860000,-3.648075,16.833437,5.353768,2.022069,-7.942382,2.222353,1.148612,-1.846270,3.475596,29.666693,47.928142,-41.227467
0.870000,-4.189869,16.708090,5.334605,2.212709,-8.003337,1.829916,1.168359,-1.861861,3.551705,29.571575,45.621617,-42.077366
0.880000,-4.691083,16.577065,5.305152,2.422365,-8.045257,1.447258,1.188037,-1.876677,3.628458,29.464630,43.274035,-42.822093
0.890000,-5.152224,16.442376,5.268922,2.650738,-8.068448,1.077517,1.207641,-1.890704,3.705849,29.345898,40.887510,-43.459788
0.900000,-5.574280,16.305588,5.229470,2.897254,-8.073410,0.723808,1.227161,-1.903929,3.783869,29.215429,38.464189,-43.988855
0.910000,-5.958696,16.167809,5.190323,3.161059,-8.060838,0.389175,1.246591,-1.916341,3.862510,29.073274,36.006253,-44.407974
0.920000,-6.307345,16.029686,5.154892,3.441019,-8.031611,0.076556,1.265922,-1.927928,3.941766,28.919490,33.515914,-44.716095
0.930000,-6.622494,15.891405,5.126400,3.735722,-7.986785,-0.211262,1.285146,-1.938680,4.021627,28.754138,30.995412,-44.912450
0.940000,-6.906765,15.752714,5.107809,4.043488,-7.927580,-0.471680,1.304257,-1.948587,4.102086,28.577286,28.447017,-44.996547
0.950000,-7.163094,15.612939,5.101747,4.362377,-7.855359,-0.702332,1.323245,-1.957640,4.183134,28.389003,25.873021,-44.968176
0.960000,-7.394677,15.471021,5.110451,4.690210,-7.771614,-0.901117,1.342105,-1.965832,4.264765,28.189364,23.275741,-44.827407
0.970000,-7.604923,15.325551,5.135703,5.024588,-7.677940,-1.066236,1.360828,-1.973154,4.346968,27.978450,20.657515,-44.574594
0.980000,-7.797397,15.174818,5.178789,5.362920,-7.576011,-1.196222,1.379406,-1.979600,4.429738,27.756346,18.020699,-44.210368
0.990000,-7.975759,15.016859,5.240453,5.702447,-7.467553,-1.289968,1.397832,-1.985165,4.513064,27.523139,15.367665,-43.735638
1.000000,-8.143702,14.849516,5.320868,6.040281,-7.354315,-1.346747,1.416100,-1.989843,4.596939,27.278923,12.700801,-43.151592
1.010000,-8.304889,14.670495,5.419619,6.373438,-7.238042,-1.366228,1.434201,-1.993630,4.681354,27.023796,10.022507,-42.459690
1.020000,-8.462885,14.477429,5.535696,6.698878,-7.120443,-1.348489,1.452128,-1.996523,4.766301,26.757860,7.335194,-41.661661
1.030000,-8.621088,14.267943,5.667495,7.013541,-7.003167,-1.294017,1.469874,-1.998519,4.851771,26.481221,4.641279,-40.759499
1.040000,-8.782665,14.039717,5.812839,7.314395,-6.887770,-1.203707,1.487433,-1.999617,4.937756,26.193989,1.943188,-39.755460
1.050000,-8.950485,13.790552,5.969009,7.598474,-6.775691,-1.078858,1.504796,-1.999815,5.024248,25.896281,-0.756652,-38.652052
1.060000,-9.127059,13.518426,6.132787,7.862920,-6.668232,-0.921152,1.521957,-1.999113,5.111237,25.588214,-3.455811,-37.452035
1.070000,-9.314477,13.221559,6.300516,8.105026,-6.566528,-0.732637,1.538910,-1.997511,5.198714,25.269913,-6.151861,-36.158407
1.080000,-9.514362,12.898456,6.468171,8.322270,-6.471539,-0.515698,1.555647,-1.995012,5.286672,24.941504,-8.842373,-34.774402
1.090000,-9.727820,12.547959,6.631436,8.512359,-6.384029,-0.273029,1.572162,-1.991618,5.375102,24.603118,-11.524929,-33.303479
1.100000,-9.955414,12.169282,6.785803,8.673253,-6.304556,-0.007592,1.588448,-1.987331,5.463993,24.254892,-14.197112,-31.749315
1.110000,-10.197132,11.762038,6.926668,8.803203,-6.233469,0.277418,1.604499,-1.982155,5.553339,23.896964,-16.856520,-30.115794
1.120000,-10.452381,11.326263,7.049436,8.900768,-6.170902,0.578618,1.620308,-1.976096,5.643129,23.529478,-19.500757,-28.406999
1.130000,-10.719992,10.862421,7.149633,8.964842,-6.116776,0.892484,1.635868,-1.969158,5.733354,23.152580,-22.127445,-26.627201
1.140000,-10.998230,10.371405,7.223015,8.994666,-6.070807,1.215398,1.651175,-1.961347,5.824006,22.766421,-24.734220,-24.780849
1.150000,-11.284834,9.854526,7.265671,8.989838,-6.032512,1.543691,1.666220,-1.952672,5.915076,22.371156,-27.318736,-22.872558
1.160000,-11.577056,9.313489,7.274130,8.950315,-6.001226,1.873694,1.681000,-1.943139,6.006555,21.966943,-29.878667,-20.907098
1.170000,-11.871728,8.750367,7.245445,8.876416,-5.976115,2.201783,1.695507,-1.932757,6.098432,21.553944,-32.411709,-18.889381
1.180000,-12.165328,8.167558,7.177275,8.768812,-5.956194,2.524424,1.709736,-1.921536,6.190700,21.132323,-34.915583,-16.824450
1.190000,-12.454066,7.567741,7.067952,8.628515,-5.940353,2.838209,1.723680,-1.909485,6.283349,20.702250,-37.388035,-14.717467
1.200000,-12.733975,6.953826,6.916520,8.456861,-5.927377,3.139902,1.737336,-1.896616,6.376369,20.263895,-39.826840,-12.573697
1.210000,-13.001011,6.328897,6.722774,8.255489,-5.915969,3.426466,1.750696,-1.882940,6.469752,19.817436,-42.229804,-10.398500
1.220000,-13.251147,5.696158,6.487256,8.026313,-5.904778,3.695095,1.763756,-1.868469,6.563488,19.363050,-44.594764,-8.197313
1.230000,-13.480481,5.058871,6.211255,7.771498,-5.892422,3.943241,1.776511,-1.853217,6.657567,18.900919,-46.919591,-5.975636
1.240000,-13.685326,4.420302,5.896768,7.493422,-5.877513,4.168630,1.788955,-1.837197,6.751981,18.431228,-49.202194,-3.739023
1.250000,-13.862304,3.783670,5.546452,7.194646,-5.858681,4.369278,1.801084,-1.820423,6.846719,17.954164,-51.440519,-1.493065
1.260000,-14.008429,3.152091,5.163559,6.877878,-5.834600,4.543505,1.812892,-1.802911,6.941773,17.469919,-53.632550,0.756626
1.270000,-14.121172,2.528541,4.751855,6.545931,-5.804002,4.689932,1.824374,-1.784676,7.037133,16.978687,-55.776316,3.004425
1.280000,-14.198521,1.915813,4.315526,6.201694,-5.765703,4.807488,1.835528,-1.765735,7.132788,16.480663,-57.869887,5.244714
1.290000,-14.239021,1.316486,3.859079,5.848089,-5.718614,4.895399,1.846346,-1.746105,7.228731,15.976047,-59.911379,7.471895
1.300000,-14.241800,0.732901,3.387236,5.488035,-5.661759,4.953188,1.856827,-1.725803,7.324951,15.465041,-61.898954,9.680399
1.310000,-14.206576,0.167144,2.904829,5.124418,-5.594285,4.980652,1.866964,-1.704848,7.421438,14.947849,-63.830825,11.864708
1.320000,-14.133655,-0.378968,2.416693,4.760053,-5.515469,4.977855,1.876755,-1.683259,7.518183,14.424678,-65.705252,14.019361
1.330000,-14.023903,-0.903890,1.927568,4.397656,-5.424728,4.945104,1.886195,-1.661054,7.615176,13.895738,-67.520550,16.138973
1.340000,-13.878715,-1.406349,1.442006,4.039814,-5.321618,4.882931,1.895281,-1.638255,7.712408,13.361239,-69.275083,18.218246
1.350000,-13.699970,-1.885337,0.964292,3.688965,-5.205839,4.792069,1.904009,-1.614881,7.809868,12.821396,-70.967273,20.251983
1.360000,-13.489972,-2.340105,0.498373,3.347368,-5.077228,4.673431,1.912375,-1.590954,7.907547,12.276425,-72.595597,22.235101
1.370000,-13.251385,-2.770146,0.047800,3.017092,-4.935761,4.528082,1.920376,-1.566495,8.005436,11.726543,-74.158591,24.162642
1.380000,-12.987173,-3.175182,-0.384311,2.699995,-4.781542,4.357216,1.928008,-1.541526,8.103524,11.171971,-75.654846,26.029789
1.390000,-12.700522,-3.555146,-0.795307,2.397715,-4.614799,4.162134,1.935270,-1.516070,8.201802,10.612930,-77.083018,27.831876
1.400000,-12.394775,-3.910163,-1.183016,2.111660,-4.435870,3.944219,1.942158,-1.490149,8.300259,10.049645,-78.441820,29.564397
1.410000,-12.073361,-4.240531,-1.545745,1.843001,-4.245198,3.704911,1.948668,-1.463787,8.398887,9.482339,-79.730029,31.223023
1.420000,-11.739737,-4.546704,-1.882272,1.592672,-4.043317,3.445693,1.954799,-1.437008,8.497674,8.911241,-80.946487,32.803607
1.430000,-11.397323,-4.829267,-2.191823,1.361367,-3.830838,3.168065,1.960549,-1.409835,8.596612,8.336578,-82.090098,34.302199
1.440000,-11.049455,-5.088926,-2.474044,1.149546,-3.608437,2.873534,1.965914,-1.382293,8.695690,7.758580,-83.159834,35.715054
1.450000,-10.699338,-5.326483,-2.728965,0.957435,-3.376844,2.563591,1.970892,-1.354407,8.794899,7.177480,-84.154732,37.038640
1.460000,-10.350015,-5.542824,-2.956957,0.785038,-3.136829,2.239706,1.975483,-1.326203,8.894228,6.593508,-85.073896,38.269648
1.470000,-10.004330,-5.738898,-3.158688,0.632145,-2.889186,1.903312,1.979683,-1.297704,8.993668,6.006900,-85.916499,39.405002
1.480000,-9.664916,-5.915708,-3.335076,0.498339,-2.634725,1.555804,1.983491,-1.268938,9.093208,5.417888,-86.681784,40.441864
1.490000,-9.334177,-6.074291,-3.487240,0.383014,-2.374257,1.198524,1.986906,-1.239929,9.192839,4.826709,-87.369060,41.377643
1.500000,-9.014282,-6.215705,-3.616455,0.285385,-2.108582,0.832767,1.989926,-1.210705,9.292551,4.233600,-87.977711,42.209999
1.510000,-8.707166,-6.341022,-3.724108,0.204502,-1.838483,0.459773,1.992550,-1.181291,9.392333,3.638798,-88.507187,42.936852
1.520000,-8.414534,-6.451308,-3.811651,0.139268,-1.564709,0.080733,1.994777,-1.151713,9.492176,3.042540,-88.957013,43.556385
1.530000,-8.137868,-6.547614,-3.880567,0.088453,-1.287972,-0.303214,1.996607,-1.122000,9.592070,2.445065,-89.326783,44.067050
1.540000,-7.878441,-6.630968,-3.932332,0.050710,-1.008938,-0.690969,1.998037,-1.092176,9.692005,1.846612,-89.616166,44.467571
1.550000,-7.637333,-6.702360,-3.968387,0.024596,-0.728219,-1.081475,1.999069,-1.062269,9.791970,1.247420,-89.824899,44.756945
1.560000,-7.415439,-6.762732,-3.990104,0.008585,-0.446366,-1.473704,1.999700,-1.032306,9.891956,0.647729,-89.952797,44.934451
1.570000,-7.213493,-6.812974,-3.998769,0.001089,-0.163870,-1.866654,1.999932,-1.002314,9.991953,0.047780,-89.999743,44.999643
1.580000,-7.032080,-6.853907,-3.995558,0.000473,0.118848,-2.259335,1.999764,-0.972320,10.091951,-0.552189,-89.965696,44.952360
1.590000,-6.871652,-6.886282,-3.981526,0.005077,0.401434,-2.650764,1.999196,-0.942350,10.191940,-1.151937,-89.850685,44.792720
1.600000,-6.732538,-6.910767,-3.957586,0.013230,0.683605,-3.039955,1.998228,-0.912433,10.291909,-1.751224,-89.654815,44.521121
1.610000,-6.614959,-6.927942,-3.924507,0.023271,0.965145,-3.425909,1.996861,-0.882594,10.391850,-2.349811,-89.378261,44.138243
1.620000,-6.519036,-6.938296,-3.882900,0.033566,1.245910,-3.807606,1.995095,-0.852860,10.491751,-2.947458,-89.021273,43.645041
1.630000,-6.444794,-6.942218,-3.833220,0.042526,1.525817,-4.183994,1.992932,-0.823260,10.591603,-3.543926,-88.584172,43.042750
1.640000,-6.392168,-6.939997,-3.775756,0.048628,1.804846,-4.553987,1.990371,-0.793818,10.691395,-4.138976,-88.067352,42.332875
1.650000,-6.360999,-6.931821,-3.710637,0.050426,2.083035,-4.916455,1.987414,-0.764561,10.791119,-4.732371,-87.471276,41.517189
1.660000,-6.351037,-6.917771,-3.637827,0.046575,2.360468,-5.270221,1.984061,-0.735517,10.890763,-5.323873,-86.796483,40.597733
1.670000,-6.361932,-6.897833,-3.557134,0.035845,2.637276,-5.614058,1.980316,-0.706710,10.990319,-5.913245,-86.043578,39.576802
1.680000,-6.393224,-6.871893,-3.468211,0.017138,2.913621,-5.946686,1.976178,-0.678167,11.089775,-6.500252,-85.213240,38.456951
1.690000,-6.444337,-6.839748,-3.370565,-0.010497,3.189693,-6.266776,1.971650,-0.649914,11.189122,-7.084660,-84.306216,37.240977
1.700000,-6.514566,-6.801114,-3.263566,-0.047849,3.465696,-6.572950,1.966733,-0.621976,11.288351,-7.666233,-83.323321,35.931920
1.710000,-6.603058,-6.755637,-3.146461,-0.095533,3.741838,-6.863787,1.961429,-0.594377,11.387450,-8.244740,-82.265442,34.533052
1.720000,-6.708806,-6.702907,-3.018385,-0.153974,4.018320,-7.137833,1.955741,-0.567144,11.486411,-8.819949,-81.133529,33.047869
1.730000,-6.830627,-6.642474,-2.878379,-0.223400,4.295325,-7.393605,1.949670,-0.540301,11.585223,-9.391631,-79.928601,31.480084
1.740000,-6.967155,-6.573869,-2.725414,-0.303834,4.573006,-7.629611,1.943220,-0.513871,11.683877,-9.959556,-78.651744,29.833615
1.750000,-7.116824,-6.496619,-2.558410,-0.395082,4.851470,-7.844357,1.936392,-0.487878,11.782362,-10.523497,-77.304104,28.112578
1.760000,-7.277865,-6.410277,-2.376263,-0.496734,5.130771,-8.036370,1.929190,-0.462346,11.880669,-11.083229,-75.886897,26.321274
1.770000,-7.448291,-6.314441,-2.177877,-0.608161,5.410895,-8.204210,1.921616,-0.437298,11.978788,-11.638528,-74.401396,24.464180
1.780000,-7.625907,-6.208777,-1.962191,-0.728513,5.691751,-8.346498,1.913673,-0.412756,12.076709,-12.189171,-72.848939,22.545939
1.790000,-7.808303,-6.093048,-1.728219,-0.856726,5.973159,-8.461932,1.905365,-0.388743,12.174423,-12.734939,-71.230923,20.571344
1.800000,-7.992872,-5.967137,-1.475080,-0.991526,6.254842,-8.549311,1.896695,-0.365280,12.271919,-13.275613,-69.548804,18.545332
1.810000,-8.176821,-5.831068,-1.202039,-1.131444,6.536417,-8.607563,1.887666,-0.342388,12.369187,-13.810977,-67.804096,16.472966
1.820000,-8.357193,-5.685024,-0.908541,-1.274824,6.817393,-8.635765,1.878282,-0.320087,12.466219,-14.340817,-65.998368,14.359426
1.830000,-8.530899,-5.529370,-0.594250,-1.419840,7.097160,-8.633168,1.868547,-0.298399,12.563004,-14.864921,-64.133247,12.209996
1.840000,-8.694754,-5.364661,-0.259078,-1.564522,7.374995,-8.599225,1.858464,-0.277341,12.659533,-15.383079,-62.210409,10.030046
1.850000,-8.845515,-5.191654,0.096779,-1.706770,7.650056,-8.533605,1.848038,-0.256934,12.755796,-15.895084,-60.231587,7.825027
1.860000,-8.979931,-5.011309,0.472820,-1.844387,7.921387,-8.436225,1.837273,-0.237196,12.851783,-16.400731,-58.198561,5.600449
1.870000,-9.094795,-4.824787,0.868212,-1.975105,8.187927,-8.307260,1.826173,-0.218144,12.947486,-16.899819,-56.113159,3.361873
1.880000,-9.186999,-4.633444,1.281783,-2.096614,8.448511,-8.147162,1.814742,-0.199796,13.042893,-17.392146,-53.977260,1.114894
1.890000,-9.253590,-4.438817,1.712008,-2.206599,8.701887,-7.956677,1.802986,-0.182167,13.137996,-17.877517,-51.792784,-1.134871
1.900000,-9.291828,-4.242600,2.157017,-2.302770,8.946726,-7.736847,1.790908,-0.165275,13.232785,-18.355737,-49.561699,-3.381800
1.910000,-9.299241,-4.046627,2.614599,-2.382900,9.181640,-7.489022,1.778514,-0.149134,13.327251,-18.826615,-47.286011,-5.620277
1.920000,-9.273680,-3.852834,3.082224,-2.444861,9.405197,-7.214856,1.765808,-0.133758,13.421385,-19.289962,-44.967769,-7.844705
1.930000,-9.213362,-3.663233,3.557070,-2.486656,9.615944,-6.916306,1.752797,-0.119162,13.515176,-19.745594,-42.609060,-10.049526
1.940000,-9.116917,-3.479870,4.036054,-2.506460,9.812428,-6.595623,1.739484,-0.105358,13.608615,-20.193328,-40.212005,-12.229228
1.950000,-8.983417,-3.304790,4.515879,-2.502644,9.993219,-6.255335,1.725875,-0.092360,13.701694,-20.632985,-37.778762,-14.378364
1.960000,-8.812405,-3.139999,4.993079,-2.473816,10.156934,-5.898231,1.711976,-0.080178,13.794403,-21.064389,-35.311520,-16.491561
1.970000,-8.603905,-2.987422,5.464072,-2.418841,10.302259,-5.527335,1.697792,-0.068824,13.886732,-21.487367,-32.812501,-18.563538
1.980000,-8.358434,-2.848871,5.925217,-2.336869,10.427979,-5.145880,1.683329,-0.058308,13.978672,-21.901751,-30.283952,-20.589115
1.990000,-8.076988,-2.726005,6.372870,-2.227359,10.532996,-4.757269,1.668592,-0.048639,14.070215,-22.307374,-27.728150,-22.563231
2.000000,-7.761036,-2.620307,6.803445,-2.090089,10.616354,-4.365047,1.653588,-0.039827,14.161350,-22.704075,-25.147395,-24.480950
2.010000,-7.412490,-2.533050,7.213468,-1.925174,10.677258,-3.972849,1.638323,-0.031878,14.252070,-23.091694,-22.544008,-26.337480
2.020000,-7.033672,-2.465282,7.599629,-1.733066,10.715097,-3.584365,1.622803,-0.024801,14.342364,-23.470077,-19.920334,-28.128179
2.030000,-6.627276,-2.417807,7.958833,-1.514562,10.729452,-3.203293,1.607033,-0.018601,14.432224,-23.839072,-17.278733,-29.848573
2.040000,-6.196322,-2.391172,8.288244,-1.270796,10.720118,-2.833289,1.591020,-0.013284,14.521641,-24.198532,-14.621581,-31.494361
2.050000,-5.744104,-2.385666,8.585319,-1.003230,10.687103,-2.477920,1.574771,-0.008855,14.610605,-24.548313,-11.951272,-33.061429
2.060000,-5.274136,-2.401316,8.847840,-0.713636,10.630642,-2.140623,1.558293,-0.005318,14.699109,-24.888275,-9.270207,-34.545861
2.070000,-4.790097,-2.437894,9.073935,-0.404083,10.551194,-1.824649,1.541590,-0.002677,14.787142,-25.218282,-6.580799,-35.943947
2.080000,-4.295780,-2.494923,9.262098,-0.076904,10.449439,-1.533031,1.524672,-0.000932,14.874697,-25.538202,-3.885470,-37.252191
2.090000,-3.795031,-2.571687,9.411190,0.265328,10.326274,-1.268535,1.507543,-0.000087,14.961764,-25.847907,-1.186643,-38.467324
2.100000,-3.291704,-2.667252,9.520448,0.619835,10.182797,-1.033625,1.490211,-0.000141,15.048336,-26.147273,1.513251,-39.586309
2.110000,-2.789610,-2.780476,9.589477,0.983671,10.020300,-0.830433,1.472683,-0.001096,15.134402,-26.436181,4.211784,-40.606349
2.120000,-2.292473,-2.910032,9.618244,1.353759,9.840243,-0.660731,1.454966,-0.002949,15.219955,-26.714514,6.906526,-41.524894
2.130000,-1.803892,-3.054427,9.607061,1.726934,9.644235,-0.525908,1.437068,-0.005699,15.304986,-26.982162,9.595052,-42.339648
2.140000,-1.327303,-3.212021,9.556570,2.099984,9.434013,-0.426953,1.418994,-0.009344,15.389486,-27.239018,12.274944,-43.048576
2.150000,-0.865951,-3.381047,9.467725,2.469692,9.211412,-0.364452,1.400752,-0.013880,15.473448,-27.484978,14.943790,-43.649904
2.160000,-0.422865,-3.559633,9.341769,2.832879,8.978337,-0.338575,1.382351,-0.019304,15.556862,-27.719945,17.599186,-44.142130
2.170000,-0.000831,-3.745824,9.180213,3.186442,8.736735,-0.349087,1.363796,-0.025610,15.639720,-27.943824,20.238745,-44.524024
2.180000,0.397618,-3.937596,8.984812,3.527396,8.488565,-0.395355,1.345096,-0.032794,15.722015,-28.156526,22.860090,-44.794631
2.190000,0.770225,-4.132880,8.757541,3.852910,8.235767,-0.476361,1.326258,-0.040847,15.803737,-28.357965,25.460863,-44.953275
2.200000,1.115014,-4.329580,8.500575,4.160338,7.980235,-0.590727,1.307289,-0.049764,15.884879,-28.548062,28.038723,-44.999559
2.210000,1.430303,-4.525589,8.216264,4.447252,7.723789,-0.736736,1.288198,-0.059535,15.965432,-28.726740,30.591349,-44.933368
2.220000,1.714712,-4.718810,7.907110,4.711466,7.468148,-0.912365,1.268991,-0.070153,16.045389,-28.893928,33.116446,-44.754866
2.230000,1.967164,-4.907172,7.575744,4.951058,7.214907,-1.115319,1.249676,-0.081608,16.124741,-29.049558,35.611740,-44.464501
2.240000,2.186893,-5.088648,7.224902,5.164389,6.965518,-1.343067,1.230262,-0.093889,16.203481,-29.193569,38.074986,-44.062998
2.250000,2.373446,-5.261275,6.857405,5.350114,6.721272,-1.592881,1.210755,-0.106986,16.281601,-29.325904,40.503967,-43.551360
2.260000,2.526683,-5.423168,6.476132,5.507188,6.483283,-1.861879,1.191165,-0.120886,16.359092,-29.446508,42.896497,-42.930866
2.270000,2.646774,-5.572539,6.083992,5.634876,6.252478,-2.147060,1.171497,-0.135577,16.435947,-29.555333,45.250423,-42.203068
2.280000,2.734201,-5.707712,5.683904,5.732745,6.029590,-2.445355,1.151761,-0.151046,16.512159,-29.652338,47.563627,-41.369784
2.290000,2.789751,-5.827145,5.278767,5.800663,5.815158,-2.753656,1.131965,-0.167279,16.587720,-29.737481,49.834026,-40.433097
2.300000,2.814508,-5.929438,4.871430,5.838791,5.609520,-3.068865,1.112115,-0.184261,16.662621,-29.810730,52.059579,-39.395348
2.310000,2.809841,-6.013355,4.464665,5.847565,5.412822,-3.387925,1.092221,-0.201977,16.736857,-29.872055,54.238281,-38.259131
2.320000,2.777398,-6.077831,4.061139,5.827689,5.225022,-3.707853,1.072290,-0.220412,16.810419,-29.921432,56.368173,-37.027287
2.330000,2.719082,-6.121990,3.663382,5.780108,5.045903,-4.025777,1.052330,-0.239548,16.883300,-29.958840,58.447337,-35.702893
2.340000,2.637032,-6.145151,3.273761,5.705991,4.875080,-4.338955,1.032349,-0.259368,16.955492,-29.984266,60.473902,-34.289261
2.350000,2.533603,-6.146838,2.894449,5.606712,4.712016,-4.644806,1.012355,-0.279855,17.026989,-29.997698,62.446045,-32.789924
2.360000,2.411336,-6.126784,2.527403,5.483820,4.556040,-4.940924,0.992356,-0.300989,17.097783,-29.999131,64.361991,-31.208629
2.370000,2.272926,-6.084935,2.174341,5.339017,4.406364,-5.225098,0.972360,-0.322753,17.167868,-29.988565,66.220015,-29.549328
2.380000,2.121191,-6.021453,1.836721,5.174135,4.262101,-5.495320,0.952375,-0.345126,17.237235,-29.966004,68.018446,-27.816170
2.390000,1.959034,-5.936707,1.515728,4.991105,4.122282,-5.749794,0.932409,-0.368088,17.305879,-29.931457,69.755664,-26.013486
2.400000,1.789406,-5.831273,1.212262,4.791939,3.985881,-5.986938,0.912471,-0.391619,17.373792,-29.884938,71.430108,-24.145781
2.410000,1.615266,-5.705926,0.926937,4.578696,3.851830,-6.205388,0.892567,-0.415698,17.440968,-29.826466,73.040269,-22.217725
2.420000,1.439542,-5.561625,0.660078,4.353469,3.719039,-6.403991,0.872706,-0.440302,17.507400,-29.756063,74.584699,-20.234136
2.430000,1.265093,-5.399501,0.411729,4.118354,3.586417,-6.581797,0.852896,-0.465410,17.573081,-29.673758,76.062007,-18.199972
2.440000,1.094669,-5.220846,0.181669,3.875433,3.452885,-6.738058,0.833145,-0.490998,17.638005,-29.579584,77.470865,-16.120318
2.450000,0.930881,-5.027087,-0.030573,3.626750,3.317398,-6.872206,0.813461,-0.517045,17.702165,-29.473578,78.810004,-14.000371
2.460000,0.776165,-4.819772,-0.225693,3.374297,3.178956,-6.983850,0.793851,-0.543527,17.765555,-29.355784,80.078220,-11.845431
2.470000,0.632757,-4.600547,-0.404583,3.119995,3.036618,-7.072755,0.774323,-0.570419,17.828168,-29.226247,81.274370,-9.660883
2.480000,0.502671,-4.371134,-0.568301,2.865680,2.889517,-7.138829,0.754886,-0.597697,17.889998,-29.085021,82.397380,-7.452188
2.490000,0.387677,-4.133307,-0.718032,2.613086,2.736867,-7.182107,0.735547,-0.625338,17.951040,-28.932161,83.446237,-5.224866
2.500000,0.289296,-3.888870,-0.855054,2.363837,2.577973,-7.202735,0.716314,-0.653316,18.011286,-28.767728,84.419998,-2.984485
2.510000,0.208786,-3.639633,-0.980699,2.119436,2.412240,-7.200950,0.697194,-0.681605,18.070731,-28.591789,85.317787,-0.736645
2.520000,0.147147,-3.387385,-1.096315,1.881254,2.239176,-7.177070,0.678195,-0.710181,18.129369,-28.404413,86.138795,1.513037
2.530000,0.105118,-3.133876,-1.203227,1.650524,2.058396,-7.131477,0.659325,-0.739018,18.187194,-28.205676,86.882285,3.758937
2.540000,0.083194,-2.880794,-1.302707,1.428336,1.869630,-7.064601,0.640592,-0.768090,18.244201,-27.995657,87.547586,5.995442
2.550000,0.081631,-2.629740,-1.395940,1.215631,1.672714,-6.976908,0.622002,-0.797370,18.300383,-27.774440,88.134100,8.216961
2.560000,0.100467,-2.382213,-1.483996,1.013196,1.467598,-6.868891,0.603563,-0.826833,18.355735,-27.542114,88.641300,10.417942
2.570000,0.139540,-2.139589,-1.567806,0.821663,1.254343,-6.741058,0.585282,-0.856451,18.410251,-27.298772,89.068729,12.592884
2.580000,0.198507,-1.903106,-1.648146,0.641509,1.033115,-6.593927,0.567168,-0.886199,18.463927,-27.044510,89.416001,14.736350
2.590000,0.276869,-1.673848,-1.725620,0.473050,0.804183,-6.428015,0.549227,-0.916048,18.516756,-26.779430,89.682805,16.842983
2.600000,0.373993,-1.452735,-1.800656,0.316448,0.567916,-6.243841,0.531466,-0.945974,18.568733,-26.503640,89.868901,18.907517
2.610000,0.489129,-1.240513,-1.873496,0.171705,0.324774,-6.041917,0.513892,-0.975947,18.619853,-26.217248,89.974121,20.924792
2.620000,0.621438,-1.037743,-1.944205,0.038672,0.075302,-5.822752,0.496513,-1.005943,18.670112,-25.920369,89.998370,22.889766
2.630000,0.770006,-0.844799,-2.012670,-0.082954,-0.179874,-5.586852,0.479335,-1.035933,18.719503,-25.613123,89.941627,24.797527
2.640000,0.933862,-0.661866,-2.078613,-0.193625,-0.440061,-5.334723,0.462365,-1.065890,18.768023,-25.295632,89.803942,26.643308
2.650000,1.111991,-0.488936,-2.141603,-0.293937,-0.704502,-5.066878,0.445611,-1.095789,18.815665,-24.968023,89.585440,28.422494
2.660000,1.303348,-0.325815,-2.201072,-0.384623,-0.972390,-4.783839,0.429078,-1.125601,18.862426,-24.630427,89.286317,30.130639
2.670000,1.506862,-0.172122,-2.256334,-0.466552,-1.242872,-4.486151,0.412774,-1.155300,18.908301,-24.282980,88.906842,31.763473
2.680000,1.721447,-0.027302,-2.306606,-0.540715,-1.515068,-4.174385,0.396704,-1.184859,18.953285,-23.925819,88.447357,33.316915
2.690000,1.945998,0.109370,-2.351025,-0.608222,-1.788072,-3.849153,0.380876,-1.214251,18.997374,-23.559089,87.908276,34.787082
2.700000,2.179395,0.238773,-2.388677,-0.670289,-2.060970,-3.511112,0.365295,-1.243451,19.040563,-23.182935,87.290083,36.170299
2.710000,2.420498,0.361932,-2.418614,-0.728229,-2.332848,-3.160984,0.349968,-1.272431,19.082848,-22.797508,86.593335,37.463110
2.720000,2.668143,0.479998,-2.439880,-0.783438,-2.602803,-2.799556,0.334901,-1.301167,19.124224,-22.402962,85.818658,38.662282
2.730000,2.921137,0.594234,-2.451533,-0.837383,-2.869956,-2.427701,0.320101,-1.329631,19.164688,-21.999456,84.966751,39.764818
2.740000,3.178248,0.705996,-2.452670,-0.891587,-3.133460,-2.046383,0.305572,-1.357799,19.204236,-21.587150,84.038379,40.767963
2.750000,3.438200,0.816716,-2.442444,-0.947607,-3.392515,-1.656665,0.291321,-1.385644,19.242863,-21.166210,83.034379,41.669210
2.760000,3.699661,0.927873,-2.420090,-1.007026,-3.646375,-1.259725,0.277353,-1.413142,19.280566,-20.736803,81.955653,42.466305
2.770000,3.961240,1.040981,-2.384945,-1.071423,-3.894360,-0.856855,0.263674,-1.440269,19.317341,-20.299102,80.803173,43.157257
2.780000,4.221480,1.157559,-2.336467,-1.142360,-4.135864,-0.449470,0.250290,-1.466999,19.353185,-19.853282,79.577975,43.740338
2.790000,4.478852,1.279109,-2.274255,-1.221355,-4.370362,-0.039113,0.237206,-1.493309,19.388092,-19.399520,78.281162,44.214090
2.800000,4.731755,1.407094,-2.198070,-1.309863,-4.597422,0.372547,0.224427,-1.519175,19.422062,-18.937999,76.913902,44.577331
2.810000,4.978516,1.542907,-2.107850,-1.409249,-4.816706,0.783716,0.211958,-1.544573,19.455088,-18.468903,75.477424,44.829152
2.820000,5.217398,1.687851,-2.003727,-1.520766,-5.027978,1.192474,0.199804,-1.569482,19.487170,-17.992420,73.973022,44.968922
2.830000,5.446607,1.843112,-1.886040,-1.645530,-5.231104,1.596791,0.187970,-1.593878,19.518302,-17.508740,72.402049,44.996295
2.840000,5.664306,2.009733,-1.755352,-1.784496,-5.426058,1.994527,0.176461,-1.617739,19.548483,-17.018057,70.765919,44.911199
2.850000,5.868635,2.188590,-1.612456,-1.938437,-5.612917,2.383455,0.165282,-1.641044,19.577709,-16.520566,69.066104,44.713850
2.860000,6.057730,2.380369,-1.458385,-2.107915,-5.791861,2.761269,0.154436,-1.663773,19.605977,-16.016468,67.304135,44.404738
2.870000,6.229759,2.585545,-1.294411,-2.293270,-5.963169,3.125607,0.143929,-1.685904,19.633285,-15.505963,65.481596,43.984639
2.880000,6.382946,2.804360,-1.122050,-2.494592,-6.127211,3.474074,0.133763,-1.707417,19.659629,-14.989256,63.600129,43.454600
2.890000,6.515616,3.036810,-0.943051,-2.711712,-6.284441,3.804265,0.123945,-1.728294,19.685008,-14.466554,61.661425,42.815948
2.900000,6.626229,3.282629,-0.759385,-2.944184,-6.435389,4.113793,0.114477,-1.748515,19.709417,-13.938065,59.667231,42.070277
2.910000,6.713428,3.541279,-0.573230,-3.191280,-6.580642,4.400321,0.105363,-1.768063,19.732856,-13.404002,57.619340,41.219454
2.920000,6.776080,3.811948,-0.386942,-3.451980,-6.720837,4.661586,0.096606,-1.786920,19.755322,-12.864576,55.519595,40.265603
2.930000,6.813325,4.093551,-0.203024,-3.724975,-6.856643,4.895443,0.088212,-1.805068,19.776812,-12.320005,53.369887,39.211109
2.940000,6.824611,4.384732,-0.024090,-4.008667,-6.988745,5.099887,0.080181,-1.822492,19.797324,-11.770507,51.172149,38.058607
2.950000,6.809742,4.683883,0.147187,-4.301180,-7.117825,5.273092,0.072519,-1.839175,19.816857,-11.216300,48.928360,36.810979
2.960000,6.768907,4.989155,0.308119,-4.600371,-7.244547,5.413445,0.065228,-1.855103,19.835408,-10.657607,46.640539,35.471343
2.970000,6.702710,5.298492,0.456071,-4.903853,-7.369535,5.519574,0.058310,-1.870262,19.852975,-10.094651,44.310744,34.043047
2.980000,6.612183,5.609654,0.588513,-5.209015,-7.493359,5.590379,0.051770,-1.884637,19.869557,-9.527657,41.941072,32.529661
2.990000,6.498803,5.920261,0.703094,-5.513052,-7.616515,5.625061,0.045608,-1.898216,19.885152,-8.956852,39.533657,30.934967
3.000000,6.364477,6.227830,0.797701,-5.813000,-7.739410,5.623143,0.039828,-1.910987,19.899759,-8.382465,37.090664,29.262953
