0.000000,-0.217334,-0.973760,-0.253873,0.084587,0.198972,0.917491
0.010000,-0.216149,-0.961215,-0.252468,0.079440,0.198536,0.905363
0.020000,-0.214971,-0.948993,-0.251072,0.074301,0.198100,0.893589
0.030000,-0.213800,-0.937080,-0.249686,0.069170,0.197666,0.882151
0.040000,-0.212637,-0.925466,-0.248309,0.064048,0.197233,0.871032
0.050000,-0.211482,-0.914137,-0.246941,0.058935,0.196801,0.860219
0.060000,-0.210333,-0.903083,-0.245582,0.053830,0.196370,0.849695
0.070000,-0.209192,-0.892295,-0.244231,0.048734,0.195940,0.839448
0.080000,-0.208058,-0.881760,-0.242890,0.043647,0.195511,0.829466
0.090000,-0.206931,-0.871471,-0.241557,0.038569,0.195084,0.819736
0.100000,-0.205812,-0.861419,-0.240233,0.033500,0.194657,0.810248
0.110000,-0.204699,-0.851594,-0.238917,0.028440,0.194232,0.800992
0.120000,-0.203593,-0.841988,-0.237610,0.023390,0.193807,0.791957
0.130000,-0.202494,-0.832594,-0.236311,0.018350,0.193384,0.783135
0.140000,-0.201402,-0.823405,-0.235020,0.013319,0.192962,0.774517
0.150000,-0.200317,-0.814412,-0.233738,0.008297,0.192541,0.766095
0.160000,-0.199238,-0.805610,-0.232464,0.003286,0.192121,0.757861
0.170000,-0.198166,-0.796992,-0.231198,-0.001716,0.191702,0.749808
0.180000,-0.197101,-0.788552,-0.229940,-0.006707,0.191284,0.741930
0.190000,-0.196042,-0.780283,-0.228690,-0.011689,0.190867,0.734219
0.200000,-0.194990,-0.772181,-0.227448,-0.016660,0.190452,0.726669
0.210000,-0.193944,-0.764239,-0.226214,-0.021621,0.190037,0.719276
0.220000,-0.192904,-0.756453,-0.224988,-0.026571,0.189623,0.712032
0.230000,-0.191871,-0.748818,-0.223769,-0.031511,0.189211,0.704934
0.240000,-0.190844,-0.741329,-0.222558,-0.036440,0.188799,0.697975
0.250000,-0.189824,-0.733981,-0.221354,-0.041358,0.188389,0.691152
0.260000,-0.188809,-0.726771,-0.220158,-0.046266,0.187979,0.684459
0.270000,-0.187801,-0.719693,-0.218970,-0.051163,0.187571,0.677893
0.280000,-0.186799,-0.712744,-0.217788,-0.056048,0.187163,0.671449
0.290000,-0.185803,-0.705921,-0.216614,-0.060923,0.186757,0.665123
0.300000,-0.184812,-0.699218,-0.215448,-0.065786,0.186351,0.658911
0.310000,-0.183828,-0.692634,-0.214288,-0.070638,0.185947,0.652811
0.320000,-0.182850,-0.686164,-0.213136,-0.075478,0.185544,0.646818
0.330000,-0.181877,-0.679805,-0.211991,-0.080307,0.185141,0.640929
0.340000,-0.180911,-0.673554,-0.210853,-0.085125,0.184740,0.635142
0.350000,-0.179950,-0.667409,-0.209722,-0.089931,0.184340,0.629453
0.360000,-0.178995,-0.661365,-0.208597,-0.094725,0.183940,0.623859
0.370000,-0.178045,-0.655421,-0.207480,-0.099507,0.183542,0.618357
0.380000,-0.177101,-0.649574,-0.206369,-0.104277,0.183145,0.612945
0.390000,-0.176163,-0.643820,-0.205265,-0.109035,0.182748,0.607621
0.400000,-0.175230,-0.638159,-0.204168,-0.113782,0.182353,0.602382
0.410000,-0.174303,-0.632586,-0.203077,-0.118516,0.181959,0.597225
0.420000,-0.173381,-0.627100,-0.201993,-0.123237,0.181565,0.592148
0.430000,-0.172465,-0.621699,-0.200916,-0.127947,0.181173,0.587150
0.440000,-0.171554,-0.616380,-0.199845,-0.132644,0.180781,0.582228
0.450000,-0.170649,-0.611142,-0.198780,-0.137328,0.180391,0.577380
0.460000,-0.169748,-0.605982,-0.197722,-0.142000,0.180001,0.572604
0.470000,-0.168853,-0.600898,-0.196671,-0.146660,0.179613,0.567898
0.480000,-0.167964,-0.595889,-0.195625,-0.151306,0.179225,0.563261
0.490000,-0.167079,-0.590953,-0.194586,-0.155940,0.178839,0.558691
0.500000,-0.166199,-0.586088,-0.193553,-0.160561,0.178453,0.554186
0.510000,-0.165325,-0.581292,-0.192526,-0.165169,0.178068,0.549745
0.520000,-0.164456,-0.576564,-0.191505,-0.169764,0.177685,0.545365
0.530000,-0.163592,-0.571901,-0.190490,-0.174346,0.177302,0.541046
0.540000,-0.162732,-0.567304,-0.189481,-0.178915,0.176920,0.536787
0.550000,-0.161878,-0.562769,-0.188478,-0.183471,0.176539,0.532585
0.560000,-0.161029,-0.558296,-0.187481,-0.188014,0.176159,0.528439
0.570000,-0.160184,-0.553883,-0.186490,-0.192543,0.175780,0.524348
0.580000,-0.159345,-0.549529,-0.185505,-0.197059,0.175402,0.520312
0.590000,-0.158510,-0.545233,-0.184525,-0.201561,0.175025,0.516328
0.600000,-0.157680,-0.540993,-0.183552,-0.206050,0.174649,0.512395
0.610000,-0.156855,-0.536808,-0.182584,-0.210525,0.174273,0.508513
0.620000,-0.156034,-0.532677,-0.181621,-0.214987,0.173899,0.504680
0.630000,-0.155218,-0.528599,-0.180665,-0.219435,0.173525,0.500895
0.640000,-0.154407,-0.524573,-0.179713,-0.223869,0.173153,0.497157
0.650000,-0.153601,-0.520597,-0.178768,-0.228290,0.172781,0.493465
0.660000,-0.152799,-0.516670,-0.177827,-0.232697,0.172410,0.489819
0.670000,-0.152001,-0.512792,-0.176893,-0.237090,0.172040,0.486216
0.680000,-0.151208,-0.508962,-0.175963,-0.241469,0.171671,0.482657
0.690000,-0.150420,-0.505178,-0.175039,-0.245834,0.171303,0.479141
0.700000,-0.149636,-0.501439,-0.174121,-0.250185,0.170936,0.475666
0.710000,-0.148857,-0.497746,-0.173207,-0.254522,0.170570,0.472231
0.720000,-0.148082,-0.494096,-0.172299,-0.258844,0.170204,0.468837
0.730000,-0.147311,-0.490489,-0.171397,-0.263153,0.169840,0.465482
0.740000,-0.146544,-0.486924,-0.170499,-0.267448,0.169476,0.462165
0.750000,-0.145782,-0.483401,-0.169606,-0.271728,0.169114,0.458885
0.760000,-0.145025,-0.479918,-0.168719,-0.275994,0.168752,0.455643
0.770000,-0.144271,-0.476475,-0.167837,-0.280245,0.168391,0.452437
0.780000,-0.143522,-0.473070,-0.166959,-0.284483,0.168031,0.449266
0.790000,-0.142777,-0.469704,-0.166087,-0.288705,0.167671,0.446130
0.800000,-0.142036,-0.466376,-0.165220,-0.292914,0.167313,0.443029
0.810000,-0.141299,-0.463084,-0.164357,-0.297108,0.166956,0.439961
0.820000,-0.140566,-0.459829,-0.163500,-0.301287,0.166599,0.436926
0.830000,-0.139838,-0.456609,-0.162647,-0.305452,0.166243,0.433923
0.840000,-0.139113,-0.453424,-0.161799,-0.309603,0.165888,0.430952
0.850000,-0.138393,-0.450273,-0.160956,-0.313738,0.165534,0.428013
0.860000,-0.137676,-0.447156,-0.160118,-0.317860,0.165181,0.425104
0.870000,-0.136964,-0.444072,-0.159284,-0.321966,0.164829,0.422225
0.880000,-0.136255,-0.441021,-0.158456,-0.326058,0.164477,0.419376
0.890000,-0.135551,-0.438002,-0.157631,-0.330135,0.164126,0.416556
0.900000,-0.134850,-0.435013,-0.156812,-0.334197,0.163777,0.413765
0.910000,-0.134153,-0.432056,-0.155997,-0.338245,0.163428,0.411001
0.920000,-0.133460,-0.429129,-0.155187,-0.342278,0.163079,0.408266
0.930000,-0.132771,-0.426232,-0.154381,-0.346296,0.162732,0.405558
0.940000,-0.132086,-0.423365,-0.153580,-0.350299,0.162386,0.402876
0.950000,-0.131404,-0.420526,-0.152783,-0.354287,0.162040,0.400221
0.960000,-0.130726,-0.417715,-0.151990,-0.358261,0.161695,0.397592
0.970000,-0.130052,-0.414933,-0.151202,-0.362219,0.161351,0.394988
0.980000,-0.129382,-0.412178,-0.150419,-0.366163,0.161008,0.392409
0.990000,-0.128715,-0.409450,-0.149640,-0.370092,0.160665,0.389855
1.000000,-0.128052,-0.406748,-0.148865,-0.374005,0.160324,0.387325
1.010000,-0.127393,-0.404073,-0.148094,-0.377904,0.159983,0.384820
1.020000,-0.126737,-0.401424,-0.147328,-0.381788,0.159643,0.382337
1.030000,-0.126084,-0.398799,-0.146566,-0.385657,0.159304,0.379878
1.040000,-0.125436,-0.396200,-0.145808,-0.389511,0.158966,0.377442
1.050000,-0.124791,-0.393626,-0.145055,-0.393350,0.158628,0.375028
1.060000,-0.124149,-0.391075,-0.144305,-0.397174,0.158291,0.372637
1.070000,-0.123511,-0.388549,-0.143560,-0.400983,0.157955,0.370267
1.080000,-0.122876,-0.386046,-0.142819,-0.404777,0.157620,0.367919
1.090000,-0.122245,-0.383566,-0.142081,-0.408556,0.157286,0.365592
1.100000,-0.121617,-0.381109,-0.141348,-0.412320,0.156952,0.363285
1.110000,-0.120993,-0.378674,-0.140619,-0.416068,0.156620,0.361000
1.120000,-0.120372,-0.376262,-0.139894,-0.419802,0.156288,0.358734
1.130000,-0.119754,-0.373871,-0.139173,-0.423521,0.155956,0.356489
1.140000,-0.119140,-0.371502,-0.138456,-0.427225,0.155626,0.354263
1.150000,-0.118529,-0.369154,-0.137743,-0.430913,0.155296,0.352057
1.160000,-0.117921,-0.366827,-0.137034,-0.434587,0.154968,0.349870
1.170000,-0.117317,-0.364520,-0.136328,-0.438245,0.154640,0.347702
1.180000,-0.116716,-0.362234,-0.135627,-0.441889,0.154312,0.345552
1.190000,-0.116118,-0.359968,-0.134929,-0.445517,0.153986,0.343421
1.200000,-0.115523,-0.357722,-0.134235,-0.449131,0.153660,0.341308
1.210000,-0.114932,-0.355495,-0.133545,-0.452729,0.153335,0.339213
1.220000,-0.114344,-0.353287,-0.132859,-0.456312,0.153011,0.337135
1.230000,-0.113759,-0.351098,-0.132176,-0.459880,0.152687,0.335075
1.240000,-0.113177,-0.348928,-0.131497,-0.463434,0.152364,0.333032
1.250000,-0.112598,-0.346776,-0.130822,-0.466972,0.152042,0.331006
1.260000,-0.112022,-0.344643,-0.130151,-0.470495,0.151721,0.328996
1.270000,-0.111449,-0.342527,-0.129483,-0.474003,0.151401,0.327003
1.280000,-0.110880,-0.340429,-0.128818,-0.477497,0.151081,0.325027
1.290000,-0.110313,-0.338349,-0.128158,-0.480975,0.150762,0.323066
1.300000,-0.109750,-0.336286,-0.127501,-0.484438,0.150444,0.321122
1.310000,-0.109189,-0.334239,-0.126847,-0.487887,0.150126,0.319193
1.320000,-0.108632,-0.332210,-0.126197,-0.491320,0.149810,0.317279
1.330000,-0.108077,-0.330197,-0.125550,-0.494738,0.149494,0.315381
1.340000,-0.107526,-0.328201,-0.124907,-0.498142,0.149178,0.313498
1.350000,-0.106977,-0.326221,-0.124268,-0.501531,0.148864,0.311630
1.360000,-0.106432,-0.324257,-0.123632,-0.504904,0.148550,0.309776
1.370000,-0.105889,-0.322308,-0.122999,-0.508263,0.148237,0.307937
1.380000,-0.105349,-0.320376,-0.122370,-0.511607,0.147925,0.306113
1.390000,-0.104812,-0.318458,-0.121744,-0.514936,0.147613,0.304303
1.400000,-0.104278,-0.316556,-0.121121,-0.518251,0.147302,0.302506
1.410000,-0.103747,-0.314669,-0.120502,-0.521550,0.146992,0.300724
1.420000,-0.103218,-0.312796,-0.119886,-0.524835,0.146683,0.298955
1.430000,-0.102692,-0.310938,-0.119273,-0.528105,0.146374,0.297200
1.440000,-0.102170,-0.309095,-0.118664,-0.531360,0.146066,0.295458
1.450000,-0.101649,-0.307266,-0.118058,-0.534601,0.145759,0.293729
1.460000,-0.101132,-0.305451,-0.117455,-0.537826,0.145452,0.292014
1.470000,-0.100617,-0.303650,-0.116855,-0.541038,0.145146,0.290311
1.480000,-0.100105,-0.301863,-0.116259,-0.544234,0.144841,0.288621
1.490000,-0.099596,-0.300090,-0.115666,-0.547416,0.144536,0.286944
1.500000,-0.099090,-0.298330,-0.115076,-0.550583,0.144233,0.285279
1.510000,-0.098586,-0.296583,-0.114489,-0.553736,0.143930,0.283627
1.520000,-0.098085,-0.294850,-0.113905,-0.556874,0.143627,0.281987
1.530000,-0.097586,-0.293130,-0.113324,-0.559997,0.143326,0.280359
1.540000,-0.097090,-0.291422,-0.112747,-0.563106,0.143025,0.278742
1.550000,-0.096597,-0.289727,-0.112172,-0.566201,0.142724,0.277138
1.560000,-0.096106,-0.288045,-0.111601,-0.569281,0.142425,0.275545
1.570000,-0.095618,-0.286375,-0.111032,-0.572347,0.142126,0.273964
1.580000,-0.095133,-0.284718,-0.110467,-0.575398,0.141828,0.272394
1.590000,-0.094650,-0.283073,-0.109904,-0.578435,0.141530,0.270836
1.600000,-0.094169,-0.281440,-0.109345,-0.581458,0.141233,0.269289
1.610000,-0.093691,-0.279818,-0.108788,-0.584466,0.140937,0.267752
1.620000,-0.093216,-0.278209,-0.108235,-0.587460,0.140642,0.266227
1.630000,-0.092743,-0.276611,-0.107684,-0.590439,0.140347,0.264713
1.640000,-0.092272,-0.275025,-0.107136,-0.593405,0.140053,0.263209
1.650000,-0.091804,-0.273450,-0.106592,-0.596356,0.139759,0.261716
1.660000,-0.091339,-0.271886,-0.106050,-0.599293,0.139466,0.260233
1.670000,-0.090876,-0.270334,-0.105510,-0.602216,0.139174,0.258761
1.680000,-0.090415,-0.268793,-0.104974,-0.605125,0.138883,0.257299
1.690000,-0.089957,-0.267262,-0.104441,-0.608020,0.138592,0.255847
1.700000,-0.089501,-0.265743,-0.103910,-0.610901,0.138302,0.254406
1.710000,-0.089047,-0.264234,-0.103382,-0.613768,0.138012,0.252974
1.720000,-0.088596,-0.262736,-0.102857,-0.616621,0.137724,0.251552
1.730000,-0.088148,-0.261248,-0.102335,-0.619460,0.137435,0.250140
1.740000,-0.087701,-0.259771,-0.101816,-0.622285,0.137148,0.248738
1.750000,-0.087257,-0.258304,-0.101299,-0.625096,0.136861,0.247345
1.760000,-0.086815,-0.256847,-0.100785,-0.627894,0.136575,0.245961
1.770000,-0.086376,-0.255400,-0.100273,-0.630677,0.136289,0.244588
1.780000,-0.085939,-0.253963,-0.099764,-0.633447,0.136005,0.243223
1.790000,-0.085504,-0.252536,-0.099258,-0.636203,0.135720,0.241867
1.800000,-0.085071,-0.251119,-0.098755,-0.638946,0.135437,0.240521
1.810000,-0.084641,-0.249711,-0.098254,-0.641675,0.135154,0.239184
1.820000,-0.084213,-0.248314,-0.097756,-0.644390,0.134872,0.237856
1.830000,-0.083787,-0.246925,-0.097261,-0.647092,0.134590,0.236536
1.840000,-0.083363,-0.245546,-0.096768,-0.649780,0.134309,0.235226
1.850000,-0.082941,-0.244177,-0.096277,-0.652455,0.134029,0.233924
1.860000,-0.082522,-0.242816,-0.095790,-0.655116,0.133749,0.232630
1.870000,-0.082105,-0.241465,-0.095304,-0.657764,0.133470,0.231346
1.880000,-0.081690,-0.240123,-0.094822,-0.660399,0.133191,0.230069
1.890000,-0.081277,-0.238789,-0.094341,-0.663020,0.132913,0.228801
1.900000,-0.080866,-0.237465,-0.093864,-0.665628,0.132636,0.227542
1.910000,-0.080458,-0.236149,-0.093389,-0.668223,0.132360,0.226290
1.920000,-0.080051,-0.234843,-0.092916,-0.670805,0.132084,0.225047
1.930000,-0.079647,-0.233544,-0.092446,-0.673373,0.131808,0.223812
1.940000,-0.079245,-0.232255,-0.091978,-0.675928,0.131534,0.222585
1.950000,-0.078845,-0.230973,-0.091512,-0.678471,0.131259,0.221365
1.960000,-0.078447,-0.229701,-0.091049,-0.681000,0.130986,0.220154
1.970000,-0.078051,-0.228436,-0.090589,-0.683516,0.130713,0.218950
1.980000,-0.077657,-0.227180,-0.090131,-0.686019,0.130441,0.217754
1.990000,-0.077265,-0.225932,-0.089675,-0.688510,0.130169,0.216566
2.000000,-0.076875,-0.224692,-0.089221,-0.690987,0.129898,0.215386
2.010000,-0.076487,-0.223460,-0.088770,-0.693452,0.129628,0.214213
2.020000,-0.076101,-0.222236,-0.088322,-0.695904,0.129358,0.213047
2.030000,-0.075717,-0.221020,-0.087875,-0.698343,0.129089,0.211889
2.040000,-0.075335,-0.219811,-0.087431,-0.700770,0.128820,0.210738
2.050000,-0.074955,-0.218611,-0.086990,-0.703184,0.128552,0.209594
2.060000,-0.074577,-0.217418,-0.086550,-0.705585,0.128285,0.208458
2.070000,-0.074201,-0.216233,-0.086113,-0.707974,0.128018,0.207328
2.080000,-0.073827,-0.215055,-0.085678,-0.710350,0.127752,0.206206
2.090000,-0.073455,-0.213885,-0.085245,-0.712714,0.127486,0.205091
2.100000,-0.073084,-0.212722,-0.084815,-0.715065,0.127221,0.203983
2.110000,-0.072716,-0.211567,-0.084387,-0.717404,0.126957,0.202881
2.120000,-0.072350,-0.210418,-0.083961,-0.719730,0.126693,0.201787
2.130000,-0.071985,-0.209277,-0.083537,-0.722045,0.126430,0.200699
2.140000,-0.071622,-0.208144,-0.083115,-0.724347,0.126167,0.199618
2.150000,-0.071261,-0.207017,-0.082696,-0.726637,0.125905,0.198544
2.160000,-0.070902,-0.205897,-0.082278,-0.728914,0.125643,0.197476
2.170000,-0.070545,-0.204785,-0.081863,-0.731180,0.125383,0.196415
2.180000,-0.070190,-0.203679,-0.081450,-0.733434,0.125122,0.195360
2.190000,-0.069836,-0.202580,-0.081039,-0.735675,0.124863,0.194312
2.200000,-0.069485,-0.201488,-0.080631,-0.737905,0.124603,0.193271
2.210000,-0.069135,-0.200402,-0.080224,-0.740122,0.124345,0.192235
2.220000,-0.068787,-0.199324,-0.079820,-0.742328,0.124087,0.191206
2.230000,-0.068440,-0.198252,-0.079417,-0.744522,0.123829,0.190183
2.240000,-0.068096,-0.197187,-0.079017,-0.746704,0.123573,0.189167
2.250000,-0.067753,-0.196128,-0.078618,-0.748874,0.123316,0.188156
2.260000,-0.067412,-0.195075,-0.078222,-0.751033,0.123061,0.187152
2.270000,-0.067073,-0.194029,-0.077828,-0.753180,0.122805,0.186154
2.280000,-0.066735,-0.192990,-0.077436,-0.755316,0.122551,0.185161
2.290000,-0.066400,-0.191957,-0.077046,-0.757440,0.122297,0.184175
2.300000,-0.066066,-0.190930,-0.076657,-0.759552,0.122043,0.183195
2.310000,-0.065733,-0.189909,-0.076271,-0.761653,0.121791,0.182220
2.320000,-0.065403,-0.188894,-0.075887,-0.763742,0.121538,0.181251
2.330000,-0.065074,-0.187886,-0.075505,-0.765820,0.121287,0.180288
2.340000,-0.064746,-0.186884,-0.075125,-0.767887,0.121035,0.179331
2.350000,-0.064421,-0.185887,-0.074746,-0.769943,0.120785,0.178380
2.360000,-0.064097,-0.184897,-0.074370,-0.771987,0.120535,0.177434
2.370000,-0.063774,-0.183913,-0.073996,-0.774020,0.120285,0.176494
2.380000,-0.063454,-0.182934,-0.073623,-0.776042,0.120036,0.175559
2.390000,-0.063135,-0.181962,-0.073252,-0.778053,0.119788,0.174630
2.400000,-0.062817,-0.180995,-0.072884,-0.780052,0.119540,0.173706
2.410000,-0.062502,-0.180034,-0.072517,-0.782041,0.119293,0.172788
2.420000,-0.062188,-0.179078,-0.072152,-0.784019,0.119046,0.171875
2.430000,-0.061875,-0.178129,-0.071789,-0.785986,0.118799,0.170968
2.440000,-0.061564,-0.177185,-0.071428,-0.787942,0.118554,0.170065
2.450000,-0.061255,-0.176246,-0.071068,-0.789887,0.118309,0.169169
2.460000,-0.060947,-0.175313,-0.070711,-0.791822,0.118064,0.168277
2.470000,-0.060641,-0.174386,-0.070355,-0.793746,0.117820,0.167390
2.480000,-0.060336,-0.173464,-0.070001,-0.795659,0.117576,0.166509
2.490000,-0.060033,-0.172547,-0.069649,-0.797561,0.117333,0.165633
2.500000,-0.059731,-0.171636,-0.069299,-0.799453,0.117091,0.164762
2.510000,-0.059431,-0.170730,-0.068950,-0.801334,0.116849,0.163896
2.520000,-0.059133,-0.169830,-0.068604,-0.803205,0.116608,0.163035
2.530000,-0.058836,-0.168934,-0.068259,-0.805066,0.116367,0.162179
2.540000,-0.058540,-0.168044,-0.067916,-0.806916,0.116126,0.161328
2.550000,-0.058246,-0.167159,-0.067574,-0.808755,0.115887,0.160482
2.560000,-0.057954,-0.166280,-0.067235,-0.810585,0.115647,0.159640
2.570000,-0.057663,-0.165405,-0.066897,-0.812404,0.115409,0.158804
2.580000,-0.057374,-0.164536,-0.066561,-0.814212,0.115170,0.157972
2.590000,-0.057086,-0.163671,-0.066226,-0.816011,0.114933,0.157145
2.600000,-0.056799,-0.162812,-0.065893,-0.817800,0.114696,0.156323
2.610000,-0.056514,-0.161957,-0.065562,-0.819578,0.114459,0.155506
2.620000,-0.056230,-0.161107,-0.065233,-0.821347,0.114223,0.154693
2.630000,-0.055948,-0.160263,-0.064905,-0.823105,0.113987,0.153885
2.640000,-0.055667,-0.159423,-0.064579,-0.824854,0.113752,0.153081
2.650000,-0.055388,-0.158588,-0.064255,-0.826593,0.113517,0.152282
2.660000,-0.055110,-0.157757,-0.063932,-0.828321,0.113283,0.151488
2.670000,-0.054833,-0.156932,-0.063611,-0.830040,0.113050,0.150698
2.680000,-0.054558,-0.156111,-0.063291,-0.831750,0.112817,0.149912
2.690000,-0.054285,-0.155295,-0.062974,-0.833449,0.112584,0.149131
2.700000,-0.054012,-0.154484,-0.062657,-0.835139,0.112352,0.148355
2.710000,-0.053741,-0.153677,-0.062343,-0.836819,0.112121,0.147582
2.720000,-0.053472,-0.152874,-0.062030,-0.838490,0.111890,0.146814
2.730000,-0.053204,-0.152077,-0.061718,-0.840151,0.111659,0.146051
2.740000,-0.052937,-0.151284,-0.061408,-0.841803,0.111429,0.145292
2.750000,-0.052671,-0.150495,-0.061100,-0.843445,0.111200,0.144537
2.760000,-0.052407,-0.149711,-0.060794,-0.845078,0.110971,0.143786
2.770000,-0.052144,-0.148931,-0.060488,-0.846702,0.110742,0.143039
2.780000,-0.051883,-0.148156,-0.060185,-0.848316,0.110514,0.142297
2.790000,-0.051623,-0.147385,-0.059883,-0.849921,0.110287,0.141559
2.800000,-0.051364,-0.146618,-0.059582,-0.851517,0.110060,0.140825
2.810000,-0.051106,-0.145856,-0.059283,-0.853103,0.109833,0.140095
2.820000,-0.050850,-0.145098,-0.058986,-0.854681,0.109607,0.139369
2.830000,-0.050595,-0.144344,-0.058690,-0.856249,0.109381,0.138647
2.840000,-0.050342,-0.143594,-0.058395,-0.857809,0.109156,0.137929
2.850000,-0.050089,-0.142849,-0.058103,-0.859359,0.108932,0.137215
2.860000,-0.049838,-0.142108,-0.057811,-0.860900,0.108708,0.136505
2.870000,-0.049588,-0.141370,-0.057521,-0.862433,0.108484,0.135799
2.880000,-0.049340,-0.140638,-0.057233,-0.863957,0.108261,0.135097
2.890000,-0.049093,-0.139909,-0.056946,-0.865471,0.108038,0.134399
2.900000,-0.048846,-0.139184,-0.056660,-0.866978,0.107816,0.133704
2.910000,-0.048602,-0.138463,-0.056376,-0.868475,0.107595,0.133014
2.920000,-0.048358,-0.137746,-0.056093,-0.869964,0.107374,0.132327
2.930000,-0.048116,-0.137033,-0.055812,-0.871444,0.107153,0.131644
2.940000,-0.047875,-0.136325,-0.055532,-0.872915,0.106933,0.130965
2.950000,-0.047635,-0.135620,-0.055254,-0.874378,0.106713,0.130290
2.960000,-0.047396,-0.134919,-0.054977,-0.875832,0.106494,0.129618
2.970000,-0.047159,-0.134222,-0.054701,-0.877278,0.106275,0.128950
2.980000,-0.046923,-0.133528,-0.054427,-0.878716,0.106057,0.128286
2.990000,-0.046688,-0.132839,-0.054154,-0.880145,0.105839,0.127625
3.000000,-0.046454,-0.132153,-0.053882,-0.881566,0.105621,0.126968
3.010000,-0.046221,-0.131471,-0.053612,-0.882978,0.105404,0.126314
3.020000,-0.045989,-0.130793,-0.053344,-0.884382,0.105188,0.125664
3.030000,-0.045759,-0.130119,-0.053076,-0.885778,0.104972,0.125018
3.040000,-0.045530,-0.129448,-0.052810,-0.887166,0.104757,0.124375
3.050000,-0.045302,-0.128781,-0.052546,-0.888546,0.104542,0.123736
3.060000,-0.045075,-0.128118,-0.052282,-0.889917,0.104327,0.123100
3.070000,-0.044849,-0.127458,-0.052020,-0.891281,0.104113,0.122467
3.080000,-0.044625,-0.126802,-0.051760,-0.892636,0.103899,0.121838
3.090000,-0.044401,-0.126149,-0.051500,-0.893984,0.103686,0.121213
3.100000,-0.044179,-0.125500,-0.051242,-0.895323,0.103473,0.120591
3.110000,-0.043958,-0.124855,-0.050986,-0.896655,0.103261,0.119972
3.120000,-0.043738,-0.124213,-0.050730,-0.897979,0.103049,0.119356
3.130000,-0.043519,-0.123574,-0.050476,-0.899295,0.102838,0.118744
3.140000,-0.043301,-0.122939,-0.050223,-0.900604,0.102627,0.118135
3.150000,-0.043084,-0.122308,-0.049972,-0.901904,0.102417,0.117530
3.160000,-0.042868,-0.121680,-0.049721,-0.903197,0.102207,0.116928
3.170000,-0.042654,-0.121055,-0.049472,-0.904482,0.101997,0.116329
3.180000,-0.042440,-0.120434,-0.049225,-0.905760,0.101788,0.115733
3.190000,-0.042228,-0.119816,-0.048978,-0.907030,0.101580,0.115140
3.200000,-0.042017,-0.119201,-0.048733,-0.908293,0.101371,0.114551
3.210000,-0.041806,-0.118590,-0.048489,-0.909548,0.101164,0.113965
3.220000,-0.041597,-0.117982,-0.048246,-0.910796,0.100956,0.113382
3.230000,-0.041389,-0.117377,-0.048004,-0.912036,0.100750,0.112802
3.240000,-0.041182,-0.116776,-0.047764,-0.913269,0.100543,0.112225
3.250000,-0.040976,-0.116178,-0.047525,-0.914495,0.100337,0.111651
3.260000,-0.040771,-0.115583,-0.047287,-0.915713,0.100132,0.111081
3.270000,-0.040567,-0.114991,-0.047050,-0.916924,0.099927,0.110513
3.280000,-0.040364,-0.114403,-0.046814,-0.918128,0.099722,0.109948
3.290000,-0.040162,-0.113817,-0.046580,-0.919325,0.099518,0.109387
3.300000,-0.039961,-0.113235,-0.046347,-0.920514,0.099314,0.108828
3.310000,-0.039761,-0.112656,-0.046115,-0.921697,0.099111,0.108273
3.320000,-0.039562,-0.112080,-0.045884,-0.922872,0.098908,0.107720
3.330000,-0.039364,-0.111507,-0.045654,-0.924040,0.098706,0.107171
3.340000,-0.039167,-0.110937,-0.045426,-0.925202,0.098504,0.106624
3.350000,-0.038971,-0.110370,-0.045199,-0.926356,0.098302,0.106080
3.360000,-0.038776,-0.109807,-0.044972,-0.927504,0.098101,0.105539
3.370000,-0.038582,-0.109246,-0.044747,-0.928645,0.097900,0.105001
3.380000,-0.038389,-0.108688,-0.044523,-0.929779,0.097700,0.104466
3.390000,-0.038197,-0.108133,-0.044301,-0.930906,0.097500,0.103934
3.400000,-0.038006,-0.107582,-0.044079,-0.932026,0.097301,0.103404
3.410000,-0.037816,-0.107033,-0.043858,-0.933140,0.097102,0.102878
3.420000,-0.037627,-0.106487,-0.043639,-0.934247,0.096903,0.102354
3.430000,-0.037439,-0.105944,-0.043420,-0.935347,0.096705,0.101833
3.440000,-0.037251,-0.105404,-0.043203,-0.936441,0.096507,0.101314
3.450000,-0.037065,-0.104866,-0.042987,-0.937528,0.096310,0.100799
3.460000,-0.036880,-0.104332,-0.042772,-0.938608,0.096113,0.100286
3.470000,-0.036695,-0.103800,-0.042558,-0.939683,0.095917,0.099776
3.480000,-0.036512,-0.103272,-0.042345,-0.940750,0.095721,0.099268
3.490000,-0.036329,-0.102746,-0.042133,-0.941811,0.095525,0.098763
3.500000,-0.036147,-0.102223,-0.041922,-0.942866,0.095330,0.098261
3.510000,-0.035967,-0.101702,-0.041713,-0.943915,0.095135,0.097762
3.520000,-0.035787,-0.101184,-0.041504,-0.944957,0.094941,0.097265
3.530000,-0.035608,-0.100670,-0.041296,-0.945993,0.094747,0.096771
3.540000,-0.035430,-0.100157,-0.041090,-0.947022,0.094553,0.096279
3.550000,-0.035253,-0.099648,-0.040884,-0.948046,0.094360,0.095790
3.560000,-0.035076,-0.099141,-0.040680,-0.949063,0.094167,0.095304
3.570000,-0.034901,-0.098637,-0.040476,-0.950074,0.093975,0.094820
3.580000,-0.034727,-0.098136,-0.040274,-0.951079,0.093783,0.094338
3.590000,-0.034553,-0.097637,-0.040072,-0.952078,0.093592,0.093860
3.600000,-0.034380,-0.097141,-0.039872,-0.953070,0.093401,0.093383
3.610000,-0.034208,-0.096647,-0.039673,-0.954057,0.093210,0.092909
3.620000,-0.034037,-0.096156,-0.039474,-0.955038,0.093020,0.092438
3.630000,-0.033867,-0.095668,-0.039277,-0.956013,0.092830,0.091969
3.640000,-0.033698,-0.095182,-0.039080,-0.956982,0.092640,0.091503
3.650000,-0.033529,-0.094699,-0.038885,-0.957945,0.092451,0.091039
3.660000,-0.033362,-0.094218,-0.038691,-0.958902,0.092263,0.090577
3.670000,-0.033195,-0.093740,-0.038497,-0.959853,0.092075,0.090118
3.680000,-0.033029,-0.093264,-0.038305,-0.960799,0.091887,0.089662
3.690000,-0.032864,-0.092791,-0.038113,-0.961739,0.091699,0.089207
3.700000,-0.032700,-0.092320,-0.037923,-0.962673,0.091512,0.088755
3.710000,-0.032536,-0.091852,-0.037733,-0.963601,0.091326,0.088306
3.720000,-0.032374,-0.091386,-0.037544,-0.964524,0.091139,0.087858
3.730000,-0.032212,-0.090923,-0.037357,-0.965441,0.090953,0.087414
3.740000,-0.032051,-0.090462,-0.037170,-0.966353,0.090768,0.086971
3.750000,-0.031891,-0.090004,-0.036984,-0.967259,0.090583,0.086531
3.760000,-0.031731,-0.089547,-0.036799,-0.968160,0.090398,0.086093
3.770000,-0.031573,-0.089094,-0.036615,-0.969055,0.090214,0.085657
3.780000,-0.031415,-0.088642,-0.036432,-0.969944,0.090030,0.085224
3.790000,-0.031258,-0.088193,-0.036250,-0.970828,0.089847,0.084792
3.800000,-0.031102,-0.087747,-0.036069,-0.971707,0.089663,0.084363
3.810000,-0.030946,-0.087302,-0.035888,-0.972580,0.089481,0.083937
3.820000,-0.030792,-0.086860,-0.035709,-0.973448,0.089298,0.083512
3.830000,-0.030638,-0.086421,-0.035531,-0.974311,0.089116,0.083090
3.840000,-0.030485,-0.085983,-0.035353,-0.975168,0.088935,0.082670
3.850000,-0.030333,-0.085548,-0.035176,-0.976021,0.088754,0.082252
3.860000,-0.030181,-0.085115,-0.035000,-0.976868,0.088573,0.081836
3.870000,-0.030030,-0.084685,-0.034826,-0.977709,0.088392,0.081423
3.880000,-0.029880,-0.084256,-0.034651,-0.978546,0.088212,0.081011
3.890000,-0.029731,-0.083830,-0.034478,-0.979378,0.088033,0.080602
3.900000,-0.029582,-0.083406,-0.034306,-0.980204,0.087853,0.080195
3.910000,-0.029435,-0.082985,-0.034135,-0.981025,0.087674,0.079790
3.920000,-0.029287,-0.082565,-0.033964,-0.981842,0.087496,0.079387
3.930000,-0.029141,-0.082148,-0.033794,-0.982653,0.087318,0.078986
3.940000,-0.028996,-0.081732,-0.033625,-0.983459,0.087140,0.078587
3.950000,-0.028851,-0.081319,-0.033457,-0.984260,0.086963,0.078190
3.960000,-0.028707,-0.080909,-0.033290,-0.985057,0.086786,0.077795
3.970000,-0.028563,-0.080500,-0.033124,-0.985848,0.086609,0.077403
3.980000,-0.028420,-0.080093,-0.032958,-0.986635,0.086433,0.077012
3.990000,-0.028278,-0.079689,-0.032794,-0.987417,0.086257,0.076623
4.000000,-0.028137,-0.079286,-0.032630,-0.988194,0.086081,0.076237
4.010000,-0.027997,-0.078886,-0.032467,-0.988966,0.085906,0.075852
4.020000,-0.027857,-0.078487,-0.032304,-0.989734,0.085731,0.075470
4.030000,-0.027718,-0.078091,-0.032143,-0.990496,0.085557,0.075089
4.040000,-0.027579,-0.077697,-0.031982,-0.991254,0.085383,0.074710
4.050000,-0.027441,-0.077305,-0.031823,-0.992008,0.085209,0.074334
4.060000,-0.027304,-0.076915,-0.031664,-0.992756,0.085036,0.073959
4.070000,-0.027168,-0.076527,-0.031505,-0.993501,0.084863,0.073586
4.080000,-0.027032,-0.076140,-0.031348,-0.994240,0.084690,0.073215
4.090000,-0.026897,-0.075756,-0.031191,-0.994975,0.084518,0.072846
4.100000,-0.026763,-0.075374,-0.031036,-0.995705,0.084346,0.072479
4.110000,-0.026629,-0.074994,-0.030881,-0.996431,0.084175,0.072113
4.120000,-0.026496,-0.074616,-0.030726,-0.997153,0.084003,0.071750
4.130000,-0.026364,-0.074240,-0.030573,-0.997870,0.083833,0.071389
4.140000,-0.026232,-0.073865,-0.030420,-0.998582,0.083662,0.071029
4.150000,-0.026101,-0.073493,-0.030268,-0.999290,0.083492,0.070671
4.160000,-0.025971,-0.073122,-0.030117,-0.999994,0.083322,0.070315
4.170000,-0.025841,-0.072754,-0.029967,-1.000693,0.083153,0.069961
4.180000,-0.025712,-0.072387,-0.029817,-1.001388,0.082984,0.069609
4.190000,-0.025584,-0.072022,-0.029668,-1.002079,0.082815,0.069258
4.200000,-0.025456,-0.071660,-0.029520,-1.002766,0.082647,0.068909
4.210000,-0.025329,-0.071298,-0.029372,-1.003448,0.082479,0.068562
4.220000,-0.025202,-0.070939,-0.029226,-1.004126,0.082312,0.068217
4.230000,-0.025076,-0.070582,-0.029080,-1.004800,0.082144,0.067874
4.240000,-0.024951,-0.070226,-0.028934,-1.005469,0.081978,0.067532
4.250000,-0.024827,-0.069873,-0.028790,-1.006135,0.081811,0.067192
4.260000,-0.024703,-0.069521,-0.028646,-1.006796,0.081645,0.066854
4.270000,-0.024579,-0.069171,-0.028503,-1.007453,0.081479,0.066518
4.280000,-0.024457,-0.068823,-0.028361,-1.008106,0.081314,0.066183
4.290000,-0.024334,-0.068476,-0.028219,-1.008755,0.081148,0.065850
4.300000,-0.024213,-0.068131,-0.028078,-1.009400,0.080984,0.065519
4.310000,-0.024092,-0.067788,-0.027938,-1.010041,0.080819,0.065189
4.320000,-0.023972,-0.067447,-0.027798,-1.010679,0.080655,0.064862
4.330000,-0.023852,-0.067108,-0.027659,-1.011312,0.080491,0.064535
4.340000,-0.023733,-0.066770,-0.027521,-1.011941,0.080328,0.064211
4.350000,-0.023614,-0.066434,-0.027384,-1.012566,0.080165,0.063888
4.360000,-0.023497,-0.066100,-0.027247,-1.013187,0.080002,0.063567
4.370000,-0.023379,-0.065767,-0.027111,-1.013805,0.079840,0.063247
4.380000,-0.023263,-0.065437,-0.026976,-1.014419,0.079678,0.062929
4.390000,-0.023146,-0.065107,-0.026841,-1.015028,0.079516,0.062613
4.400000,-0.023031,-0.064780,-0.026707,-1.015634,0.079355,0.062298
4.410000,-0.022916,-0.064454,-0.026574,-1.016237,0.079193,0.061985
4.420000,-0.022801,-0.064130,-0.026441,-1.016835,0.079033,0.061674
4.430000,-0.022688,-0.063808,-0.026309,-1.017430,0.078872,0.061364
4.440000,-0.022574,-0.063487,-0.026177,-1.018021,0.078712,0.061055
4.450000,-0.022462,-0.063168,-0.026047,-1.018608,0.078553,0.060749
4.460000,-0.022349,-0.062850,-0.025917,-1.019192,0.078393,0.060443
4.470000,-0.022238,-0.062534,-0.025787,-1.019772,0.078234,0.060140
4.480000,-0.022127,-0.062220,-0.025658,-1.020349,0.078076,0.059838
4.490000,-0.022016,-0.061907,-0.025530,-1.020921,0.077917,0.059537
4.500000,-0.021906,-0.061596,-0.025403,-1.021491,0.077759,0.059238
4.510000,-0.021797,-0.061287,-0.025276,-1.022056,0.077602,0.058941
4.520000,-0.021688,-0.060979,-0.025150,-1.022619,0.077444,0.058645
4.530000,-0.021580,-0.060672,-0.025024,-1.023177,0.077287,0.058350
4.540000,-0.021472,-0.060367,-0.024899,-1.023732,0.077130,0.058057
4.550000,-0.021365,-0.060064,-0.024775,-1.024284,0.076974,0.057766
4.560000,-0.021258,-0.059762,-0.024651,-1.024832,0.076818,0.057476
4.570000,-0.021152,-0.059462,-0.024528,-1.025377,0.076662,0.057187
4.580000,-0.021047,-0.059164,-0.024406,-1.025919,0.076507,0.056900
4.590000,-0.020942,-0.058866,-0.024284,-1.026457,0.076352,0.056614
4.600000,-0.020837,-0.058571,-0.024163,-1.026991,0.076197,0.056330
4.610000,-0.020733,-0.058277,-0.024042,-1.027523,0.076042,0.056047
4.620000,-0.020630,-0.057984,-0.023922,-1.028051,0.075888,0.055766
4.630000,-0.020527,-0.057693,-0.023803,-1.028575,0.075735,0.055486
4.640000,-0.020424,-0.057403,-0.023684,-1.029097,0.075581,0.055208
4.650000,-0.020322,-0.057115,-0.023566,-1.029615,0.075428,0.054931
4.660000,-0.020221,-0.056828,-0.023448,-1.030130,0.075275,0.054655
4.670000,-0.020120,-0.056543,-0.023331,-1.030642,0.075123,0.054381
4.680000,-0.020019,-0.056259,-0.023214,-1.031150,0.074970,0.054108
4.690000,-0.019919,-0.055977,-0.023098,-1.031655,0.074818,0.053837
4.700000,-0.019820,-0.055696,-0.022983,-1.032157,0.074667,0.053567
4.710000,-0.019721,-0.055417,-0.022868,-1.032656,0.074516,0.053298
4.720000,-0.019623,-0.055139,-0.022754,-1.033152,0.074365,0.053031
4.730000,-0.019525,-0.054862,-0.022641,-1.033645,0.074214,0.052765
4.740000,-0.019427,-0.054587,-0.022528,-1.034134,0.074064,0.052500
4.750000,-0.019330,-0.054313,-0.022415,-1.034621,0.073914,0.052237
4.760000,-0.019234,-0.054040,-0.022303,-1.035105,0.073764,0.051975
4.770000,-0.019138,-0.053769,-0.022192,-1.035585,0.073615,0.051714
4.780000,-0.019042,-0.053500,-0.022081,-1.036062,0.073466,0.051455
4.790000,-0.018947,-0.053231,-0.021971,-1.036537,0.073317,0.051197
4.800000,-0.018853,-0.052964,-0.021861,-1.037008,0.073168,0.050940
4.810000,-0.018759,-0.052699,-0.021752,-1.037477,0.073020,0.050685
4.820000,-0.018665,-0.052434,-0.021644,-1.037942,0.072872,0.050431
4.830000,-0.018572,-0.052171,-0.021536,-1.038405,0.072725,0.050178
4.840000,-0.018479,-0.051910,-0.021428,-1.038865,0.072578,0.049927
4.850000,-0.018387,-0.051649,-0.021321,-1.039322,0.072431,0.049676
4.860000,-0.018295,-0.051390,-0.021215,-1.039775,0.072284,0.049427
4.870000,-0.018204,-0.051133,-0.021109,-1.040227,0.072138,0.049180
4.880000,-0.018113,-0.050876,-0.021003,-1.040675,0.071992,0.048933
4.890000,-0.018023,-0.050621,-0.020899,-1.041120,0.071846,0.048688
4.900000,-0.017933,-0.050368,-0.020794,-1.041563,0.071701,0.048444
4.910000,-0.017843,-0.050115,-0.020691,-1.042003,0.071556,0.048201
4.920000,-0.017754,-0.049864,-0.020587,-1.042440,0.071411,0.047960
4.930000,-0.017666,-0.049614,-0.020484,-1.042874,0.071266,0.047719
4.940000,-0.017577,-0.049365,-0.020382,-1.043306,0.071122,0.047480
4.950000,-0.017490,-0.049118,-0.020281,-1.043735,0.070978,0.047242
4.960000,-0.017402,-0.048872,-0.020179,-1.044161,0.070835,0.047006
4.970000,-0.017315,-0.048627,-0.020079,-1.044584,0.070691,0.046770
4.980000,-0.017229,-0.048383,-0.019978,-1.045005,0.070548,0.046536
4.990000,-0.017143,-0.048141,-0.019879,-1.045423,0.070406,0.046303
5.000000,-0.017058,-0.047900,-0.019779,-1.045839,0.070263,0.046071
5.010000,-0.016972,-0.047660,-0.019681,-1.046252,0.070121,0.045840
5.020000,-0.016888,-0.047421,-0.019583,-1.046662,0.069979,0.045611
5.030000,-0.016803,-0.047183,-0.019485,-1.047070,0.069838,0.045382
5.040000,-0.016720,-0.046947,-0.019388,-1.047475,0.069697,0.045155
5.050000,-0.016636,-0.046712,-0.019291,-1.047877,0.069556,0.044929
5.060000,-0.016553,-0.046478,-0.019195,-1.048277,0.069415,0.044704
5.070000,-0.016471,-0.046245,-0.019099,-1.048675,0.069275,0.044480
5.080000,-0.016388,-0.046013,-0.019003,-1.049070,0.069135,0.044257
5.090000,-0.016307,-0.045783,-0.018909,-1.049462,0.068995,0.044036
5.100000,-0.016225,-0.045554,-0.018814,-1.049852,0.068855,0.043815
5.110000,-0.016144,-0.045325,-0.018720,-1.050240,0.068716,0.043596
5.120000,-0.016064,-0.045098,-0.018627,-1.050625,0.068577,0.043378
5.130000,-0.015984,-0.044873,-0.018534,-1.051008,0.068439,0.043161
5.140000,-0.015904,-0.044648,-0.018441,-1.051388,0.068300,0.042944
5.150000,-0.015824,-0.044424,-0.018349,-1.051766,0.068162,0.042729
5.160000,-0.015745,-0.044202,-0.018258,-1.052141,0.068025,0.042516
5.170000,-0.015667,-0.043981,-0.018167,-1.052514,0.067887,0.042303
5.180000,-0.015589,-0.043760,-0.018076,-1.052885,0.067750,0.042091
5.190000,-0.015511,-0.043541,-0.017986,-1.053254,0.067613,0.041880
5.200000,-0.015433,-0.043323,-0.017896,-1.053620,0.067476,0.041671
5.210000,-0.015356,-0.043106,-0.017807,-1.053983,0.067340,0.041462
5.220000,-0.015280,-0.042891,-0.017718,-1.054345,0.067204,0.041255
5.230000,-0.015204,-0.042676,-0.017630,-1.054704,0.067068,0.041048
5.240000,-0.015128,-0.042462,-0.017542,-1.055061,0.066933,0.040843
5.250000,-0.015052,-0.042250,-0.017454,-1.055415,0.066797,0.040638
5.260000,-0.014977,-0.042038,-0.017367,-1.055768,0.066662,0.040435
5.270000,-0.014902,-0.041828,-0.017280,-1.056118,0.066528,0.040233
5.280000,-0.014828,-0.041619,-0.017194,-1.056466,0.066393,0.040031
5.290000,-0.014754,-0.041410,-0.017108,-1.056812,0.066259,0.039831
5.300000,-0.014680,-0.041203,-0.017023,-1.057155,0.066125,0.039632
5.310000,-0.014607,-0.040997,-0.016938,-1.057497,0.065992,0.039434
5.320000,-0.014534,-0.040792,-0.016853,-1.057836,0.065859,0.039236
5.330000,-0.014462,-0.040588,-0.016769,-1.058173,0.065726,0.039040
5.340000,-0.014390,-0.040385,-0.016686,-1.058508,0.065593,0.038845
5.350000,-0.014318,-0.040182,-0.016602,-1.058840,0.065460,0.038650
5.360000,-0.014246,-0.039981,-0.016520,-1.059171,0.065328,0.038457
5.370000,-0.014175,-0.039781,-0.016437,-1.059500,0.065196,0.038265
5.380000,-0.014105,-0.039582,-0.016355,-1.059826,0.065065,0.038073
5.390000,-0.014034,-0.039384,-0.016273,-1.060151,0.064933,0.037883
5.400000,-0.013964,-0.039187,-0.016192,-1.060473,0.064802,0.037693
5.410000,-0.013895,-0.038991,-0.016111,-1.060793,0.064671,0.037505
5.420000,-0.013825,-0.038796,-0.016031,-1.061112,0.064541,0.037317
5.430000,-0.013756,-0.038602,-0.015951,-1.061428,0.064411,0.037131
5.440000,-0.013688,-0.038409,-0.015871,-1.061742,0.064280,0.036945
5.450000,-0.013619,-0.038217,-0.015792,-1.062055,0.064151,0.036760
5.460000,-0.013551,-0.038026,-0.015713,-1.062365,0.064021,0.036576
5.470000,-0.013484,-0.037836,-0.015635,-1.062673,0.063892,0.036393
5.480000,-0.013416,-0.037646,-0.015557,-1.062980,0.063763,0.036211
5.490000,-0.013350,-0.037458,-0.015479,-1.063284,0.063634,0.036030
5.500000,-0.013283,-0.037271,-0.015402,-1.063586,0.063506,0.035850
5.510000,-0.013217,-0.037084,-0.015325,-1.063887,0.063378,0.035671
5.520000,-0.013151,-0.036899,-0.015249,-1.064186,0.063250,0.035493
5.530000,-0.013085,-0.036714,-0.015173,-1.064482,0.063122,0.035315
5.540000,-0.013020,-0.036531,-0.015097,-1.064777,0.062995,0.035139
5.550000,-0.012955,-0.036348,-0.015022,-1.065070,0.062868,0.034963
5.560000,-0.012890,-0.036166,-0.014947,-1.065361,0.062741,0.034788
5.570000,-0.012826,-0.035985,-0.014872,-1.065651,0.062614,0.034614
5.580000,-0.012762,-0.035805,-0.014798,-1.065938,0.062488,0.034441
5.590000,-0.012698,-0.035626,-0.014724,-1.066224,0.062362,0.034269
5.600000,-0.012635,-0.035448,-0.014651,-1.066508,0.062236,0.034098
5.610000,-0.012572,-0.035271,-0.014578,-1.066790,0.062111,0.033927
5.620000,-0.012509,-0.035095,-0.014505,-1.067070,0.061985,0.033758
5.630000,-0.012447,-0.034919,-0.014433,-1.067348,0.061860,0.033589
5.640000,-0.012385,-0.034745,-0.014361,-1.067625,0.061736,0.033421
5.650000,-0.012323,-0.034571,-0.014289,-1.067900,0.061611,0.033254
5.660000,-0.012261,-0.034398,-0.014218,-1.068173,0.061487,0.033088
5.670000,-0.012200,-0.034226,-0.014147,-1.068444,0.061363,0.032922
5.680000,-0.012139,-0.034055,-0.014076,-1.068714,0.061239,0.032758
5.690000,-0.012079,-0.033885,-0.014006,-1.068982,0.061115,0.032594
5.700000,-0.012018,-0.033715,-0.013936,-1.069248,0.060992,0.032431
5.710000,-0.011959,-0.033547,-0.013866,-1.069513,0.060869,0.032269
5.720000,-0.011899,-0.033379,-0.013797,-1.069776,0.060747,0.032108
5.730000,-0.011840,-0.033212,-0.013728,-1.070037,0.060624,0.031947
5.740000,-0.011780,-0.033046,-0.013660,-1.070297,0.060502,0.031788
5.750000,-0.011722,-0.032881,-0.013592,-1.070555,0.060380,0.031629
5.760000,-0.011663,-0.032717,-0.013524,-1.070811,0.060258,0.031471
5.770000,-0.011605,-0.032553,-0.013457,-1.071065,0.060137,0.031313
5.780000,-0.011547,-0.032391,-0.013389,-1.071318,0.060015,0.031157
5.790000,-0.011490,-0.032229,-0.013323,-1.071570,0.059894,0.031001
5.800000,-0.011432,-0.032068,-0.013256,-1.071820,0.059774,0.030846
5.810000,-0.011375,-0.031907,-0.013190,-1.072068,0.059653,0.030692
5.820000,-0.011318,-0.031748,-0.013124,-1.072314,0.059533,0.030539
5.830000,-0.011262,-0.031589,-0.013059,-1.072559,0.059413,0.030386
5.840000,-0.011206,-0.031431,-0.012994,-1.072803,0.059293,0.030234
5.850000,-0.011150,-0.031274,-0.012929,-1.073045,0.059174,0.030083
5.860000,-0.011094,-0.031118,-0.012864,-1.073285,0.059054,0.029933
5.870000,-0.011039,-0.030962,-0.012800,-1.073524,0.058935,0.029783
5.880000,-0.010984,-0.030808,-0.012736,-1.073762,0.058817,0.029635
5.890000,-0.010929,-0.030654,-0.012673,-1.073997,0.058698,0.029487
5.900000,-0.010874,-0.030501,-0.012609,-1.074232,0.058580,0.029339
5.910000,-0.010820,-0.030348,-0.012547,-1.074464,0.058462,0.029193
5.920000,-0.010766,-0.030197,-0.012484,-1.074696,0.058344,0.029047
5.930000,-0.010713,-0.030046,-0.012422,-1.074926,0.058226,0.028902
5.940000,-0.010659,-0.029896,-0.012360,-1.075154,0.058109,0.028757
5.950000,-0.010606,-0.029746,-0.012298,-1.075381,0.057992,0.028614
5.960000,-0.010553,-0.029598,-0.012237,-1.075607,0.057875,0.028471
5.970000,-0.010500,-0.029450,-0.012176,-1.075831,0.057759,0.028328
5.980000,-0.010448,-0.029303,-0.012115,-1.076053,0.057642,0.028187
5.990000,-0.010396,-0.029156,-0.012054,-1.076274,0.057526,0.028046
6.000000,-0.010344,-0.029011,-0.011994,-1.076494,0.057410,0.027906
6.010000,-0.010292,-0.028866,-0.011934,-1.076713,0.057295,0.027767
6.020000,-0.010241,-0.028721,-0.011875,-1.076930,0.057179,0.027628
6.030000,-0.010190,-0.028578,-0.011816,-1.077145,0.057064,0.027490
6.040000,-0.010139,-0.028435,-0.011757,-1.077360,0.056949,0.027353
6.050000,-0.010089,-0.028293,-0.011698,-1.077572,0.056834,0.027216
6.060000,-0.010038,-0.028152,-0.011640,-1.077784,0.056720,0.027080
6.070000,-0.009988,-0.028011,-0.011582,-1.077994,0.056606,0.026945
6.080000,-0.009938,-0.027871,-0.011524,-1.078203,0.056492,0.026810
6.090000,-0.009889,-0.027732,-0.011466,-1.078410,0.056378,0.026676
6.100000,-0.009839,-0.027593,-0.011409,-1.078617,0.056264,0.026543
6.110000,-0.009790,-0.027456,-0.011352,-1.078821,0.056151,0.026411
6.120000,-0.009742,-0.027319,-0.011296,-1.079025,0.056038,0.026279
6.130000,-0.009693,-0.027182,-0.011239,-1.079227,0.055925,0.026147
6.140000,-0.009645,-0.027046,-0.011183,-1.079428,0.055812,0.026017
6.150000,-0.009596,-0.026911,-0.011127,-1.079628,0.055700,0.025887
6.160000,-0.009549,-0.026777,-0.011072,-1.079826,0.055588,0.025758
6.170000,-0.009501,-0.026643,-0.011017,-1.080023,0.055476,0.025629
6.180000,-0.009454,-0.026510,-0.010962,-1.080219,0.055364,0.025501
6.190000,-0.009406,-0.026378,-0.010907,-1.080414,0.055253,0.025374
6.200000,-0.009359,-0.026246,-0.010853,-1.080607,0.055142,0.025247
6.210000,-0.009313,-0.026115,-0.010798,-1.080799,0.055031,0.025121
6.220000,-0.009266,-0.025984,-0.010745,-1.080990,0.054920,0.024995
6.230000,-0.009220,-0.025855,-0.010691,-1.081180,0.054809,0.024871
6.240000,-0.009174,-0.025725,-0.010638,-1.081368,0.054699,0.024746
6.250000,-0.009128,-0.025597,-0.010585,-1.081556,0.054589,0.024623
6.260000,-0.009083,-0.025469,-0.010532,-1.081742,0.054479,0.024500
6.270000,-0.009038,-0.025342,-0.010479,-1.081927,0.054369,0.024377
6.280000,-0.008992,-0.025215,-0.010427,-1.082110,0.054260,0.024256
6.290000,-0.008948,-0.025089,-0.010375,-1.082293,0.054151,0.024135
6.300000,-0.008903,-0.024964,-0.010323,-1.082474,0.054042,0.024014
6.310000,-0.008859,-0.024840,-0.010272,-1.082654,0.053933,0.023894
6.320000,-0.008814,-0.024715,-0.010221,-1.082833,0.053824,0.023775
6.330000,-0.008770,-0.024592,-0.010170,-1.083011,0.053716,0.023656
6.340000,-0.008727,-0.024469,-0.010119,-1.083188,0.053608,0.023538
6.350000,-0.008683,-0.024347,-0.010068,-1.083364,0.053500,0.023421
6.360000,-0.008640,-0.024225,-0.010018,-1.083538,0.053392,0.023304
6.370000,-0.008597,-0.024105,-0.009968,-1.083712,0.053285,0.023187
6.380000,-0.008554,-0.023984,-0.009918,-1.083884,0.053178,0.023072
6.390000,-0.008511,-0.023864,-0.009869,-1.084055,0.053071,0.022956
6.400000,-0.008469,-0.023745,-0.009820,-1.084225,0.052964,0.022842
6.410000,-0.008426,-0.023627,-0.009771,-1.084394,0.052857,0.022728
6.420000,-0.008384,-0.023509,-0.009722,-1.084562,0.052751,0.022614
6.430000,-0.008343,-0.023391,-0.009673,-1.084729,0.052645,0.022501
6.440000,-0.008301,-0.023275,-0.009625,-1.084895,0.052539,0.022389
6.450000,-0.008260,-0.023158,-0.009577,-1.085059,0.052433,0.022277
6.460000,-0.008218,-0.023043,-0.009529,-1.085223,0.052328,0.022166
6.470000,-0.008177,-0.022928,-0.009482,-1.085386,0.052223,0.022055
6.480000,-0.008137,-0.022813,-0.009435,-1.085547,0.052118,0.021945
6.490000,-0.008096,-0.022699,-0.009388,-1.085708,0.052013,0.021836
6.500000,-0.008056,-0.022586,-0.009341,-1.085867,0.051908,0.021727
6.510000,-0.008015,-0.022473,-0.009294,-1.086026,0.051804,0.021618
6.520000,-0.007975,-0.022361,-0.009248,-1.086183,0.051700,0.021510
6.530000,-0.007936,-0.022249,-0.009202,-1.086340,0.051596,0.021403
6.540000,-0.007896,-0.022138,-0.009156,-1.086495,0.051492,0.021296
6.550000,-0.007857,-0.022028,-0.009110,-1.086650,0.051388,0.021190
6.560000,-0.007817,-0.021918,-0.009065,-1.086803,0.051285,0.021084
6.570000,-0.007778,-0.021808,-0.009019,-1.086956,0.051182,0.020979
6.580000,-0.007740,-0.021700,-0.008974,-1.087107,0.051079,0.020874
6.590000,-0.007701,-0.021591,-0.008930,-1.087258,0.050976,0.020770
6.600000,-0.007663,-0.021483,-0.008885,-1.087407,0.050874,0.020666
6.610000,-0.007624,-0.021376,-0.008841,-1.087556,0.050771,0.020563
6.620000,-0.007586,-0.021269,-0.008797,-1.087703,0.050669,0.020460
6.630000,-0.007549,-0.021163,-0.008753,-1.087850,0.050567,0.020358
6.640000,-0.007511,-0.021058,-0.008709,-1.087996,0.050466,0.020257
6.650000,-0.007473,-0.020952,-0.008666,-1.088141,0.050364,0.020155
6.660000,-0.007436,-0.020848,-0.008622,-1.088285,0.050263,0.020055
6.670000,-0.007399,-0.020744,-0.008579,-1.088428,0.050162,0.019955
6.680000,-0.007362,-0.020640,-0.008537,-1.088570,0.050061,0.019855
6.690000,-0.007325,-0.020537,-0.008494,-1.088711,0.049960,0.019756
6.700000,-0.007289,-0.020435,-0.008452,-1.088851,0.049860,0.019657
6.710000,-0.007253,-0.020333,-0.008410,-1.088991,0.049760,0.019559
6.720000,-0.007216,-0.020231,-0.008368,-1.089129,0.049660,0.019462
6.730000,-0.007180,-0.020130,-0.008326,-1.089267,0.049560,0.019364
6.740000,-0.007145,-0.020030,-0.008284,-1.089403,0.049460,0.019268
6.750000,-0.007109,-0.019930,-0.008243,-1.089539,0.049361,0.019172
6.760000,-0.007073,-0.019830,-0.008202,-1.089674,0.049262,0.019076
6.770000,-0.007038,-0.019731,-0.008161,-1.089808,0.049162,0.018981
6.780000,-0.007003,-0.019633,-0.008120,-1.089942,0.049064,0.018886
6.790000,-0.006968,-0.019535,-0.008080,-1.090074,0.048965,0.018792
6.800000,-0.006933,-0.019437,-0.008039,-1.090205,0.048867,0.018698
6.810000,-0.006899,-0.019340,-0.007999,-1.090336,0.048768,0.018605
6.820000,-0.006864,-0.019244,-0.007959,-1.090466,0.048670,0.018512
6.830000,-0.006830,-0.019148,-0.007920,-1.090595,0.048573,0.018419
6.840000,-0.006796,-0.019052,-0.007880,-1.090723,0.048475,0.018327
6.850000,-0.006762,-0.018957,-0.007841,-1.090851,0.048378,0.018236
6.860000,-0.006728,-0.018862,-0.007802,-1.090977,0.048280,0.018145
6.870000,-0.006695,-0.018768,-0.007763,-1.091103,0.048183,0.018054
6.880000,-0.006662,-0.018675,-0.007724,-1.091228,0.048086,0.017964
6.890000,-0.006628,-0.018581,-0.007686,-1.091352,0.047990,0.017875
6.900000,-0.006595,-0.018489,-0.007647,-1.091475,0.047893,0.017785
6.910000,-0.006562,-0.018396,-0.007609,-1.091598,0.047797,0.017697
6.920000,-0.006530,-0.018305,-0.007571,-1.091719,0.047701,0.017608
6.930000,-0.006497,-0.018213,-0.007533,-1.091840,0.047605,0.017521
6.940000,-0.006465,-0.018122,-0.007496,-1.091961,0.047510,0.017433
6.950000,-0.006432,-0.018032,-0.007458,-1.092080,0.047414,0.017346
6.960000,-0.006400,-0.017942,-0.007421,-1.092199,0.047319,0.017260
6.970000,-0.006368,-0.017852,-0.007384,-1.092317,0.047224,0.017173
6.980000,-0.006337,-0.017763,-0.007347,-1.092434,0.047129,0.017088
6.990000,-0.006305,-0.017675,-0.007311,-1.092550,0.047034,0.017002
7.000000,-0.006274,-0.017586,-0.007274,-1.092666,0.046940,0.016918
7.010000,-0.006242,-0.017499,-0.007238,-1.092781,0.046845,0.016833
7.020000,-0.006211,-0.017411,-0.007202,-1.092895,0.046751,0.016749
7.030000,-0.006180,-0.017324,-0.007166,-1.093008,0.046657,0.016666
7.040000,-0.006149,-0.017238,-0.007130,-1.093121,0.046564,0.016582
7.050000,-0.006119,-0.017152,-0.007095,-1.093233,0.046470,0.016500
7.060000,-0.006088,-0.017066,-0.007059,-1.093344,0.046377,0.016417
7.070000,-0.006058,-0.016981,-0.007024,-1.093455,0.046284,0.016335
7.080000,-0.006028,-0.016896,-0.006989,-1.093565,0.046191,0.016254
7.090000,-0.005997,-0.016812,-0.006954,-1.093674,0.046098,0.016173
7.100000,-0.005968,-0.016728,-0.006920,-1.093782,0.046005,0.016092
7.110000,-0.005938,-0.016645,-0.006885,-1.093890,0.045913,0.016012
7.120000,-0.005908,-0.016562,-0.006851,-1.093997,0.045821,0.015932
7.130000,-0.005879,-0.016479,-0.006817,-1.094103,0.045729,0.015852
7.140000,-0.005849,-0.016397,-0.006783,-1.094209,0.045637,0.015773
7.150000,-0.005820,-0.016315,-0.006749,-1.094314,0.045545,0.015695
7.160000,-0.005791,-0.016234,-0.006715,-1.094418,0.045454,0.015616
7.170000,-0.005762,-0.016153,-0.006682,-1.094522,0.045362,0.015538
7.180000,-0.005734,-0.016072,-0.006648,-1.094625,0.045271,0.015461
7.190000,-0.005705,-0.015992,-0.006615,-1.094727,0.045180,0.015384
7.200000,-0.005676,-0.015912,-0.006582,-1.094829,0.045090,0.015307
7.210000,-0.005648,-0.015833,-0.006549,-1.094930,0.044999,0.015230
7.220000,-0.005620,-0.015754,-0.006517,-1.095030,0.044909,0.015154
7.230000,-0.005592,-0.015675,-0.006484,-1.095130,0.044819,0.015079
7.240000,-0.005564,-0.015597,-0.006452,-1.095229,0.044729,0.015004
7.250000,-0.005536,-0.015519,-0.006420,-1.095327,0.044639,0.014929
7.260000,-0.005509,-0.015441,-0.006387,-1.095425,0.044549,0.014854
7.270000,-0.005481,-0.015364,-0.006356,-1.095522,0.044460,0.014780
7.280000,-0.005454,-0.015288,-0.006324,-1.095619,0.044370,0.014706
7.290000,-0.005427,-0.015211,-0.006292,-1.095715,0.044281,0.014633
7.300000,-0.005400,-0.015136,-0.006261,-1.095810,0.044192,0.014560
7.310000,-0.005373,-0.015060,-0.006230,-1.095905,0.044104,0.014487
7.320000,-0.005346,-0.014985,-0.006199,-1.095999,0.044015,0.014415
7.330000,-0.005319,-0.014910,-0.006168,-1.096093,0.043927,0.014343
7.340000,-0.005293,-0.014836,-0.006137,-1.096185,0.043839,0.014272
7.350000,-0.005266,-0.014762,-0.006106,-1.096278,0.043751,0.014200
7.360000,-0.005240,-0.014688,-0.006076,-1.096369,0.043663,0.014130
7.370000,-0.005214,-0.014615,-0.006046,-1.096461,0.043575,0.014059
7.380000,-0.005188,-0.014542,-0.006015,-1.096551,0.043488,0.013989
7.390000,-0.005162,-0.014469,-0.005985,-1.096641,0.043400,0.013919
7.400000,-0.005136,-0.014397,-0.005956,-1.096730,0.043313,0.013850
7.410000,-0.005111,-0.014325,-0.005926,-1.096819,0.043226,0.013781
7.420000,-0.005085,-0.014254,-0.005896,-1.096907,0.043140,0.013712
7.430000,-0.005060,-0.014183,-0.005867,-1.096995,0.043053,0.013643
7.440000,-0.005035,-0.014112,-0.005838,-1.097082,0.042967,0.013575
7.450000,-0.005009,-0.014041,-0.005809,-1.097169,0.042880,0.013508
7.460000,-0.004984,-0.013971,-0.005780,-1.097255,0.042794,0.013440
7.470000,-0.004960,-0.013902,-0.005751,-1.097340,0.042708,0.013373
7.480000,-0.004935,-0.013832,-0.005722,-1.097425,0.042623,0.013306
7.490000,-0.004910,-0.013763,-0.005694,-1.097509,0.042537,0.013240
7.500000,-0.004886,-0.013695,-0.005665,-1.097593,0.042452,0.013174
7.510000,-0.004861,-0.013626,-0.005637,-1.097676,0.042366,0.013108
7.520000,-0.004837,-0.013558,-0.005609,-1.097759,0.042281,0.013043
7.530000,-0.004813,-0.013491,-0.005581,-1.097841,0.042197,0.012978
7.540000,-0.004789,-0.013423,-0.005553,-1.097923,0.042112,0.012913
7.550000,-0.004765,-0.013356,-0.005525,-1.098004,0.042027,0.012849
7.560000,-0.004741,-0.013290,-0.005498,-1.098085,0.041943,0.012784
7.570000,-0.004718,-0.013223,-0.005470,-1.098165,0.041859,0.012721
7.580000,-0.004694,-0.013157,-0.005443,-1.098244,0.041775,0.012657
7.590000,-0.004671,-0.013092,-0.005416,-1.098323,0.041691,0.012594
7.600000,-0.004647,-0.013027,-0.005389,-1.098402,0.041607,0.012531
7.610000,-0.004624,-0.012962,-0.005362,-1.098480,0.041524,0.012469
7.620000,-0.004601,-0.012897,-0.005335,-1.098557,0.041441,0.012406
7.630000,-0.004578,-0.012833,-0.005309,-1.098634,0.041357,0.012345
7.640000,-0.004555,-0.012769,-0.005282,-1.098711,0.041274,0.012283
7.650000,-0.004533,-0.012705,-0.005256,-1.098787,0.041192,0.012222
7.660000,-0.004510,-0.012641,-0.005230,-1.098863,0.041109,0.012161
7.670000,-0.004488,-0.012578,-0.005203,-1.098938,0.041027,0.012100
7.680000,-0.004465,-0.012516,-0.005178,-1.099012,0.040944,0.012040
7.690000,-0.004443,-0.012453,-0.005152,-1.099086,0.040862,0.011980
7.700000,-0.004421,-0.012391,-0.005126,-1.099160,0.040780,0.011920
7.710000,-0.004399,-0.012329,-0.005100,-1.099233,0.040698,0.011860
7.720000,-0.004377,-0.012268,-0.005075,-1.099306,0.040617,0.011801
7.730000,-0.004355,-0.012206,-0.005050,-1.099378,0.040535,0.011742
7.740000,-0.004333,-0.012146,-0.005025,-1.099450,0.040454,0.011684
7.750000,-0.004312,-0.012085,-0.004999,-1.099521,0.040373,0.011626
7.760000,-0.004290,-0.012025,-0.004975,-1.099592,0.040292,0.011568
7.770000,-0.004269,-0.011965,-0.004950,-1.099662,0.040211,0.011510
7.780000,-0.004247,-0.011905,-0.004925,-1.099732,0.040130,0.011452
7.790000,-0.004226,-0.011846,-0.004900,-1.099802,0.040050,0.011395
7.800000,-0.004205,-0.011787,-0.004876,-1.099871,0.039969,0.011338
7.810000,-0.004184,-0.011728,-0.004852,-1.099939,0.039889,0.011282
7.820000,-0.004163,-0.011669,-0.004827,-1.100008,0.039809,0.011226
7.830000,-0.004143,-0.011611,-0.004803,-1.100075,0.039729,0.011170
7.840000,-0.004122,-0.011553,-0.004779,-1.100143,0.039650,0.011114
7.850000,-0.004101,-0.011495,-0.004756,-1.100209,0.039570,0.011058
7.860000,-0.004081,-0.011438,-0.004732,-1.100276,0.039491,0.011003
7.870000,-0.004061,-0.011381,-0.004708,-1.100342,0.039411,0.010948
7.880000,-0.004040,-0.011324,-0.004685,-1.100407,0.039332,0.010894
7.890000,-0.004020,-0.011268,-0.004661,-1.100473,0.039254,0.010839
7.900000,-0.004000,-0.011212,-0.004638,-1.100537,0.039175,0.010785
7.910000,-0.003980,-0.011156,-0.004615,-1.100602,0.039096,0.010731
7.920000,-0.003960,-0.011100,-0.004592,-1.100665,0.039018,0.010678
7.930000,-0.003941,-0.011045,-0.004569,-1.100729,0.038940,0.010625
7.940000,-0.003921,-0.010989,-0.004546,-1.100792,0.038861,0.010572
7.950000,-0.003901,-0.010935,-0.004524,-1.100855,0.038784,0.010519
7.960000,-0.003882,-0.010880,-0.004501,-1.100917,0.038706,0.010466
7.970000,-0.003863,-0.010826,-0.004479,-1.100979,0.038628,0.010414
7.980000,-0.003843,-0.010772,-0.004456,-1.101040,0.038551,0.010362
7.990000,-0.003824,-0.010718,-0.004434,-1.101101,0.038473,0.010311
8.000000,-0.003805,-0.010665,-0.004412,-1.101162,0.038396,0.010259
8.010000,-0.003786,-0.010611,-0.004390,-1.101222,0.038319,0.010208
8.020000,-0.003767,-0.010558,-0.004368,-1.101282,0.038242,0.010157
8.030000,-0.003748,-0.010506,-0.004346,-1.101342,0.038166,0.010106
8.040000,-0.003730,-0.010453,-0.004325,-1.101401,0.038089,0.010056
8.050000,-0.003711,-0.010401,-0.004303,-1.101460,0.038013,0.010006
8.060000,-0.003693,-0.010349,-0.004282,-1.101518,0.037937,0.009956
8.070000,-0.003674,-0.010298,-0.004260,-1.101576,0.037860,0.009906
8.080000,-0.003656,-0.010246,-0.004239,-1.101634,0.037785,0.009857
8.090000,-0.003638,-0.010195,-0.004218,-1.101691,0.037709,0.009808
8.100000,-0.003619,-0.010144,-0.004197,-1.101748,0.037633,0.009759
8.110000,-0.003601,-0.010094,-0.004176,-1.101804,0.037558,0.009710
8.120000,-0.003583,-0.010043,-0.004155,-1.101860,0.037482,0.009662
8.130000,-0.003566,-0.009993,-0.004134,-1.101916,0.037407,0.009613
8.140000,-0.003548,-0.009943,-0.004114,-1.101972,0.037332,0.009565
8.150000,-0.003530,-0.009894,-0.004093,-1.102027,0.037257,0.009518
8.160000,-0.003512,-0.009845,-0.004073,-1.102081,0.037183,0.009470
8.170000,-0.003495,-0.009795,-0.004052,-1.102136,0.037108,0.009423
8.180000,-0.003478,-0.009747,-0.004032,-1.102190,0.037034,0.009376
8.190000,-0.003460,-0.009698,-0.004012,-1.102243,0.036960,0.009329
8.200000,-0.003443,-0.009650,-0.003992,-1.102297,0.036885,0.009283
8.210000,-0.003426,-0.009601,-0.003972,-1.102350,0.036811,0.009236
8.220000,-0.003409,-0.009554,-0.003952,-1.102402,0.036738,0.009190
8.230000,-0.003392,-0.009506,-0.003933,-1.102455,0.036664,0.009144
8.240000,-0.003375,-0.009458,-0.003913,-1.102507,0.036591,0.009099
8.250000,-0.003358,-0.009411,-0.003894,-1.102558,0.036517,0.009053
8.260000,-0.003341,-0.009364,-0.003874,-1.102609,0.036444,0.009008
8.270000,-0.003324,-0.009318,-0.003855,-1.102660,0.036371,0.008963
8.280000,-0.003308,-0.009271,-0.003836,-1.102711,0.036298,0.008919
8.290000,-0.003291,-0.009225,-0.003816,-1.102761,0.036225,0.008874
8.300000,-0.003275,-0.009179,-0.003797,-1.102811,0.036153,0.008830
8.310000,-0.003259,-0.009133,-0.003778,-1.102861,0.036080,0.008786
8.320000,-0.003242,-0.009088,-0.003760,-1.102910,0.036008,0.008742
8.330000,-0.003226,-0.009042,-0.003741,-1.102959,0.035936,0.008698
8.340000,-0.003210,-0.008997,-0.003722,-1.103008,0.035864,0.008655
8.350000,-0.003194,-0.008952,-0.003704,-1.103056,0.035792,0.008612
8.360000,-0.003178,-0.008908,-0.003685,-1.103105,0.035720,0.008569
8.370000,-0.003162,-0.008863,-0.003667,-1.103152,0.035648,0.008526
8.380000,-0.003147,-0.008819,-0.003649,-1.103200,0.035577,0.008484
8.390000,-0.003131,-0.008775,-0.003630,-1.103247,0.035506,0.008441
8.400000,-0.003115,-0.008731,-0.003612,-1.103294,0.035435,0.008399
8.410000,-0.003100,-0.008688,-0.003594,-1.103340,0.035363,0.008357
8.420000,-0.003084,-0.008644,-0.003576,-1.103387,0.035293,0.008316
8.430000,-0.003069,-0.008601,-0.003558,-1.103433,0.035222,0.008274
8.440000,-0.003054,-0.008558,-0.003541,-1.103478,0.035151,0.008233
8.450000,-0.003038,-0.008516,-0.003523,-1.103524,0.035081,0.008192
8.460000,-0.003023,-0.008473,-0.003505,-1.103569,0.035011,0.008151
8.470000,-0.003008,-0.008431,-0.003488,-1.103613,0.034940,0.008110
8.480000,-0.002993,-0.008389,-0.003471,-1.103658,0.034870,0.008070
8.490000,-0.002978,-0.008347,-0.003453,-1.103702,0.034800,0.008030
8.500000,-0.002963,-0.008305,-0.003436,-1.103746,0.034731,0.007990
8.510000,-0.002949,-0.008264,-0.003419,-1.103790,0.034661,0.007950
8.520000,-0.002934,-0.008223,-0.003402,-1.103833,0.034592,0.007910
8.530000,-0.002919,-0.008182,-0.003385,-1.103876,0.034522,0.007871
8.540000,-0.002905,-0.008141,-0.003368,-1.103919,0.034453,0.007831
8.550000,-0.002890,-0.008100,-0.003351,-1.103961,0.034384,0.007792
8.560000,-0.002876,-0.008060,-0.003334,-1.104004,0.034315,0.007753
8.570000,-0.002861,-0.008020,-0.003318,-1.104046,0.034246,0.007715
8.580000,-0.002847,-0.007980,-0.003301,-1.104087,0.034178,0.007676
8.590000,-0.002833,-0.007940,-0.003285,-1.104129,0.034109,0.007638
8.600000,-0.002819,-0.007900,-0.003268,-1.104170,0.034041,0.007600
8.610000,-0.002805,-0.007861,-0.003252,-1.104211,0.033973,0.007562
8.620000,-0.002791,-0.007822,-0.003236,-1.104252,0.033905,0.007524
8.630000,-0.002777,-0.007783,-0.003220,-1.104292,0.033837,0.007487
8.640000,-0.002763,-0.007744,-0.003204,-1.104332,0.033769,0.007449
8.650000,-0.002749,-0.007705,-0.003188,-1.104372,0.033701,0.007412
8.660000,-0.002735,-0.007667,-0.003172,-1.104412,0.033634,0.007375
8.670000,-0.002722,-0.007628,-0.003156,-1.104451,0.033566,0.007338
8.680000,-0.002708,-0.007590,-0.003140,-1.104490,0.033499,0.007302
8.690000,-0.002695,-0.007552,-0.003125,-1.104529,0.033432,0.007265
8.700000,-0.002681,-0.007515,-0.003109,-1.104567,0.033365,0.007229
8.710000,-0.002668,-0.007477,-0.003094,-1.104606,0.033298,0.007193
8.720000,-0.002655,-0.007440,-0.003078,-1.104644,0.033231,0.007157
8.730000,-0.002641,-0.007403,-0.003063,-1.104682,0.033165,0.007121
8.740000,-0.002628,-0.007366,-0.003047,-1.104719,0.033098,0.007086
8.750000,-0.002615,-0.007329,-0.003032,-1.104757,0.033032,0.007051
8.760000,-0.002602,-0.007293,-0.003017,-1.104794,0.032966,0.007015
8.770000,-0.002589,-0.007256,-0.003002,-1.104831,0.032900,0.006980
8.780000,-0.002576,-0.007220,-0.002987,-1.104867,0.032834,0.006946
8.790000,-0.002563,-0.007184,-0.002972,-1.104904,0.032768,0.006911
8.800000,-0.002551,-0.007148,-0.002957,-1.104940,0.032703,0.006877
8.810000,-0.002538,-0.007113,-0.002943,-1.104976,0.032637,0.006842
8.820000,-0.002525,-0.007077,-0.002928,-1.105012,0.032572,0.006808
8.830000,-0.002513,-0.007042,-0.002913,-1.105047,0.032506,0.006774
8.840000,-0.002500,-0.007007,-0.002899,-1.105082,0.032441,0.006740
8.850000,-0.002488,-0.006972,-0.002884,-1.105117,0.032376,0.006707
8.860000,-0.002475,-0.006937,-0.002870,-1.105152,0.032311,0.006673
8.870000,-0.002463,-0.006902,-0.002856,-1.105187,0.032247,0.006640
8.880000,-0.002451,-0.006868,-0.002841,-1.105221,0.032182,0.006607
8.890000,-0.002438,-0.006834,-0.002827,-1.105255,0.032118,0.006574
8.900000,-0.002426,-0.006800,-0.002813,-1.105289,0.032053,0.006541
8.910000,-0.002414,-0.006766,-0.002799,-1.105323,0.031989,0.006508
8.920000,-0.002402,-0.006732,-0.002785,-1.105356,0.031925,0.006476
8.930000,-0.002390,-0.006698,-0.002771,-1.105390,0.031861,0.006444
8.940000,-0.002378,-0.006665,-0.002757,-1.105423,0.031797,0.006412
8.950000,-0.002366,-0.006632,-0.002744,-1.105455,0.031734,0.006380
8.960000,-0.002354,-0.006599,-0.002730,-1.105488,0.031670,0.006348
8.970000,-0.002343,-0.006566,-0.002716,-1.105520,0.031607,0.006316
8.980000,-0.002331,-0.006533,-0.002703,-1.105553,0.031543,0.006285
8.990000,-0.002319,-0.006500,-0.002689,-1.105585,0.031480,0.006253
9.000000,-0.002308,-0.006468,-0.002676,-1.105616,0.031417,0.006222
9.010000,-0.002296,-0.006436,-0.002663,-1.105648,0.031354,0.006191
9.020000,-0.002285,-0.006404,-0.002649,-1.105679,0.031291,0.006160
9.030000,-0.002273,-0.006372,-0.002636,-1.105711,0.031229,0.006129
9.040000,-0.002262,-0.006340,-0.002623,-1.105742,0.031166,0.006099
9.050000,-0.002251,-0.006308,-0.002610,-1.105772,0.031104,0.006068
9.060000,-0.002240,-0.006277,-0.002597,-1.105803,0.031041,0.006038
9.070000,-0.002228,-0.006245,-0.002584,-1.105833,0.030979,0.006008
9.080000,-0.002217,-0.006214,-0.002571,-1.105863,0.030917,0.005978
9.090000,-0.002206,-0.006183,-0.002558,-1.105893,0.030855,0.005948
9.100000,-0.002195,-0.006152,-0.002545,-1.105923,0.030793,0.005919
9.110000,-0.002184,-0.006122,-0.002533,-1.105953,0.030732,0.005889
9.120000,-0.002173,-0.006091,-0.002520,-1.105982,0.030670,0.005860
9.130000,-0.002163,-0.006061,-0.002508,-1.106012,0.030609,0.005830
9.140000,-0.002152,-0.006031,-0.002495,-1.106041,0.030548,0.005801
9.150000,-0.002141,-0.006001,-0.002483,-1.106069,0.030486,0.005772
9.160000,-0.002130,-0.005971,-0.002470,-1.106098,0.030425,0.005744
9.170000,-0.002120,-0.005941,-0.002458,-1.106127,0.030364,0.005715
9.180000,-0.002109,-0.005911,-0.002446,-1.106155,0.030304,0.005687
9.190000,-0.002099,-0.005882,-0.002433,-1.106183,0.030243,0.005658
9.200000,-0.002088,-0.005852,-0.002421,-1.106211,0.030182,0.005630
9.210000,-0.002078,-0.005823,-0.002409,-1.106239,0.030122,0.005602
9.220000,-0.002067,-0.005794,-0.002397,-1.106266,0.030062,0.005574
9.230000,-0.002057,-0.005765,-0.002385,-1.106294,0.030001,0.005546
9.240000,-0.002047,-0.005737,-0.002373,-1.106321,0.029941,0.005518
9.250000,-0.002037,-0.005708,-0.002362,-1.106348,0.029881,0.005491
9.260000,-0.002026,-0.005679,-0.002350,-1.106375,0.029822,0.005464
9.270000,-0.002016,-0.005651,-0.002338,-1.106401,0.029762,0.005436
9.280000,-0.002006,-0.005623,-0.002326,-1.106428,0.029702,0.005409
9.290000,-0.001996,-0.005595,-0.002315,-1.106454,0.029643,0.005382
9.300000,-0.001986,-0.005567,-0.002303,-1.106480,0.029583,0.005355
9.310000,-0.001976,-0.005539,-0.002292,-1.106506,0.029524,0.005329
9.320000,-0.001967,-0.005512,-0.002280,-1.106532,0.029465,0.005302
9.330000,-0.001957,-0.005484,-0.002269,-1.106558,0.029406,0.005276
9.340000,-0.001947,-0.005457,-0.002258,-1.106583,0.029347,0.005249
9.350000,-0.001937,-0.005430,-0.002246,-1.106609,0.029288,0.005223
9.360000,-0.001928,-0.005402,-0.002235,-1.106634,0.029230,0.005197
9.370000,-0.001918,-0.005375,-0.002224,-1.106659,0.029171,0.005171
9.380000,-0.001908,-0.005349,-0.002213,-1.106684,0.029113,0.005145
9.390000,-0.001899,-0.005322,-0.002202,-1.106709,0.029055,0.005120
9.400000,-0.001889,-0.005295,-0.002191,-1.106733,0.028996,0.005094
9.410000,-0.001880,-0.005269,-0.002180,-1.106758,0.028938,0.005069
9.420000,-0.001871,-0.005243,-0.002169,-1.106782,0.028880,0.005043
9.430000,-0.001861,-0.005217,-0.002158,-1.106806,0.028823,0.005018
9.440000,-0.001852,-0.005191,-0.002148,-1.106830,0.028765,0.004993
9.450000,-0.001843,-0.005165,-0.002137,-1.106853,0.028707,0.004968
9.460000,-0.001834,-0.005139,-0.002126,-1.106877,0.028650,0.004944
9.470000,-0.001824,-0.005113,-0.002116,-1.106901,0.028592,0.004919
9.480000,-0.001815,-0.005088,-0.002105,-1.106924,0.028535,0.004894
9.490000,-0.001806,-0.005062,-0.002094,-1.106947,0.028478,0.004870
9.500000,-0.001797,-0.005037,-0.002084,-1.106970,0.028421,0.004846
9.510000,-0.001788,-0.005012,-0.002074,-1.106993,0.028364,0.004822
9.520000,-0.001779,-0.004987,-0.002063,-1.107016,0.028307,0.004797
9.530000,-0.001771,-0.004962,-0.002053,-1.107038,0.028251,0.004774
9.540000,-0.001762,-0.004937,-0.002043,-1.107061,0.028194,0.004750
9.550000,-0.001753,-0.004913,-0.002033,-1.107083,0.028138,0.004726
9.560000,-0.001744,-0.004888,-0.002022,-1.107105,0.028081,0.004702
9.570000,-0.001736,-0.004864,-0.002012,-1.107127,0.028025,0.004679
9.580000,-0.001727,-0.004840,-0.002002,-1.107149,0.027969,0.004656
9.590000,-0.001718,-0.004816,-0.001992,-1.107170,0.027913,0.004632
9.600000,-0.001710,-0.004791,-0.001982,-1.107192,0.027857,0.004609
9.610000,-0.001701,-0.004768,-0.001973,-1.107213,0.027801,0.004586
9.620000,-0.001693,-0.004744,-0.001963,-1.107235,0.027746,0.004563
9.630000,-0.001684,-0.004720,-0.001953,-1.107256,0.027690,0.004541
9.640000,-0.001676,-0.004697,-0.001943,-1.107277,0.027635,0.004518
9.650000,-0.001667,-0.004673,-0.001933,-1.107298,0.027579,0.004496
9.660000,-0.001659,-0.004650,-0.001924,-1.107318,0.027524,0.004473
9.670000,-0.001651,-0.004627,-0.001914,-1.107339,0.027469,0.004451
9.680000,-0.001643,-0.004604,-0.001905,-1.107360,0.027414,0.004429
9.690000,-0.001634,-0.004581,-0.001895,-1.107380,0.027359,0.004407
9.700000,-0.001626,-0.004558,-0.001886,-1.107400,0.027304,0.004385
9.710000,-0.001618,-0.004535,-0.001876,-1.107420,0.027250,0.004363
9.720000,-0.001610,-0.004512,-0.001867,-1.107440,0.027195,0.004341
9.730000,-0.001602,-0.004490,-0.001858,-1.107460,0.027141,0.004319
9.740000,-0.001594,-0.004468,-0.001848,-1.107480,0.027087,0.004298
9.750000,-0.001586,-0.004445,-0.001839,-1.107499,0.027032,0.004276
9.760000,-0.001578,-0.004423,-0.001830,-1.107519,0.026978,0.004255
9.770000,-0.001570,-0.004401,-0.001821,-1.107538,0.026924,0.004234
9.780000,-0.001563,-0.004379,-0.001812,-1.107557,0.026870,0.004213
9.790000,-0.001555,-0.004357,-0.001803,-1.107576,0.026817,0.004192
9.800000,-0.001547,-0.004335,-0.001794,-1.107595,0.026763,0.004171
9.810000,-0.001539,-0.004314,-0.001785,-1.107614,0.026709,0.004150
9.820000,-0.001532,-0.004292,-0.001776,-1.107633,0.026656,0.004129
9.830000,-0.001524,-0.004271,-0.001767,-1.107651,0.026602,0.004109
9.840000,-0.001516,-0.004250,-0.001758,-1.107670,0.026549,0.004088
9.850000,-0.001509,-0.004228,-0.001749,-1.107688,0.026496,0.004068
9.860000,-0.001501,-0.004207,-0.001741,-1.107706,0.026443,0.004047
9.870000,-0.001494,-0.004186,-0.001732,-1.107724,0.026390,0.004027
9.880000,-0.001486,-0.004165,-0.001723,-1.107742,0.026337,0.004007
9.890000,-0.001479,-0.004145,-0.001715,-1.107760,0.026285,0.003987
9.900000,-0.001472,-0.004124,-0.001706,-1.107778,0.026232,0.003967
9.910000,-0.001464,-0.004103,-0.001698,-1.107796,0.026179,0.003947
9.920000,-0.001457,-0.004083,-0.001689,-1.107813,0.026127,0.003928
9.930000,-0.001450,-0.004063,-0.001681,-1.107831,0.026075,0.003908
9.940000,-0.001442,-0.004042,-0.001672,-1.107848,0.026023,0.003889
9.950000,-0.001435,-0.004022,-0.001664,-1.107865,0.025971,0.003869
9.960000,-0.001428,-0.004002,-0.001656,-1.107882,0.025919,0.003850
9.970000,-0.001421,-0.003982,-0.001648,-1.107899,0.025867,0.003831
9.980000,-0.001414,-0.003962,-0.001639,-1.107916,0.025815,0.003812
9.990000,-0.001407,-0.003943,-0.001631,-1.107933,0.025763,0.003793
10.000000,-0.001400,-0.003923,-0.001623,-1.107949,0.025712,0.003774
