0.000000,-0.654861,-0.756971,-0.992607,-0.612807,-0.779202,0.444617
0.010000,-0.648832,-0.749325,-0.981323,-0.615664,-0.775528,0.441532
0.020000,-0.642909,-0.741827,-0.970294,-0.618508,-0.771889,0.438480
0.030000,-0.637088,-0.734470,-0.959511,-0.621338,-0.768284,0.435460
0.040000,-0.631365,-0.727250,-0.948965,-0.624153,-0.764714,0.432473
0.050000,-0.625739,-0.720163,-0.938647,-0.626956,-0.761177,0.429518
0.060000,-0.620207,-0.713206,-0.928550,-0.629744,-0.757672,0.426593
0.070000,-0.614765,-0.706374,-0.918665,-0.632518,-0.754201,0.423699
0.080000,-0.609412,-0.699664,-0.908984,-0.635279,-0.750761,0.420835
0.090000,-0.604144,-0.693072,-0.899502,-0.638026,-0.747352,0.418000
0.100000,-0.598959,-0.686594,-0.890211,-0.640760,-0.743975,0.415194
0.110000,-0.593856,-0.680228,-0.881104,-0.643480,-0.740628,0.412416
0.120000,-0.588831,-0.673970,-0.872177,-0.646186,-0.737311,0.409667
0.130000,-0.583884,-0.667818,-0.863422,-0.648879,-0.734024,0.406944
0.140000,-0.579011,-0.661767,-0.854835,-0.651558,-0.730766,0.404249
0.150000,-0.574211,-0.655817,-0.846410,-0.654224,-0.727536,0.401581
0.160000,-0.569481,-0.649963,-0.838142,-0.656877,-0.724335,0.398938
0.170000,-0.564821,-0.644203,-0.830026,-0.659516,-0.721162,0.396321
0.180000,-0.560229,-0.638535,-0.822058,-0.662141,-0.718017,0.393730
0.190000,-0.555702,-0.632957,-0.814232,-0.664754,-0.714898,0.391163
0.200000,-0.551239,-0.627465,-0.806546,-0.667353,-0.711807,0.388621
0.210000,-0.546839,-0.622058,-0.798994,-0.669939,-0.708741,0.386103
0.220000,-0.542500,-0.616734,-0.791573,-0.672512,-0.705702,0.383609
0.230000,-0.538220,-0.611491,-0.784278,-0.675072,-0.702688,0.381138
0.240000,-0.533999,-0.606325,-0.777107,-0.677618,-0.699700,0.378690
0.250000,-0.529834,-0.601237,-0.770056,-0.680152,-0.696737,0.376265
0.260000,-0.525725,-0.596223,-0.763122,-0.682672,-0.693798,0.373862
0.270000,-0.521671,-0.591282,-0.756301,-0.685180,-0.690883,0.371481
0.280000,-0.517669,-0.586412,-0.749590,-0.687675,-0.687993,0.369121
0.290000,-0.513719,-0.581611,-0.742987,-0.690157,-0.685126,0.366784
0.300000,-0.509820,-0.576878,-0.736488,-0.692626,-0.682282,0.364467
0.310000,-0.505970,-0.572212,-0.730090,-0.695082,-0.679461,0.362171
0.320000,-0.502169,-0.567610,-0.723792,-0.697525,-0.676663,0.359895
0.330000,-0.498416,-0.563071,-0.717590,-0.699956,-0.673887,0.357639
0.340000,-0.494708,-0.558594,-0.711482,-0.702374,-0.671133,0.355403
0.350000,-0.491047,-0.554177,-0.705466,-0.704780,-0.668401,0.353187
0.360000,-0.487430,-0.549819,-0.699539,-0.707173,-0.665691,0.350990
0.370000,-0.483856,-0.545519,-0.693699,-0.709553,-0.663002,0.348812
0.380000,-0.480325,-0.541276,-0.687945,-0.711921,-0.660333,0.346653
0.390000,-0.476836,-0.537087,-0.682273,-0.714276,-0.657686,0.344513
0.400000,-0.473388,-0.532953,-0.676682,-0.716620,-0.655058,0.342390
0.410000,-0.469980,-0.528871,-0.671170,-0.718950,-0.652451,0.340286
0.420000,-0.466612,-0.524841,-0.665735,-0.721269,-0.649864,0.338199
0.430000,-0.463282,-0.520862,-0.660376,-0.723575,-0.647296,0.336130
0.440000,-0.459990,-0.516932,-0.655090,-0.725869,-0.644748,0.334078
0.450000,-0.456735,-0.513051,-0.649877,-0.728151,-0.642219,0.332044
0.460000,-0.453517,-0.509217,-0.644733,-0.730420,-0.639709,0.330026
0.470000,-0.450334,-0.505430,-0.639658,-0.732678,-0.637217,0.328024
0.480000,-0.447187,-0.501689,-0.634651,-0.734924,-0.634744,0.326039
0.490000,-0.444074,-0.497992,-0.629709,-0.737157,-0.632289,0.324071
0.500000,-0.440994,-0.494339,-0.624831,-0.739379,-0.629852,0.322118
0.510000,-0.437948,-0.490730,-0.620017,-0.741588,-0.627433,0.320181
0.520000,-0.434935,-0.487162,-0.615264,-0.743786,-0.625031,0.318260
0.530000,-0.431953,-0.483636,-0.610571,-0.745972,-0.622647,0.316354
0.540000,-0.429003,-0.480150,-0.605937,-0.748147,-0.620279,0.314463
0.550000,-0.426084,-0.476704,-0.601361,-0.750309,-0.617929,0.312587
0.560000,-0.423195,-0.473297,-0.596841,-0.752460,-0.615595,0.310726
0.570000,-0.420336,-0.469929,-0.592377,-0.754600,-0.613278,0.308880
0.580000,-0.417506,-0.466598,-0.587967,-0.756727,-0.610978,0.307048
0.590000,-0.414705,-0.463304,-0.583610,-0.758844,-0.608693,0.305230
0.600000,-0.411933,-0.460046,-0.579306,-0.760948,-0.606424,0.303427
0.610000,-0.409188,-0.456824,-0.575052,-0.763042,-0.604171,0.301637
0.620000,-0.406470,-0.453636,-0.570849,-0.765124,-0.601934,0.299861
0.630000,-0.403780,-0.450484,-0.566694,-0.767194,-0.599712,0.298099
0.640000,-0.401116,-0.447364,-0.562588,-0.769253,-0.597505,0.296351
0.650000,-0.398478,-0.444278,-0.558529,-0.771301,-0.595313,0.294615
0.660000,-0.395865,-0.441225,-0.554516,-0.773338,-0.593136,0.292893
0.670000,-0.393278,-0.438203,-0.550549,-0.775364,-0.590974,0.291184
0.680000,-0.390716,-0.435213,-0.546626,-0.777379,-0.588826,0.289487
0.690000,-0.388178,-0.432254,-0.542747,-0.779382,-0.586693,0.287804
0.700000,-0.385664,-0.429325,-0.538912,-0.781374,-0.584574,0.286132
0.710000,-0.383174,-0.426426,-0.535118,-0.783356,-0.582469,0.284474
0.720000,-0.380707,-0.423556,-0.531366,-0.785327,-0.580378,0.282827
0.730000,-0.378263,-0.420715,-0.527654,-0.787286,-0.578300,0.281193
0.740000,-0.375842,-0.417903,-0.523983,-0.789235,-0.576237,0.279571
0.750000,-0.373443,-0.415118,-0.520350,-0.791173,-0.574186,0.277960
0.760000,-0.371066,-0.412362,-0.516757,-0.793101,-0.572149,0.276361
0.770000,-0.368710,-0.409632,-0.513201,-0.795017,-0.570125,0.274774
0.780000,-0.366376,-0.406929,-0.509682,-0.796923,-0.568114,0.273199
0.790000,-0.364063,-0.404252,-0.506200,-0.798819,-0.566116,0.271634
0.800000,-0.361770,-0.401600,-0.502754,-0.800704,-0.564131,0.270081
0.810000,-0.359498,-0.398975,-0.499344,-0.802578,-0.562158,0.268540
0.820000,-0.357246,-0.396374,-0.495968,-0.804442,-0.560198,0.267009
0.830000,-0.355014,-0.393798,-0.492626,-0.806295,-0.558250,0.265489
0.840000,-0.352801,-0.391246,-0.489318,-0.808138,-0.556314,0.263979
0.850000,-0.350607,-0.388717,-0.486043,-0.809971,-0.554390,0.262481
0.860000,-0.348433,-0.386213,-0.482801,-0.811794,-0.552478,0.260993
0.870000,-0.346277,-0.383732,-0.479591,-0.813606,-0.550578,0.259515
0.880000,-0.344139,-0.381273,-0.476412,-0.815408,-0.548690,0.258048
0.890000,-0.342020,-0.378837,-0.473264,-0.817200,-0.546813,0.256591
0.900000,-0.339919,-0.376423,-0.470147,-0.818982,-0.544948,0.255144
0.910000,-0.337835,-0.374031,-0.467060,-0.820754,-0.543094,0.253708
0.920000,-0.335769,-0.371660,-0.464003,-0.822516,-0.541251,0.252281
0.930000,-0.333721,-0.369311,-0.460974,-0.824268,-0.539420,0.250864
0.940000,-0.331689,-0.366982,-0.457974,-0.826010,-0.537599,0.249456
0.950000,-0.329674,-0.364674,-0.455003,-0.827742,-0.535789,0.248059
0.960000,-0.327675,-0.362387,-0.452059,-0.829464,-0.533990,0.246670
0.970000,-0.325693,-0.360119,-0.449143,-0.831177,-0.532202,0.245292
0.980000,-0.323727,-0.357872,-0.446254,-0.832879,-0.530424,0.243922
0.990000,-0.321777,-0.355643,-0.443391,-0.834573,-0.528657,0.242562
1.000000,-0.319843,-0.353434,-0.440554,-0.836256,-0.526900,0.241211
1.010000,-0.317925,-0.351244,-0.437744,-0.837930,-0.525153,0.239869
1.020000,-0.316021,-0.349073,-0.434958,-0.839594,-0.523417,0.238536
1.030000,-0.314133,-0.346920,-0.432198,-0.841249,-0.521690,0.237212
1.040000,-0.312260,-0.344785,-0.429463,-0.842895,-0.519973,0.235897
1.050000,-0.310401,-0.342668,-0.426752,-0.844531,-0.518267,0.234591
1.060000,-0.308558,-0.340569,-0.424064,-0.846157,-0.516570,0.233293
1.070000,-0.306728,-0.338488,-0.421401,-0.847775,-0.514882,0.232004
1.080000,-0.304913,-0.336423,-0.418761,-0.849383,-0.513205,0.230723
1.090000,-0.303112,-0.334376,-0.416144,-0.850982,-0.511536,0.229451
1.100000,-0.301325,-0.332346,-0.413550,-0.852571,-0.509878,0.228187
1.110000,-0.299552,-0.330332,-0.410978,-0.854152,-0.508228,0.226932
1.120000,-0.297792,-0.328334,-0.408428,-0.855723,-0.506588,0.225684
1.130000,-0.296045,-0.326353,-0.405900,-0.857286,-0.504957,0.224445
1.140000,-0.294312,-0.324388,-0.403393,-0.858839,-0.503334,0.223214
1.150000,-0.292592,-0.322438,-0.400908,-0.860384,-0.501721,0.221990
1.160000,-0.290885,-0.320505,-0.398443,-0.861919,-0.500117,0.220775
1.170000,-0.289191,-0.318586,-0.396000,-0.863446,-0.498521,0.219567
1.180000,-0.287510,-0.316683,-0.393576,-0.864964,-0.496934,0.218367
1.190000,-0.285841,-0.314795,-0.391173,-0.866473,-0.495356,0.217175
1.200000,-0.284184,-0.312921,-0.388790,-0.867973,-0.493787,0.215991
1.210000,-0.282540,-0.311062,-0.386426,-0.869465,-0.492225,0.214814
1.220000,-0.280908,-0.309218,-0.384082,-0.870947,-0.490673,0.213644
1.230000,-0.279287,-0.307388,-0.381756,-0.872422,-0.489128,0.212482
1.240000,-0.277679,-0.305572,-0.379450,-0.873888,-0.487592,0.211328
1.250000,-0.276082,-0.303771,-0.377162,-0.875345,-0.486064,0.210180
1.260000,-0.274497,-0.301983,-0.374893,-0.876793,-0.484544,0.209040
1.270000,-0.272924,-0.300208,-0.372642,-0.878234,-0.483032,0.207907
1.280000,-0.271361,-0.298448,-0.370408,-0.879666,-0.481528,0.206781
1.290000,-0.269810,-0.296700,-0.368193,-0.881089,-0.480032,0.205662
1.300000,-0.268271,-0.294966,-0.365995,-0.882504,-0.478544,0.204551
1.310000,-0.266742,-0.293244,-0.363814,-0.883911,-0.477063,0.203446
1.320000,-0.265223,-0.291536,-0.361650,-0.885310,-0.475591,0.202348
1.330000,-0.263716,-0.289840,-0.359504,-0.886701,-0.474125,0.201257
1.340000,-0.262219,-0.288157,-0.357374,-0.888083,-0.472668,0.200172
1.350000,-0.260733,-0.286487,-0.355260,-0.889457,-0.471218,0.199094
1.360000,-0.259258,-0.284829,-0.353163,-0.890824,-0.469775,0.198023
1.370000,-0.257792,-0.283183,-0.351082,-0.892182,-0.468339,0.196959
1.380000,-0.256337,-0.281549,-0.349016,-0.893532,-0.466911,0.195901
1.390000,-0.254892,-0.279927,-0.346967,-0.894874,-0.465490,0.194850
1.400000,-0.253457,-0.278316,-0.344933,-0.896209,-0.464077,0.193804
1.410000,-0.252032,-0.276718,-0.342914,-0.897535,-0.462670,0.192766
1.420000,-0.250616,-0.275131,-0.340911,-0.898854,-0.461271,0.191734
1.430000,-0.249211,-0.273555,-0.338923,-0.900165,-0.459878,0.190708
1.440000,-0.247815,-0.271991,-0.336949,-0.901468,-0.458492,0.189688
1.450000,-0.246428,-0.270438,-0.334991,-0.902764,-0.457114,0.188674
1.460000,-0.245051,-0.268896,-0.333046,-0.904052,-0.455742,0.187667
1.470000,-0.243683,-0.267365,-0.331116,-0.905332,-0.454377,0.186665
1.480000,-0.242325,-0.265844,-0.329201,-0.906604,-0.453018,0.185670
1.490000,-0.240975,-0.264335,-0.327299,-0.907870,-0.451666,0.184681
1.500000,-0.239635,-0.262836,-0.325411,-0.909127,-0.450321,0.183697
1.510000,-0.238304,-0.261347,-0.323537,-0.910377,-0.448982,0.182720
1.520000,-0.236981,-0.259869,-0.321677,-0.911620,-0.447650,0.181748
1.530000,-0.235668,-0.258402,-0.319830,-0.912856,-0.446324,0.180782
1.540000,-0.234363,-0.256944,-0.317997,-0.914084,-0.445005,0.179822
1.550000,-0.233067,-0.255497,-0.316176,-0.915304,-0.443692,0.178867
1.560000,-0.231779,-0.254059,-0.314369,-0.916518,-0.442385,0.177919
1.570000,-0.230500,-0.252631,-0.312574,-0.917724,-0.441084,0.176976
1.580000,-0.229229,-0.251214,-0.310793,-0.918923,-0.439790,0.176038
1.590000,-0.227967,-0.249806,-0.309024,-0.920115,-0.438502,0.175106
1.600000,-0.226712,-0.248407,-0.307267,-0.921300,-0.437220,0.174180
1.610000,-0.225466,-0.247018,-0.305523,-0.922478,-0.435943,0.173259
1.620000,-0.224228,-0.245638,-0.303791,-0.923649,-0.434673,0.172343
1.630000,-0.222999,-0.244268,-0.302071,-0.924813,-0.433409,0.171433
1.640000,-0.221777,-0.242907,-0.300363,-0.925969,-0.432151,0.170528
1.650000,-0.220563,-0.241555,-0.298667,-0.927119,-0.430898,0.169628
1.660000,-0.219356,-0.240212,-0.296983,-0.928262,-0.429652,0.168734
1.670000,-0.218158,-0.238878,-0.295310,-0.929399,-0.428411,0.167845
1.680000,-0.216967,-0.237554,-0.293649,-0.930528,-0.427176,0.166961
1.690000,-0.215784,-0.236237,-0.292000,-0.931651,-0.425946,0.166082
1.700000,-0.214608,-0.234930,-0.290361,-0.932766,-0.424722,0.165209
1.710000,-0.213440,-0.233631,-0.288734,-0.933876,-0.423504,0.164340
1.720000,-0.212279,-0.232341,-0.287118,-0.934978,-0.422291,0.163476
1.730000,-0.211126,-0.231059,-0.285513,-0.936074,-0.421084,0.162618
1.740000,-0.209980,-0.229786,-0.283919,-0.937163,-0.419882,0.161764
1.750000,-0.208841,-0.228521,-0.282335,-0.938246,-0.418685,0.160915
1.760000,-0.207709,-0.227264,-0.280762,-0.939322,-0.417494,0.160072
1.770000,-0.206585,-0.226015,-0.279200,-0.940392,-0.416309,0.159233
1.780000,-0.205467,-0.224775,-0.277648,-0.941456,-0.415128,0.158399
1.790000,-0.204357,-0.223542,-0.276107,-0.942513,-0.413953,0.157569
1.800000,-0.203253,-0.222318,-0.274575,-0.943563,-0.412783,0.156745
1.810000,-0.202156,-0.221101,-0.273054,-0.944607,-0.411618,0.155925
1.820000,-0.201066,-0.219892,-0.271543,-0.945645,-0.410459,0.155110
1.830000,-0.199983,-0.218691,-0.270042,-0.946677,-0.409304,0.154299
1.840000,-0.198906,-0.217498,-0.268551,-0.947703,-0.408155,0.153493
1.850000,-0.197836,-0.216312,-0.267070,-0.948722,-0.407011,0.152692
1.860000,-0.196773,-0.215134,-0.265598,-0.949735,-0.405871,0.151895
1.870000,-0.195716,-0.213963,-0.264136,-0.950742,-0.404737,0.151103
1.880000,-0.194666,-0.212800,-0.262684,-0.951743,-0.403607,0.150315
1.890000,-0.193622,-0.211644,-0.261241,-0.952738,-0.402482,0.149532
1.900000,-0.192585,-0.210495,-0.259807,-0.953726,-0.401363,0.148753
1.910000,-0.191553,-0.209354,-0.258383,-0.954709,-0.400248,0.147978
1.920000,-0.190528,-0.208219,-0.256967,-0.955686,-0.399137,0.147208
1.930000,-0.189510,-0.207092,-0.255561,-0.956657,-0.398032,0.146442
1.940000,-0.188497,-0.205972,-0.254164,-0.957622,-0.396931,0.145681
1.950000,-0.187491,-0.204859,-0.252776,-0.958581,-0.395835,0.144924
1.960000,-0.186490,-0.203753,-0.251397,-0.959534,-0.394744,0.144171
1.970000,-0.185496,-0.202653,-0.250026,-0.960482,-0.393657,0.143422
1.980000,-0.184508,-0.201561,-0.248665,-0.961424,-0.392575,0.142678
1.990000,-0.183525,-0.200475,-0.247312,-0.962360,-0.391497,0.141937
2.000000,-0.182549,-0.199396,-0.245967,-0.963290,-0.390424,0.141201
2.010000,-0.181578,-0.198324,-0.244631,-0.964215,-0.389355,0.140469
2.020000,-0.180613,-0.197258,-0.243303,-0.965134,-0.388291,0.139741
2.030000,-0.179654,-0.196198,-0.241984,-0.966047,-0.387231,0.139017
2.040000,-0.178701,-0.195146,-0.240673,-0.966955,-0.386176,0.138297
2.050000,-0.177753,-0.194099,-0.239370,-0.967858,-0.385125,0.137581
2.060000,-0.176811,-0.193059,-0.238076,-0.968755,-0.384078,0.136869
2.070000,-0.175874,-0.192026,-0.236789,-0.969646,-0.383036,0.136161
2.080000,-0.174943,-0.190998,-0.235511,-0.970532,-0.381998,0.135457
2.090000,-0.174018,-0.189977,-0.234240,-0.971412,-0.380964,0.134757
2.100000,-0.173098,-0.188962,-0.232977,-0.972288,-0.379934,0.134060
2.110000,-0.172183,-0.187953,-0.231722,-0.973157,-0.378909,0.133368
2.120000,-0.171274,-0.186951,-0.230475,-0.974022,-0.377887,0.132679
2.130000,-0.170370,-0.185954,-0.229236,-0.974881,-0.376870,0.131994
2.140000,-0.169471,-0.184963,-0.228004,-0.975735,-0.375857,0.131313
2.150000,-0.168578,-0.183978,-0.226779,-0.976584,-0.374848,0.130636
2.160000,-0.167690,-0.183000,-0.225562,-0.977427,-0.373843,0.129962
2.170000,-0.166807,-0.182027,-0.224353,-0.978266,-0.372842,0.129292
2.180000,-0.165929,-0.181059,-0.223151,-0.979099,-0.371846,0.128626
2.190000,-0.165056,-0.180098,-0.221956,-0.979927,-0.370853,0.127964
2.200000,-0.164188,-0.179142,-0.220769,-0.980750,-0.369864,0.127305
2.210000,-0.163326,-0.178192,-0.219588,-0.981568,-0.368879,0.126649
2.220000,-0.162468,-0.177248,-0.218415,-0.982381,-0.367898,0.125998
2.230000,-0.161615,-0.176309,-0.217249,-0.983189,-0.366920,0.125349
2.240000,-0.160767,-0.175375,-0.216090,-0.983992,-0.365947,0.124705
2.250000,-0.159924,-0.174448,-0.214938,-0.984790,-0.364977,0.124063
2.260000,-0.159086,-0.173525,-0.213793,-0.985583,-0.364012,0.123426
2.270000,-0.158253,-0.172608,-0.212655,-0.986371,-0.363049,0.122792
2.280000,-0.157424,-0.171697,-0.211523,-0.987155,-0.362091,0.122161
2.290000,-0.156601,-0.170791,-0.210399,-0.987933,-0.361137,0.121534
2.300000,-0.155782,-0.169890,-0.209281,-0.988707,-0.360186,0.120910
2.310000,-0.154967,-0.168994,-0.208169,-0.989476,-0.359239,0.120289
2.320000,-0.154157,-0.168104,-0.207065,-0.990241,-0.358295,0.119672
2.330000,-0.153352,-0.167219,-0.205967,-0.991000,-0.357355,0.119058
2.340000,-0.152552,-0.166339,-0.204875,-0.991755,-0.356419,0.118448
2.350000,-0.151756,-0.165464,-0.203790,-0.992505,-0.355486,0.117840
2.360000,-0.150964,-0.164594,-0.202711,-0.993251,-0.354557,0.117236
2.370000,-0.150177,-0.163729,-0.201639,-0.993992,-0.353632,0.116636
2.380000,-0.149395,-0.162869,-0.200572,-0.994729,-0.352710,0.116038
2.390000,-0.148617,-0.162014,-0.199513,-0.995461,-0.351791,0.115444
2.400000,-0.147843,-0.161164,-0.198459,-0.996188,-0.350876,0.114853
2.410000,-0.147074,-0.160319,-0.197412,-0.996911,-0.349964,0.114265
2.420000,-0.146309,-0.159479,-0.196370,-0.997629,-0.349056,0.113681
2.430000,-0.145548,-0.158644,-0.195335,-0.998343,-0.348152,0.113099
2.440000,-0.144791,-0.157813,-0.194306,-0.999053,-0.347250,0.112521
2.450000,-0.144039,-0.156987,-0.193283,-0.999758,-0.346352,0.111945
2.460000,-0.143291,-0.156166,-0.192265,-1.000459,-0.345457,0.111373
2.470000,-0.142547,-0.155350,-0.191254,-1.001155,-0.344566,0.110804
2.480000,-0.141808,-0.154538,-0.190248,-1.001848,-0.343678,0.110238
2.490000,-0.141072,-0.153731,-0.189249,-1.002536,-0.342793,0.109675
2.500000,-0.140341,-0.152928,-0.188255,-1.003219,-0.341912,0.109115
2.510000,-0.139614,-0.152130,-0.187267,-1.003899,-0.341034,0.108558
2.520000,-0.138890,-0.151337,-0.186284,-1.004574,-0.340159,0.108004
2.530000,-0.138171,-0.150548,-0.185308,-1.005245,-0.339287,0.107452
2.540000,-0.137456,-0.149763,-0.184336,-1.005912,-0.338419,0.106904
2.550000,-0.136745,-0.148983,-0.183371,-1.006574,-0.337553,0.106359
2.560000,-0.136037,-0.148207,-0.182411,-1.007233,-0.336691,0.105817
2.570000,-0.135334,-0.147436,-0.181456,-1.007887,-0.335832,0.105277
2.580000,-0.134634,-0.146669,-0.180507,-1.008538,-0.334976,0.104740
2.590000,-0.133939,-0.145907,-0.179563,-1.009184,-0.334123,0.104207
2.600000,-0.133247,-0.145148,-0.178625,-1.009827,-0.333273,0.103676
2.610000,-0.132559,-0.144394,-0.177692,-1.010465,-0.332427,0.103148
2.620000,-0.131875,-0.143644,-0.176764,-1.011099,-0.331583,0.102622
2.630000,-0.131194,-0.142899,-0.175842,-1.011730,-0.330742,0.102100
2.640000,-0.130518,-0.142157,-0.174925,-1.012356,-0.329905,0.101580
2.650000,-0.129845,-0.141420,-0.174013,-1.012979,-0.329070,0.101063
2.660000,-0.129175,-0.140687,-0.173106,-1.013598,-0.328239,0.100549
2.670000,-0.128510,-0.139957,-0.172204,-1.014213,-0.327410,0.100037
2.680000,-0.127848,-0.139232,-0.171308,-1.014824,-0.326584,0.099528
2.690000,-0.127190,-0.138511,-0.170416,-1.015431,-0.325761,0.099022
2.700000,-0.126535,-0.137794,-0.169530,-1.016035,-0.324942,0.098519
2.710000,-0.125884,-0.137081,-0.168648,-1.016635,-0.324125,0.098018
2.720000,-0.125236,-0.136372,-0.167772,-1.017231,-0.323310,0.097520
2.730000,-0.124592,-0.135667,-0.166900,-1.017823,-0.322499,0.097024
2.740000,-0.123951,-0.134966,-0.166033,-1.018411,-0.321691,0.096531
2.750000,-0.123314,-0.134268,-0.165171,-1.018996,-0.320885,0.096041
2.760000,-0.122681,-0.133575,-0.164314,-1.019578,-0.320083,0.095553
2.770000,-0.122051,-0.132885,-0.163462,-1.020155,-0.319283,0.095068
2.780000,-0.121424,-0.132199,-0.162614,-1.020729,-0.318485,0.094585
2.790000,-0.120801,-0.131517,-0.161771,-1.021300,-0.317691,0.094105
2.800000,-0.120181,-0.130838,-0.160933,-1.021867,-0.316899,0.093627
2.810000,-0.119564,-0.130164,-0.160100,-1.022430,-0.316110,0.093152
2.820000,-0.118951,-0.129493,-0.159271,-1.022990,-0.315324,0.092680
2.830000,-0.118341,-0.128826,-0.158447,-1.023546,-0.314541,0.092210
2.840000,-0.117734,-0.128162,-0.157627,-1.024099,-0.313760,0.091742
2.850000,-0.117131,-0.127502,-0.156812,-1.024649,-0.312982,0.091277
2.860000,-0.116531,-0.126846,-0.156001,-1.025195,-0.312207,0.090814
2.870000,-0.115934,-0.126193,-0.155195,-1.025737,-0.311434,0.090354
2.880000,-0.115340,-0.125544,-0.154394,-1.026276,-0.310664,0.089896
2.890000,-0.114750,-0.124898,-0.153596,-1.026812,-0.309896,0.089440
2.900000,-0.114163,-0.124256,-0.152803,-1.027345,-0.309131,0.088987
2.910000,-0.113578,-0.123617,-0.152015,-1.027874,-0.308369,0.088536
2.920000,-0.112997,-0.122982,-0.151231,-1.028400,-0.307609,0.088088
2.930000,-0.112420,-0.122350,-0.150451,-1.028922,-0.306852,0.087642
2.940000,-0.111845,-0.121722,-0.149675,-1.029441,-0.306097,0.087198
2.950000,-0.111273,-0.121097,-0.148904,-1.029957,-0.305345,0.086756
2.960000,-0.110705,-0.120475,-0.148137,-1.030470,-0.304596,0.086317
2.970000,-0.110139,-0.119857,-0.147374,-1.030980,-0.303848,0.085880
2.980000,-0.109576,-0.119242,-0.146615,-1.031486,-0.303104,0.085446
2.990000,-0.109017,-0.118631,-0.145861,-1.031989,-0.302362,0.085013
3.000000,-0.108460,-0.118023,-0.145110,-1.032489,-0.301622,0.084583
3.010000,-0.107907,-0.117418,-0.144364,-1.032986,-0.300885,0.084155
3.020000,-0.107356,-0.116816,-0.143622,-1.033480,-0.300150,0.083730
3.030000,-0.106808,-0.116218,-0.142884,-1.033970,-0.299418,0.083306
3.040000,-0.106264,-0.115623,-0.142149,-1.034458,-0.298688,0.082885
3.050000,-0.105722,-0.115031,-0.141419,-1.034942,-0.297961,0.082466
3.060000,-0.105183,-0.114442,-0.140693,-1.035424,-0.297236,0.082049
3.070000,-0.104647,-0.113857,-0.139971,-1.035902,-0.296513,0.081635
3.080000,-0.104113,-0.113274,-0.139252,-1.036378,-0.295793,0.081222
3.090000,-0.103583,-0.112695,-0.138538,-1.036850,-0.295075,0.080812
3.100000,-0.103055,-0.112119,-0.137827,-1.037320,-0.294359,0.080403
3.110000,-0.102531,-0.111545,-0.137120,-1.037786,-0.293646,0.079997
3.120000,-0.102009,-0.110975,-0.136417,-1.038250,-0.292935,0.079593
3.130000,-0.101489,-0.110408,-0.135718,-1.038711,-0.292227,0.079191
3.140000,-0.100973,-0.109844,-0.135023,-1.039168,-0.291520,0.078791
3.150000,-0.100459,-0.109283,-0.134331,-1.039623,-0.290816,0.078394
3.160000,-0.099948,-0.108726,-0.133643,-1.040075,-0.290114,0.077998
3.170000,-0.099439,-0.108171,-0.132959,-1.040525,-0.289415,0.077604
3.180000,-0.098934,-0.107619,-0.132278,-1.040971,-0.288718,0.077212
3.190000,-0.098431,-0.107069,-0.131601,-1.041415,-0.288023,0.076823
3.200000,-0.097930,-0.106523,-0.130928,-1.041855,-0.287330,0.076435
3.210000,-0.097433,-0.105980,-0.130259,-1.042293,-0.286639,0.076049
3.220000,-0.096938,-0.105440,-0.129593,-1.042729,-0.285951,0.075666
3.230000,-0.096445,-0.104902,-0.128930,-1.043161,-0.285265,0.075284
3.240000,-0.095955,-0.104368,-0.128271,-1.043591,-0.284581,0.074904
3.250000,-0.095468,-0.103836,-0.127616,-1.044018,-0.283899,0.074527
3.260000,-0.094983,-0.103307,-0.126964,-1.044442,-0.283220,0.074151
3.270000,-0.094501,-0.102781,-0.126316,-1.044864,-0.282542,0.073777
3.280000,-0.094021,-0.102258,-0.125671,-1.045283,-0.281867,0.073405
3.290000,-0.093544,-0.101737,-0.125029,-1.045699,-0.281194,0.073035
3.300000,-0.093069,-0.101219,-0.124391,-1.046113,-0.280523,0.072667
3.310000,-0.092597,-0.100704,-0.123756,-1.046524,-0.279854,0.072301
3.320000,-0.092128,-0.100192,-0.123125,-1.046933,-0.279187,0.071936
3.330000,-0.091660,-0.099682,-0.122497,-1.047339,-0.278522,0.071574
3.340000,-0.091195,-0.099175,-0.121873,-1.047742,-0.277860,0.071213
3.350000,-0.090733,-0.098671,-0.121251,-1.048143,-0.277199,0.070855
3.360000,-0.090273,-0.098169,-0.120633,-1.048542,-0.276541,0.070498
3.370000,-0.089816,-0.097670,-0.120019,-1.048937,-0.275884,0.070143
3.380000,-0.089361,-0.097174,-0.119407,-1.049331,-0.275230,0.069789
3.390000,-0.088908,-0.096680,-0.118799,-1.049722,-0.274577,0.069438
3.400000,-0.088457,-0.096189,-0.118194,-1.050110,-0.273927,0.069088
3.410000,-0.088009,-0.095700,-0.117593,-1.050496,-0.273279,0.068740
3.420000,-0.087564,-0.095214,-0.116994,-1.050879,-0.272632,0.068394
3.430000,-0.087120,-0.094731,-0.116399,-1.051261,-0.271988,0.068050
3.440000,-0.086679,-0.094250,-0.115806,-1.051639,-0.271346,0.067707
3.450000,-0.086241,-0.093772,-0.115217,-1.052015,-0.270705,0.067367
3.460000,-0.085804,-0.093296,-0.114631,-1.052389,-0.270067,0.067028
3.470000,-0.085370,-0.092823,-0.114048,-1.052761,-0.269430,0.066690
3.480000,-0.084938,-0.092352,-0.113469,-1.053130,-0.268796,0.066355
3.490000,-0.084508,-0.091883,-0.112892,-1.053497,-0.268163,0.066021
3.500000,-0.084081,-0.091417,-0.112318,-1.053861,-0.267533,0.065689
3.510000,-0.083655,-0.090954,-0.111747,-1.054224,-0.266904,0.065358
3.520000,-0.083232,-0.090493,-0.111180,-1.054584,-0.266277,0.065030
3.530000,-0.082812,-0.090034,-0.110615,-1.054941,-0.265652,0.064703
3.540000,-0.082393,-0.089578,-0.110053,-1.055297,-0.265029,0.064377
3.550000,-0.081977,-0.089124,-0.109495,-1.055650,-0.264408,0.064054
3.560000,-0.081562,-0.088673,-0.108939,-1.056001,-0.263789,0.063731
3.570000,-0.081150,-0.088223,-0.108386,-1.056349,-0.263172,0.063411
3.580000,-0.080740,-0.087777,-0.107836,-1.056696,-0.262556,0.063092
3.590000,-0.080332,-0.087332,-0.107289,-1.057040,-0.261942,0.062775
3.600000,-0.079926,-0.086890,-0.106744,-1.057382,-0.261331,0.062460
3.610000,-0.079523,-0.086450,-0.106203,-1.057722,-0.260721,0.062146
3.620000,-0.079121,-0.086013,-0.105664,-1.058060,-0.260113,0.061833
3.630000,-0.078721,-0.085577,-0.105129,-1.058395,-0.259506,0.061523
3.640000,-0.078324,-0.085144,-0.104596,-1.058729,-0.258902,0.061213
3.650000,-0.077929,-0.084714,-0.104066,-1.059060,-0.258299,0.060906
3.660000,-0.077535,-0.084285,-0.103538,-1.059390,-0.257698,0.060600
3.670000,-0.077144,-0.083859,-0.103014,-1.059717,-0.257099,0.060295
3.680000,-0.076755,-0.083435,-0.102492,-1.060042,-0.256502,0.059993
3.690000,-0.076367,-0.083013,-0.101973,-1.060365,-0.255906,0.059691
3.700000,-0.075982,-0.082593,-0.101456,-1.060686,-0.255312,0.059391
3.710000,-0.075599,-0.082176,-0.100942,-1.061005,-0.254720,0.059093
3.720000,-0.075217,-0.081760,-0.100431,-1.061322,-0.254130,0.058796
3.730000,-0.074838,-0.081347,-0.099923,-1.061637,-0.253541,0.058501
3.740000,-0.074461,-0.080936,-0.099417,-1.061950,-0.252954,0.058207
3.750000,-0.074085,-0.080527,-0.098914,-1.062261,-0.252369,0.057915
3.760000,-0.073712,-0.080120,-0.098413,-1.062570,-0.251786,0.057624
3.770000,-0.073340,-0.079716,-0.097916,-1.062877,-0.251204,0.057335
3.780000,-0.072970,-0.079313,-0.097420,-1.063182,-0.250624,0.057047
3.790000,-0.072603,-0.078913,-0.096927,-1.063485,-0.250046,0.056761
3.800000,-0.072237,-0.078514,-0.096437,-1.063786,-0.249469,0.056476
3.810000,-0.071873,-0.078118,-0.095950,-1.064086,-0.248894,0.056192
3.820000,-0.071511,-0.077723,-0.095465,-1.064383,-0.248321,0.055910
3.830000,-0.071150,-0.077331,-0.094982,-1.064678,-0.247750,0.055630
3.840000,-0.070792,-0.076941,-0.094502,-1.064972,-0.247180,0.055351
3.850000,-0.070435,-0.076553,-0.094024,-1.065264,-0.246611,0.055073
3.860000,-0.070081,-0.076166,-0.093549,-1.065554,-0.246045,0.054797
3.870000,-0.069728,-0.075782,-0.093077,-1.065842,-0.245480,0.054522
3.880000,-0.069376,-0.075400,-0.092606,-1.066128,-0.244916,0.054248
3.890000,-0.069027,-0.075020,-0.092139,-1.066413,-0.244355,0.053976
3.900000,-0.068680,-0.074641,-0.091673,-1.066695,-0.243794,0.053705
3.910000,-0.068334,-0.074265,-0.091210,-1.066976,-0.243236,0.053436
3.920000,-0.067990,-0.073890,-0.090750,-1.067255,-0.242679,0.053168
3.930000,-0.067648,-0.073518,-0.090292,-1.067532,-0.242124,0.052901
3.940000,-0.067307,-0.073147,-0.089836,-1.067808,-0.241570,0.052636
3.950000,-0.066968,-0.072779,-0.089382,-1.068081,-0.241018,0.052372
3.960000,-0.066632,-0.072412,-0.088931,-1.068353,-0.240467,0.052109
3.970000,-0.066296,-0.072047,-0.088483,-1.068624,-0.239918,0.051848
3.980000,-0.065963,-0.071684,-0.088036,-1.068892,-0.239371,0.051588
3.990000,-0.065631,-0.071323,-0.087592,-1.069159,-0.238825,0.051329
4.000000,-0.065301,-0.070963,-0.087150,-1.069424,-0.238281,0.051072
4.010000,-0.064972,-0.070606,-0.086710,-1.069688,-0.237738,0.050816
4.020000,-0.064646,-0.070250,-0.086273,-1.069950,-0.237196,0.050561
4.030000,-0.064320,-0.069896,-0.085838,-1.070210,-0.236657,0.050308
4.040000,-0.063997,-0.069544,-0.085405,-1.070468,-0.236119,0.050056
4.050000,-0.063675,-0.069194,-0.084975,-1.070725,-0.235582,0.049805
4.060000,-0.063355,-0.068846,-0.084546,-1.070980,-0.235047,0.049555
4.070000,-0.063037,-0.068499,-0.084120,-1.071234,-0.234513,0.049307
4.080000,-0.062720,-0.068154,-0.083696,-1.071486,-0.233981,0.049060
4.090000,-0.062404,-0.067811,-0.083274,-1.071736,-0.233450,0.048814
4.100000,-0.062091,-0.067470,-0.082855,-1.071985,-0.232921,0.048569
4.110000,-0.061779,-0.067131,-0.082437,-1.072232,-0.232393,0.048326
4.120000,-0.061468,-0.066793,-0.082022,-1.072477,-0.231867,0.048084
4.130000,-0.061159,-0.066457,-0.081609,-1.072721,-0.231342,0.047843
4.140000,-0.060852,-0.066122,-0.081198,-1.072964,-0.230819,0.047603
4.150000,-0.060546,-0.065790,-0.080789,-1.073205,-0.230297,0.047364
4.160000,-0.060242,-0.065459,-0.080382,-1.073444,-0.229777,0.047127
4.170000,-0.059940,-0.065129,-0.079977,-1.073682,-0.229258,0.046891
4.180000,-0.059639,-0.064802,-0.079575,-1.073918,-0.228740,0.046656
4.190000,-0.059339,-0.064476,-0.079174,-1.074153,-0.228224,0.046422
4.200000,-0.059041,-0.064152,-0.078775,-1.074386,-0.227709,0.046190
4.210000,-0.058744,-0.063829,-0.078379,-1.074618,-0.227196,0.045959
4.220000,-0.058449,-0.063508,-0.077984,-1.074849,-0.226684,0.045728
4.230000,-0.058156,-0.063189,-0.077592,-1.075078,-0.226174,0.045499
4.240000,-0.057864,-0.062871,-0.077201,-1.075305,-0.225665,0.045272
4.250000,-0.057573,-0.062555,-0.076813,-1.075531,-0.225157,0.045045
4.260000,-0.057284,-0.062241,-0.076427,-1.075756,-0.224651,0.044819
4.270000,-0.056997,-0.061928,-0.076042,-1.075979,-0.224146,0.044595
4.280000,-0.056711,-0.061617,-0.075660,-1.076200,-0.223643,0.044372
4.290000,-0.056426,-0.061307,-0.075279,-1.076421,-0.223141,0.044149
4.300000,-0.056143,-0.060999,-0.074900,-1.076639,-0.222640,0.043928
4.310000,-0.055861,-0.060693,-0.074524,-1.076857,-0.222141,0.043708
4.320000,-0.055581,-0.060388,-0.074149,-1.077073,-0.221643,0.043490
4.330000,-0.055302,-0.060084,-0.073776,-1.077288,-0.221146,0.043272
4.340000,-0.055024,-0.059783,-0.073405,-1.077501,-0.220651,0.043055
4.350000,-0.054748,-0.059482,-0.073036,-1.077713,-0.220157,0.042840
4.360000,-0.054474,-0.059184,-0.072669,-1.077924,-0.219665,0.042625
4.370000,-0.054200,-0.058886,-0.072304,-1.078133,-0.219173,0.042412
4.380000,-0.053928,-0.058591,-0.071940,-1.078341,-0.218683,0.042200
4.390000,-0.053658,-0.058296,-0.071579,-1.078547,-0.218195,0.041988
4.400000,-0.053389,-0.058004,-0.071219,-1.078753,-0.217708,0.041778
4.410000,-0.053121,-0.057712,-0.070861,-1.078957,-0.217222,0.041569
4.420000,-0.052855,-0.057423,-0.070505,-1.079159,-0.216737,0.041361
4.430000,-0.052589,-0.057134,-0.070151,-1.079361,-0.216254,0.041154
4.440000,-0.052326,-0.056848,-0.069798,-1.079561,-0.215772,0.040948
4.450000,-0.052063,-0.056562,-0.069448,-1.079760,-0.215291,0.040743
4.460000,-0.051802,-0.056278,-0.069099,-1.079957,-0.214811,0.040539
4.470000,-0.051543,-0.055996,-0.068752,-1.080154,-0.214333,0.040337
4.480000,-0.051284,-0.055715,-0.068406,-1.080349,-0.213856,0.040135
4.490000,-0.051027,-0.055435,-0.068063,-1.080542,-0.213381,0.039934
4.500000,-0.050771,-0.055157,-0.067721,-1.080735,-0.212906,0.039734
4.510000,-0.050517,-0.054880,-0.067381,-1.080926,-0.212433,0.039535
4.520000,-0.050263,-0.054605,-0.067043,-1.081116,-0.211962,0.039338
4.530000,-0.050011,-0.054331,-0.066706,-1.081305,-0.211491,0.039141
4.540000,-0.049761,-0.054059,-0.066371,-1.081493,-0.211022,0.038945
4.550000,-0.049511,-0.053787,-0.066038,-1.081679,-0.210554,0.038750
4.560000,-0.049263,-0.053518,-0.065706,-1.081865,-0.210087,0.038556
4.570000,-0.049016,-0.053249,-0.065377,-1.082049,-0.209621,0.038363
4.580000,-0.048771,-0.052982,-0.065048,-1.082232,-0.209157,0.038171
4.590000,-0.048526,-0.052716,-0.064722,-1.082413,-0.208694,0.037981
4.600000,-0.048283,-0.052452,-0.064397,-1.082594,-0.208232,0.037791
4.610000,-0.048041,-0.052189,-0.064074,-1.082773,-0.207771,0.037602
4.620000,-0.047801,-0.051927,-0.063752,-1.082952,-0.207312,0.037413
4.630000,-0.047561,-0.051667,-0.063433,-1.083129,-0.206854,0.037226
4.640000,-0.047323,-0.051408,-0.063114,-1.083305,-0.206396,0.037040
4.650000,-0.047086,-0.051150,-0.062798,-1.083480,-0.205941,0.036855
4.660000,-0.046850,-0.050894,-0.062483,-1.083654,-0.205486,0.036671
4.670000,-0.046615,-0.050638,-0.062169,-1.083826,-0.205033,0.036487
4.680000,-0.046382,-0.050385,-0.061857,-1.083998,-0.204580,0.036305
4.690000,-0.046149,-0.050132,-0.061547,-1.084168,-0.204129,0.036123
4.700000,-0.045918,-0.049881,-0.061238,-1.084338,-0.203679,0.035943
4.710000,-0.045688,-0.049631,-0.060931,-1.084506,-0.203231,0.035763
4.720000,-0.045459,-0.049382,-0.060626,-1.084673,-0.202783,0.035584
4.730000,-0.045232,-0.049135,-0.060322,-1.084839,-0.202337,0.035406
4.740000,-0.045005,-0.048888,-0.060019,-1.085004,-0.201891,0.035229
4.750000,-0.044780,-0.048643,-0.059718,-1.085168,-0.201447,0.035053
4.760000,-0.044556,-0.048400,-0.059419,-1.085331,-0.201004,0.034878
4.770000,-0.044333,-0.048157,-0.059121,-1.085493,-0.200563,0.034703
4.780000,-0.044111,-0.047916,-0.058824,-1.085654,-0.200122,0.034530
4.790000,-0.043890,-0.047676,-0.058530,-1.085814,-0.199682,0.034357
4.800000,-0.043670,-0.047437,-0.058236,-1.085973,-0.199244,0.034185
4.810000,-0.043451,-0.047199,-0.057944,-1.086130,-0.198807,0.034015
4.820000,-0.043234,-0.046963,-0.057654,-1.086287,-0.198371,0.033845
4.830000,-0.043017,-0.046727,-0.057365,-1.086443,-0.197936,0.033675
4.840000,-0.042802,-0.046493,-0.057077,-1.086598,-0.197502,0.033507
4.850000,-0.042588,-0.046261,-0.056791,-1.086752,-0.197069,0.033340
4.860000,-0.042375,-0.046029,-0.056507,-1.086904,-0.196638,0.033173
4.870000,-0.042163,-0.045798,-0.056223,-1.087056,-0.196207,0.033007
4.880000,-0.041951,-0.045569,-0.055942,-1.087207,-0.195778,0.032842
4.890000,-0.041742,-0.045341,-0.055661,-1.087357,-0.195350,0.032678
4.900000,-0.041533,-0.045114,-0.055383,-1.087506,-0.194922,0.032515
4.910000,-0.041325,-0.044888,-0.055105,-1.087654,-0.194496,0.032352
4.920000,-0.041118,-0.044663,-0.054829,-1.087801,-0.194071,0.032190
4.930000,-0.040912,-0.044439,-0.054554,-1.087947,-0.193647,0.032030
4.940000,-0.040707,-0.044217,-0.054281,-1.088092,-0.193225,0.031869
4.950000,-0.040504,-0.043995,-0.054009,-1.088237,-0.192803,0.031710
4.960000,-0.040301,-0.043775,-0.053739,-1.088380,-0.192382,0.031552
4.970000,-0.040099,-0.043556,-0.053469,-1.088522,-0.191962,0.031394
4.980000,-0.039899,-0.043338,-0.053202,-1.088664,-0.191544,0.031237
4.990000,-0.039699,-0.043121,-0.052935,-1.088804,-0.191126,0.031081
5.000000,-0.039501,-0.042905,-0.052670,-1.088944,-0.190710,0.030926
5.010000,-0.039303,-0.042690,-0.052406,-1.089083,-0.190295,0.030771
5.020000,-0.039106,-0.042477,-0.052144,-1.089221,-0.189880,0.030617
5.030000,-0.038911,-0.042264,-0.051883,-1.089358,-0.189467,0.030464
5.040000,-0.038716,-0.042053,-0.051623,-1.089494,-0.189055,0.030312
5.050000,-0.038522,-0.041842,-0.051364,-1.089629,-0.188644,0.030161
5.060000,-0.038330,-0.041633,-0.051107,-1.089763,-0.188234,0.030010
5.070000,-0.038138,-0.041424,-0.050851,-1.089897,-0.187824,0.029860
5.080000,-0.037947,-0.041217,-0.050597,-1.090030,-0.187416,0.029711
5.090000,-0.037757,-0.041011,-0.050343,-1.090161,-0.187009,0.029562
5.100000,-0.037569,-0.040805,-0.050091,-1.090292,-0.186603,0.029415
5.110000,-0.037381,-0.040601,-0.049841,-1.090422,-0.186198,0.029268
5.120000,-0.037194,-0.040398,-0.049591,-1.090552,-0.185794,0.029122
5.130000,-0.037008,-0.040196,-0.049343,-1.090680,-0.185391,0.028976
5.140000,-0.036823,-0.039995,-0.049096,-1.090808,-0.184989,0.028831
5.150000,-0.036638,-0.039795,-0.048850,-1.090935,-0.184589,0.028687
5.160000,-0.036455,-0.039596,-0.048606,-1.091061,-0.184189,0.028544
5.170000,-0.036273,-0.039398,-0.048362,-1.091186,-0.183790,0.028401
5.180000,-0.036092,-0.039200,-0.048120,-1.091310,-0.183392,0.028260
5.190000,-0.035911,-0.039004,-0.047879,-1.091434,-0.182995,0.028118
5.200000,-0.035731,-0.038809,-0.047640,-1.091557,-0.182599,0.027978
5.210000,-0.035553,-0.038615,-0.047401,-1.091679,-0.182204,0.027838
5.220000,-0.035375,-0.038422,-0.047164,-1.091800,-0.181810,0.027699
5.230000,-0.035198,-0.038230,-0.046928,-1.091920,-0.181417,0.027561
5.240000,-0.035022,-0.038039,-0.046693,-1.092040,-0.181025,0.027423
5.250000,-0.034847,-0.037848,-0.046460,-1.092159,-0.180634,0.027286
5.260000,-0.034673,-0.037659,-0.046227,-1.092277,-0.180244,0.027150
5.270000,-0.034500,-0.037471,-0.045996,-1.092394,-0.179854,0.027014
5.280000,-0.034327,-0.037283,-0.045766,-1.092511,-0.179466,0.026879
5.290000,-0.034155,-0.037097,-0.045537,-1.092627,-0.179079,0.026745
5.300000,-0.033985,-0.036911,-0.045309,-1.092742,-0.178693,0.026611
5.310000,-0.033815,-0.036727,-0.045082,-1.092857,-0.178308,0.026479
5.320000,-0.033646,-0.036543,-0.044857,-1.092970,-0.177923,0.026346
5.330000,-0.033478,-0.036360,-0.044632,-1.093083,-0.177540,0.026215
5.340000,-0.033310,-0.036178,-0.044409,-1.093195,-0.177157,0.026084
5.350000,-0.033144,-0.035997,-0.044187,-1.093307,-0.176776,0.025954
5.360000,-0.032978,-0.035817,-0.043966,-1.093418,-0.176395,0.025824
5.370000,-0.032813,-0.035638,-0.043746,-1.093528,-0.176016,0.025695
5.380000,-0.032649,-0.035460,-0.043527,-1.093637,-0.175637,0.025567
5.390000,-0.032486,-0.035283,-0.043310,-1.093746,-0.175259,0.025439
5.400000,-0.032324,-0.035106,-0.043093,-1.093854,-0.174882,0.025312
5.410000,-0.032162,-0.034931,-0.042877,-1.093961,-0.174507,0.025185
5.420000,-0.032001,-0.034756,-0.042663,-1.094068,-0.174132,0.025060
5.430000,-0.031841,-0.034583,-0.042450,-1.094174,-0.173757,0.024935
5.440000,-0.031682,-0.034410,-0.042237,-1.094279,-0.173384,0.024810
5.450000,-0.031524,-0.034238,-0.042026,-1.094383,-0.173012,0.024686
5.460000,-0.031366,-0.034066,-0.041816,-1.094487,-0.172641,0.024563
5.470000,-0.031210,-0.033896,-0.041607,-1.094590,-0.172270,0.024440
5.480000,-0.031054,-0.033727,-0.041399,-1.094693,-0.171901,0.024318
5.490000,-0.030899,-0.033558,-0.041192,-1.094795,-0.171532,0.024197
5.500000,-0.030744,-0.033390,-0.040986,-1.094896,-0.171164,0.024076
5.510000,-0.030591,-0.033223,-0.040781,-1.094997,-0.170798,0.023956
5.520000,-0.030438,-0.033057,-0.040577,-1.095097,-0.170432,0.023836
5.530000,-0.030286,-0.032892,-0.040374,-1.095196,-0.170067,0.023717
5.540000,-0.030134,-0.032728,-0.040172,-1.095294,-0.169702,0.023599
5.550000,-0.029984,-0.032564,-0.039971,-1.095392,-0.169339,0.023481
5.560000,-0.029834,-0.032401,-0.039772,-1.095490,-0.168977,0.023364
5.570000,-0.029685,-0.032239,-0.039573,-1.095587,-0.168615,0.023247
5.580000,-0.029537,-0.032078,-0.039375,-1.095683,-0.168255,0.023131
5.590000,-0.029389,-0.031918,-0.039178,-1.095778,-0.167895,0.023015
5.600000,-0.029242,-0.031759,-0.038982,-1.095873,-0.167536,0.022900
5.610000,-0.029096,-0.031600,-0.038787,-1.095968,-0.167178,0.022786
5.620000,-0.028951,-0.031442,-0.038594,-1.096061,-0.166821,0.022672
5.630000,-0.028806,-0.031285,-0.038401,-1.096154,-0.166464,0.022559
5.640000,-0.028662,-0.031128,-0.038209,-1.096247,-0.166109,0.022447
5.650000,-0.028519,-0.030973,-0.038018,-1.096339,-0.165754,0.022334
5.660000,-0.028377,-0.030818,-0.037828,-1.096430,-0.165401,0.022223
5.670000,-0.028235,-0.030664,-0.037639,-1.096521,-0.165048,0.022112
5.680000,-0.028094,-0.030511,-0.037450,-1.096611,-0.164696,0.022002
5.690000,-0.027953,-0.030358,-0.037263,-1.096700,-0.164344,0.021892
5.700000,-0.027814,-0.030207,-0.037077,-1.096789,-0.163994,0.021783
5.710000,-0.027675,-0.030056,-0.036892,-1.096878,-0.163645,0.021674
5.720000,-0.027537,-0.029906,-0.036707,-1.096966,-0.163296,0.021566
5.730000,-0.027399,-0.029756,-0.036524,-1.097053,-0.162948,0.021458
5.740000,-0.027262,-0.029608,-0.036341,-1.097140,-0.162601,0.021351
5.750000,-0.027126,-0.029460,-0.036160,-1.097226,-0.162255,0.021244
5.760000,-0.026991,-0.029312,-0.035979,-1.097311,-0.161909,0.021138
5.770000,-0.026856,-0.029166,-0.035799,-1.097396,-0.161565,0.021033
5.780000,-0.026722,-0.029020,-0.035620,-1.097481,-0.161221,0.020928
5.790000,-0.026588,-0.028875,-0.035442,-1.097565,-0.160878,0.020823
5.800000,-0.026455,-0.028731,-0.035265,-1.097648,-0.160536,0.020719
5.810000,-0.026323,-0.028588,-0.035089,-1.097731,-0.160195,0.020616
5.820000,-0.026192,-0.028445,-0.034914,-1.097814,-0.159854,0.020513
5.830000,-0.026061,-0.028303,-0.034739,-1.097895,-0.159515,0.020411
5.840000,-0.025931,-0.028161,-0.034566,-1.097977,-0.159176,0.020309
5.850000,-0.025801,-0.028021,-0.034393,-1.098058,-0.158838,0.020207
5.860000,-0.025672,-0.027881,-0.034221,-1.098138,-0.158501,0.020106
5.870000,-0.025544,-0.027741,-0.034050,-1.098218,-0.158164,0.020006
5.880000,-0.025417,-0.027603,-0.033880,-1.098297,-0.157829,0.019906
5.890000,-0.025290,-0.027465,-0.033711,-1.098375,-0.157494,0.019807
5.900000,-0.025163,-0.027328,-0.033542,-1.098454,-0.157160,0.019708
5.910000,-0.025038,-0.027191,-0.033375,-1.098531,-0.156827,0.019610
5.920000,-0.024913,-0.027055,-0.033208,-1.098609,-0.156494,0.019512
5.930000,-0.024788,-0.026920,-0.033042,-1.098685,-0.156162,0.019414
5.940000,-0.024665,-0.026786,-0.032877,-1.098762,-0.155831,0.019317
5.950000,-0.024541,-0.026652,-0.032713,-1.098837,-0.155501,0.019221
5.960000,-0.024419,-0.026519,-0.032550,-1.098913,-0.155172,0.019125
5.970000,-0.024297,-0.026386,-0.032387,-1.098987,-0.154843,0.019030
5.980000,-0.024176,-0.026255,-0.032225,-1.099062,-0.154516,0.018935
5.990000,-0.024055,-0.026124,-0.032064,-1.099135,-0.154189,0.018840
6.000000,-0.023935,-0.025993,-0.031904,-1.099209,-0.153862,0.018746
6.010000,-0.023815,-0.025863,-0.031745,-1.099282,-0.153537,0.018653
6.020000,-0.023696,-0.025734,-0.031586,-1.099354,-0.153212,0.018559
6.030000,-0.023578,-0.025606,-0.031428,-1.099426,-0.152888,0.018467
6.040000,-0.023460,-0.025478,-0.031271,-1.099497,-0.152565,0.018375
6.050000,-0.023343,-0.025350,-0.031115,-1.099568,-0.152243,0.018283
6.060000,-0.023227,-0.025224,-0.030960,-1.099639,-0.151921,0.018192
6.070000,-0.023111,-0.025098,-0.030805,-1.099709,-0.151600,0.018101
6.080000,-0.022995,-0.024973,-0.030651,-1.099779,-0.151280,0.018011
6.090000,-0.022880,-0.024848,-0.030498,-1.099848,-0.150960,0.017921
6.100000,-0.022766,-0.024724,-0.030346,-1.099916,-0.150642,0.017831
6.110000,-0.022652,-0.024600,-0.030194,-1.099985,-0.150324,0.017742
6.120000,-0.022539,-0.024477,-0.030043,-1.100053,-0.150007,0.017654
6.130000,-0.022427,-0.024355,-0.029893,-1.100120,-0.149690,0.017566
6.140000,-0.022315,-0.024234,-0.029744,-1.100187,-0.149374,0.017478
6.150000,-0.022203,-0.024113,-0.029596,-1.100254,-0.149059,0.017391
6.160000,-0.022093,-0.023992,-0.029448,-1.100320,-0.148745,0.017304
6.170000,-0.021982,-0.023872,-0.029301,-1.100385,-0.148432,0.017218
6.180000,-0.021873,-0.023753,-0.029154,-1.100451,-0.148119,0.017132
6.190000,-0.021763,-0.023635,-0.029009,-1.100516,-0.147807,0.017046
6.200000,-0.021655,-0.023517,-0.028864,-1.100580,-0.147495,0.016961
6.210000,-0.021547,-0.023399,-0.028720,-1.100644,-0.147185,0.016876
6.220000,-0.021439,-0.023282,-0.028576,-1.100708,-0.146875,0.016792
6.230000,-0.021332,-0.023166,-0.028434,-1.100771,-0.146566,0.016708
6.240000,-0.021226,-0.023050,-0.028292,-1.100834,-0.146257,0.016625
6.250000,-0.021120,-0.022935,-0.028150,-1.100896,-0.145950,0.016542
6.260000,-0.021014,-0.022821,-0.028010,-1.100958,-0.145643,0.016460
6.270000,-0.020909,-0.022707,-0.027870,-1.101020,-0.145336,0.016377
6.280000,-0.020805,-0.022594,-0.027731,-1.101081,-0.145031,0.016296
6.290000,-0.020701,-0.022481,-0.027592,-1.101142,-0.144726,0.016214
6.300000,-0.020598,-0.022369,-0.027455,-1.101202,-0.144421,0.016133
6.310000,-0.020495,-0.022257,-0.027318,-1.101262,-0.144118,0.016053
6.320000,-0.020393,-0.022146,-0.027181,-1.101322,-0.143815,0.015973
6.330000,-0.020291,-0.022035,-0.027045,-1.101381,-0.143513,0.015893
6.340000,-0.020190,-0.021925,-0.026910,-1.101440,-0.143212,0.015814
6.350000,-0.020089,-0.021816,-0.026776,-1.101498,-0.142911,0.015735
6.360000,-0.019988,-0.021707,-0.026642,-1.101556,-0.142611,0.015656
6.370000,-0.019889,-0.021598,-0.026509,-1.101614,-0.142312,0.015578
6.380000,-0.019789,-0.021491,-0.026377,-1.101672,-0.142013,0.015501
6.390000,-0.019691,-0.021383,-0.026245,-1.101729,-0.141715,0.015423
6.400000,-0.019592,-0.021277,-0.026114,-1.101785,-0.141418,0.015346
6.410000,-0.019495,-0.021170,-0.025984,-1.101841,-0.141121,0.015270
6.420000,-0.019397,-0.021065,-0.025854,-1.101897,-0.140825,0.015193
6.430000,-0.019300,-0.020960,-0.025725,-1.101953,-0.140530,0.015118
6.440000,-0.019204,-0.020855,-0.025597,-1.102008,-0.140235,0.015042
6.450000,-0.019108,-0.020751,-0.025469,-1.102063,-0.139942,0.014967
6.460000,-0.019013,-0.020647,-0.025342,-1.102117,-0.139648,0.014892
6.470000,-0.018918,-0.020544,-0.025215,-1.102172,-0.139356,0.014818
6.480000,-0.018824,-0.020442,-0.025089,-1.102225,-0.139064,0.014744
6.490000,-0.018730,-0.020340,-0.024964,-1.102279,-0.138773,0.014671
6.500000,-0.018636,-0.020238,-0.024839,-1.102332,-0.138482,0.014597
6.510000,-0.018543,-0.020137,-0.024715,-1.102385,-0.138192,0.014525
6.520000,-0.018451,-0.020036,-0.024592,-1.102437,-0.137903,0.014452
6.530000,-0.018359,-0.019936,-0.024469,-1.102489,-0.137615,0.014380
6.540000,-0.018267,-0.019837,-0.024347,-1.102541,-0.137327,0.014308
6.550000,-0.018176,-0.019738,-0.024226,-1.102592,-0.137040,0.014237
6.560000,-0.018085,-0.019639,-0.024105,-1.102643,-0.136753,0.014166
6.570000,-0.017995,-0.019541,-0.023984,-1.102694,-0.136467,0.014095
6.580000,-0.017905,-0.019444,-0.023865,-1.102744,-0.136182,0.014025
6.590000,-0.017816,-0.019347,-0.023745,-1.102795,-0.135897,0.013955
6.600000,-0.017727,-0.019250,-0.023627,-1.102844,-0.135613,0.013885
6.610000,-0.017638,-0.019154,-0.023509,-1.102894,-0.135330,0.013816
6.620000,-0.017550,-0.019059,-0.023392,-1.102943,-0.135047,0.013747
6.630000,-0.017463,-0.018963,-0.023275,-1.102992,-0.134765,0.013678
6.640000,-0.017375,-0.018869,-0.023159,-1.103040,-0.134484,0.013610
6.650000,-0.017289,-0.018775,-0.023043,-1.103088,-0.134203,0.013542
6.660000,-0.017202,-0.018681,-0.022928,-1.103136,-0.133923,0.013475
6.670000,-0.017117,-0.018588,-0.022814,-1.103184,-0.133643,0.013407
6.680000,-0.017031,-0.018495,-0.022700,-1.103231,-0.133364,0.013341
6.690000,-0.016946,-0.018403,-0.022586,-1.103278,-0.133086,0.013274
6.700000,-0.016862,-0.018311,-0.022474,-1.103325,-0.132808,0.013208
6.710000,-0.016777,-0.018219,-0.022362,-1.103371,-0.132532,0.013142
6.720000,-0.016694,-0.018128,-0.022250,-1.103417,-0.132255,0.013076
6.730000,-0.016610,-0.018038,-0.022139,-1.103463,-0.131979,0.013011
6.740000,-0.016528,-0.017948,-0.022028,-1.103508,-0.131704,0.012946
6.750000,-0.016445,-0.017858,-0.021918,-1.103554,-0.131430,0.012882
6.760000,-0.016363,-0.017769,-0.021809,-1.103598,-0.131156,0.012817
6.770000,-0.016281,-0.017681,-0.021700,-1.103643,-0.130883,0.012753
6.780000,-0.016200,-0.017592,-0.021592,-1.103687,-0.130610,0.012690
6.790000,-0.016119,-0.017505,-0.021484,-1.103731,-0.130338,0.012626
6.800000,-0.016039,-0.017417,-0.021377,-1.103775,-0.130067,0.012563
6.810000,-0.015959,-0.017330,-0.021270,-1.103819,-0.129796,0.012501
6.820000,-0.015879,-0.017244,-0.021164,-1.103862,-0.129526,0.012438
6.830000,-0.015800,-0.017158,-0.021058,-1.103905,-0.129256,0.012376
6.840000,-0.015721,-0.017072,-0.020953,-1.103947,-0.128987,0.012315
6.850000,-0.015643,-0.016987,-0.020849,-1.103990,-0.128719,0.012253
6.860000,-0.015565,-0.016902,-0.020745,-1.104032,-0.128451,0.012192
6.870000,-0.015487,-0.016818,-0.020641,-1.104073,-0.128184,0.012131
6.880000,-0.015410,-0.016734,-0.020538,-1.104115,-0.127917,0.012071
6.890000,-0.015333,-0.016650,-0.020436,-1.104156,-0.127651,0.012010
6.900000,-0.015256,-0.016567,-0.020334,-1.104197,-0.127386,0.011951
6.910000,-0.015180,-0.016485,-0.020232,-1.104238,-0.127121,0.011891
6.920000,-0.015104,-0.016402,-0.020131,-1.104278,-0.126857,0.011832
6.930000,-0.015029,-0.016320,-0.020031,-1.104319,-0.126593,0.011773
6.940000,-0.014954,-0.016239,-0.019931,-1.104359,-0.126330,0.011714
6.950000,-0.014879,-0.016158,-0.019831,-1.104398,-0.126068,0.011655
6.960000,-0.014805,-0.016077,-0.019732,-1.104438,-0.125806,0.011597
6.970000,-0.014731,-0.015997,-0.019634,-1.104477,-0.125545,0.011539
6.980000,-0.014658,-0.015917,-0.019536,-1.104516,-0.125284,0.011482
6.990000,-0.014585,-0.015838,-0.019438,-1.104554,-0.125024,0.011425
7.000000,-0.014512,-0.015759,-0.019341,-1.104593,-0.124765,0.011368
7.010000,-0.014439,-0.015680,-0.019245,-1.104631,-0.124506,0.011311
7.020000,-0.014367,-0.015602,-0.019149,-1.104669,-0.124247,0.011254
7.030000,-0.014296,-0.015524,-0.019053,-1.104707,-0.123989,0.011198
7.040000,-0.014224,-0.015447,-0.018958,-1.104744,-0.123732,0.011142
7.050000,-0.014153,-0.015370,-0.018864,-1.104781,-0.123476,0.011087
7.060000,-0.014083,-0.015293,-0.018769,-1.104818,-0.123220,0.011032
7.070000,-0.014013,-0.015217,-0.018676,-1.104855,-0.122964,0.010976
7.080000,-0.013943,-0.015141,-0.018583,-1.104892,-0.122709,0.010922
7.090000,-0.013873,-0.015065,-0.018490,-1.104928,-0.122455,0.010867
7.100000,-0.013804,-0.014990,-0.018398,-1.104964,-0.122201,0.010813
7.110000,-0.013735,-0.014915,-0.018306,-1.105000,-0.121948,0.010759
7.120000,-0.013666,-0.014841,-0.018214,-1.105035,-0.121695,0.010705
7.130000,-0.013598,-0.014767,-0.018124,-1.105071,-0.121443,0.010652
7.140000,-0.013530,-0.014693,-0.018033,-1.105106,-0.121192,0.010599
7.150000,-0.013463,-0.014620,-0.017943,-1.105140,-0.120941,0.010546
7.160000,-0.013396,-0.014547,-0.017854,-1.105175,-0.120690,0.010493
7.170000,-0.013329,-0.014474,-0.017765,-1.105210,-0.120440,0.010441
7.180000,-0.013262,-0.014402,-0.017676,-1.105244,-0.120191,0.010389
7.190000,-0.013196,-0.014330,-0.017588,-1.105278,-0.119942,0.010337
7.200000,-0.013130,-0.014259,-0.017500,-1.105312,-0.119694,0.010286
7.210000,-0.013065,-0.014187,-0.017413,-1.105345,-0.119446,0.010234
7.220000,-0.013000,-0.014117,-0.017326,-1.105378,-0.119199,0.010183
7.230000,-0.012935,-0.014046,-0.017239,-1.105412,-0.118953,0.010132
7.240000,-0.012870,-0.013976,-0.017153,-1.105444,-0.118707,0.010082
7.250000,-0.012806,-0.013906,-0.017068,-1.105477,-0.118461,0.010032
7.260000,-0.012742,-0.013837,-0.016983,-1.105510,-0.118216,0.009981
7.270000,-0.012679,-0.013768,-0.016898,-1.105542,-0.117972,0.009932
7.280000,-0.012615,-0.013699,-0.016813,-1.105574,-0.117728,0.009882
7.290000,-0.012552,-0.013631,-0.016730,-1.105606,-0.117485,0.009833
7.300000,-0.012490,-0.013563,-0.016646,-1.105637,-0.117242,0.009784
7.310000,-0.012427,-0.013495,-0.016563,-1.105669,-0.116999,0.009735
7.320000,-0.012365,-0.013428,-0.016480,-1.105700,-0.116758,0.009686
7.330000,-0.012304,-0.013361,-0.016398,-1.105731,-0.116517,0.009638
7.340000,-0.012242,-0.013294,-0.016316,-1.105762,-0.116276,0.009590
7.350000,-0.012181,-0.013228,-0.016235,-1.105793,-0.116036,0.009542
7.360000,-0.012121,-0.013162,-0.016154,-1.105823,-0.115796,0.009495
7.370000,-0.012060,-0.013096,-0.016073,-1.105853,-0.115557,0.009447
7.380000,-0.012000,-0.013031,-0.015993,-1.105883,-0.115319,0.009400
7.390000,-0.011940,-0.012966,-0.015913,-1.105913,-0.115081,0.009353
7.400000,-0.011880,-0.012901,-0.015834,-1.105943,-0.114843,0.009307
7.410000,-0.011821,-0.012837,-0.015755,-1.105972,-0.114606,0.009260
7.420000,-0.011762,-0.012773,-0.015676,-1.106002,-0.114370,0.009214
7.430000,-0.011704,-0.012709,-0.015598,-1.106031,-0.114134,0.009168
7.440000,-0.011645,-0.012646,-0.015520,-1.106060,-0.113898,0.009122
7.450000,-0.011587,-0.012583,-0.015443,-1.106088,-0.113663,0.009077
7.460000,-0.011529,-0.012520,-0.015366,-1.106117,-0.113429,0.009031
7.470000,-0.011472,-0.012457,-0.015289,-1.106145,-0.113195,0.008986
7.480000,-0.011415,-0.012395,-0.015213,-1.106174,-0.112962,0.008942
7.490000,-0.011358,-0.012333,-0.015137,-1.106201,-0.112729,0.008897
7.500000,-0.011301,-0.012272,-0.015061,-1.106229,-0.112496,0.008853
7.510000,-0.011245,-0.012211,-0.014986,-1.106257,-0.112265,0.008808
7.520000,-0.011188,-0.012150,-0.014912,-1.106284,-0.112033,0.008765
7.530000,-0.011133,-0.012089,-0.014837,-1.106312,-0.111802,0.008721
7.540000,-0.011077,-0.012029,-0.014763,-1.106339,-0.111572,0.008677
7.550000,-0.011022,-0.011969,-0.014689,-1.106366,-0.111342,0.008634
7.560000,-0.010967,-0.011909,-0.014616,-1.106392,-0.111113,0.008591
7.570000,-0.010912,-0.011850,-0.014543,-1.106419,-0.110884,0.008548
7.580000,-0.010858,-0.011790,-0.014471,-1.106445,-0.110656,0.008505
7.590000,-0.010804,-0.011732,-0.014398,-1.106472,-0.110428,0.008463
7.600000,-0.010750,-0.011673,-0.014327,-1.106498,-0.110201,0.008421
7.610000,-0.010696,-0.011615,-0.014255,-1.106524,-0.109974,0.008379
7.620000,-0.010643,-0.011557,-0.014184,-1.106549,-0.109747,0.008337
7.630000,-0.010590,-0.011499,-0.014113,-1.106575,-0.109522,0.008295
7.640000,-0.010537,-0.011442,-0.014043,-1.106600,-0.109296,0.008254
7.650000,-0.010484,-0.011385,-0.013973,-1.106626,-0.109071,0.008213
7.660000,-0.010432,-0.011328,-0.013903,-1.106651,-0.108847,0.008172
7.670000,-0.010380,-0.011272,-0.013834,-1.106676,-0.108623,0.008131
7.680000,-0.010328,-0.011215,-0.013765,-1.106700,-0.108400,0.008091
7.690000,-0.010277,-0.011159,-0.013696,-1.106725,-0.108177,0.008050
7.700000,-0.010225,-0.011104,-0.013628,-1.106749,-0.107954,0.008010
7.710000,-0.010174,-0.011048,-0.013560,-1.106774,-0.107732,0.007970
7.720000,-0.010123,-0.010993,-0.013492,-1.106798,-0.107511,0.007930
7.730000,-0.010073,-0.010938,-0.013425,-1.106822,-0.107290,0.007891
7.740000,-0.010023,-0.010884,-0.013358,-1.106846,-0.107070,0.007851
7.750000,-0.009973,-0.010829,-0.013291,-1.106869,-0.106850,0.007812
7.760000,-0.009923,-0.010775,-0.013225,-1.106893,-0.106630,0.007773
7.770000,-0.009873,-0.010722,-0.013159,-1.106916,-0.106411,0.007735
7.780000,-0.009824,-0.010668,-0.013093,-1.106939,-0.106192,0.007696
7.790000,-0.009775,-0.010615,-0.013028,-1.106962,-0.105974,0.007658
7.800000,-0.009726,-0.010562,-0.012963,-1.106985,-0.105757,0.007619
7.810000,-0.009678,-0.010509,-0.012898,-1.107008,-0.105539,0.007581
7.820000,-0.009630,-0.010457,-0.012834,-1.107031,-0.105323,0.007544
7.830000,-0.009582,-0.010405,-0.012770,-1.107053,-0.105106,0.007506
7.840000,-0.009534,-0.010353,-0.012706,-1.107075,-0.104891,0.007468
7.850000,-0.009486,-0.010301,-0.012643,-1.107097,-0.104675,0.007431
7.860000,-0.009439,-0.010250,-0.012580,-1.107120,-0.104460,0.007394
7.870000,-0.009392,-0.010199,-0.012517,-1.107141,-0.104246,0.007357
7.880000,-0.009345,-0.010148,-0.012455,-1.107163,-0.104032,0.007321
7.890000,-0.009298,-0.010097,-0.012392,-1.107185,-0.103819,0.007284
7.900000,-0.009252,-0.010047,-0.012331,-1.107206,-0.103606,0.007248
7.910000,-0.009206,-0.009997,-0.012269,-1.107228,-0.103393,0.007212
7.920000,-0.009160,-0.009947,-0.012208,-1.107249,-0.103181,0.007176
7.930000,-0.009114,-0.009897,-0.012147,-1.107270,-0.102970,0.007140
7.940000,-0.009069,-0.009848,-0.012086,-1.107291,-0.102758,0.007104
7.950000,-0.009024,-0.009799,-0.012026,-1.107312,-0.102548,0.007069
7.960000,-0.008979,-0.009750,-0.011966,-1.107332,-0.102337,0.007033
7.970000,-0.008934,-0.009701,-0.011906,-1.107353,-0.102128,0.006998
7.980000,-0.008889,-0.009653,-0.011847,-1.107373,-0.101918,0.006963
7.990000,-0.008845,-0.009605,-0.011788,-1.107393,-0.101709,0.006929
8.000000,-0.008801,-0.009557,-0.011729,-1.107413,-0.101501,0.006894
8.010000,-0.008757,-0.009509,-0.011671,-1.107433,-0.101293,0.006860
8.020000,-0.008713,-0.009462,-0.011612,-1.107453,-0.101085,0.006826
8.030000,-0.008670,-0.009414,-0.011554,-1.107473,-0.100878,0.006792
8.040000,-0.008626,-0.009367,-0.011497,-1.107493,-0.100672,0.006758
8.050000,-0.008583,-0.009321,-0.011439,-1.107512,-0.100465,0.006724
8.060000,-0.008541,-0.009274,-0.011382,-1.107531,-0.100260,0.006690
8.070000,-0.008498,-0.009228,-0.011326,-1.107551,-0.100054,0.006657
8.080000,-0.008456,-0.009182,-0.011269,-1.107570,-0.099849,0.006624
8.090000,-0.008413,-0.009136,-0.011213,-1.107589,-0.099645,0.006591
8.100000,-0.008371,-0.009091,-0.011157,-1.107608,-0.099441,0.006558
8.110000,-0.008330,-0.009045,-0.011101,-1.107626,-0.099237,0.006525
8.120000,-0.008288,-0.009000,-0.011046,-1.107645,-0.099034,0.006493
8.130000,-0.008247,-0.008955,-0.010991,-1.107664,-0.098832,0.006460
8.140000,-0.008206,-0.008911,-0.010936,-1.107682,-0.098629,0.006428
8.150000,-0.008165,-0.008866,-0.010881,-1.107700,-0.098427,0.006396
8.160000,-0.008124,-0.008822,-0.010827,-1.107718,-0.098226,0.006364
8.170000,-0.008083,-0.008778,-0.010773,-1.107736,-0.098025,0.006332
8.180000,-0.008043,-0.008734,-0.010719,-1.107754,-0.097825,0.006301
8.190000,-0.008003,-0.008690,-0.010666,-1.107772,-0.097624,0.006269
8.200000,-0.007963,-0.008647,-0.010613,-1.107790,-0.097425,0.006238
8.210000,-0.007923,-0.008604,-0.010560,-1.107807,-0.097225,0.006207
8.220000,-0.007884,-0.008561,-0.010507,-1.107825,-0.097027,0.006176
8.230000,-0.007845,-0.008518,-0.010455,-1.107842,-0.096828,0.006145
8.240000,-0.007805,-0.008476,-0.010403,-1.107859,-0.096630,0.006115
8.250000,-0.007766,-0.008434,-0.010351,-1.107876,-0.096433,0.006084
8.260000,-0.007728,-0.008392,-0.010299,-1.107893,-0.096236,0.006054
8.270000,-0.007689,-0.008350,-0.010248,-1.107910,-0.096039,0.006024
8.280000,-0.007651,-0.008308,-0.010197,-1.107927,-0.095843,0.005993
8.290000,-0.007613,-0.008267,-0.010146,-1.107944,-0.095647,0.005964
8.300000,-0.007575,-0.008225,-0.010095,-1.107960,-0.095451,0.005934
8.310000,-0.007537,-0.008184,-0.010045,-1.107977,-0.095256,0.005904
8.320000,-0.007499,-0.008143,-0.009995,-1.107993,-0.095062,0.005875
8.330000,-0.007462,-0.008103,-0.009945,-1.108009,-0.094867,0.005845
8.340000,-0.007425,-0.008062,-0.009895,-1.108026,-0.094674,0.005816
8.350000,-0.007388,-0.008022,-0.009846,-1.108042,-0.094480,0.005787
8.360000,-0.007351,-0.007982,-0.009797,-1.108058,-0.094287,0.005758
8.370000,-0.007314,-0.007942,-0.009748,-1.108073,-0.094095,0.005730
8.380000,-0.007278,-0.007903,-0.009699,-1.108089,-0.093903,0.005701
8.390000,-0.007241,-0.007863,-0.009651,-1.108105,-0.093711,0.005673
8.400000,-0.007205,-0.007824,-0.009603,-1.108120,-0.093520,0.005644
8.410000,-0.007169,-0.007785,-0.009555,-1.108136,-0.093329,0.005616
8.420000,-0.007134,-0.007746,-0.009507,-1.108151,-0.093138,0.005588
8.430000,-0.007098,-0.007708,-0.009460,-1.108166,-0.092948,0.005560
8.440000,-0.007063,-0.007669,-0.009412,-1.108181,-0.092758,0.005533
8.450000,-0.007027,-0.007631,-0.009366,-1.108196,-0.092569,0.005505
8.460000,-0.006992,-0.007593,-0.009319,-1.108211,-0.092380,0.005478
8.470000,-0.006957,-0.007555,-0.009272,-1.108226,-0.092192,0.005450
8.480000,-0.006923,-0.007517,-0.009226,-1.108241,-0.092003,0.005423
8.490000,-0.006888,-0.007480,-0.009180,-1.108256,-0.091816,0.005396
8.500000,-0.006854,-0.007443,-0.009134,-1.108270,-0.091628,0.005369
8.510000,-0.006820,-0.007405,-0.009089,-1.108285,-0.091442,0.005342
8.520000,-0.006786,-0.007368,-0.009043,-1.108299,-0.091255,0.005316
8.530000,-0.006752,-0.007332,-0.008998,-1.108313,-0.091069,0.005289
8.540000,-0.006718,-0.007295,-0.008953,-1.108327,-0.090883,0.005263
8.550000,-0.006685,-0.007259,-0.008909,-1.108342,-0.090698,0.005237
8.560000,-0.006651,-0.007223,-0.008864,-1.108356,-0.090513,0.005210
8.570000,-0.006618,-0.007187,-0.008820,-1.108369,-0.090329,0.005184
8.580000,-0.006585,-0.007151,-0.008776,-1.108383,-0.090144,0.005159
8.590000,-0.006552,-0.007115,-0.008732,-1.108397,-0.089961,0.005133
8.600000,-0.006520,-0.007080,-0.008689,-1.108411,-0.089777,0.005107
8.610000,-0.006487,-0.007044,-0.008645,-1.108424,-0.089594,0.005082
8.620000,-0.006455,-0.007009,-0.008602,-1.108438,-0.089412,0.005056
8.630000,-0.006422,-0.006974,-0.008559,-1.108451,-0.089229,0.005031
8.640000,-0.006390,-0.006939,-0.008517,-1.108464,-0.089048,0.005006
8.650000,-0.006359,-0.006905,-0.008474,-1.108478,-0.088866,0.004981
8.660000,-0.006327,-0.006870,-0.008432,-1.108491,-0.088685,0.004956
8.670000,-0.006295,-0.006836,-0.008390,-1.108504,-0.088505,0.004932
8.680000,-0.006264,-0.006802,-0.008348,-1.108517,-0.088324,0.004907
8.690000,-0.006233,-0.006768,-0.008306,-1.108530,-0.088144,0.004882
8.700000,-0.006202,-0.006734,-0.008265,-1.108542,-0.087965,0.004858
8.710000,-0.006171,-0.006701,-0.008224,-1.108555,-0.087786,0.004834
8.720000,-0.006140,-0.006667,-0.008183,-1.108568,-0.087607,0.004810
8.730000,-0.006109,-0.006634,-0.008142,-1.108580,-0.087429,0.004786
8.740000,-0.006079,-0.006601,-0.008101,-1.108593,-0.087251,0.004762
8.750000,-0.006048,-0.006568,-0.008061,-1.108605,-0.087073,0.004738
8.760000,-0.006018,-0.006535,-0.008021,-1.108617,-0.086896,0.004715
8.770000,-0.005988,-0.006503,-0.007981,-1.108630,-0.086719,0.004691
8.780000,-0.005958,-0.006470,-0.007941,-1.108642,-0.086542,0.004668
8.790000,-0.005929,-0.006438,-0.007901,-1.108654,-0.086366,0.004644
8.800000,-0.005899,-0.006406,-0.007862,-1.108666,-0.086190,0.004621
8.810000,-0.005870,-0.006374,-0.007823,-1.108678,-0.086015,0.004598
8.820000,-0.005840,-0.006342,-0.007784,-1.108690,-0.085840,0.004575
8.830000,-0.005811,-0.006310,-0.007745,-1.108701,-0.085665,0.004552
8.840000,-0.005782,-0.006279,-0.007706,-1.108713,-0.085491,0.004530
8.850000,-0.005753,-0.006248,-0.007668,-1.108725,-0.085317,0.004507
8.860000,-0.005725,-0.006216,-0.007629,-1.108736,-0.085144,0.004485
8.870000,-0.005696,-0.006185,-0.007591,-1.108748,-0.084970,0.004462
8.880000,-0.005668,-0.006155,-0.007554,-1.108759,-0.084798,0.004440
8.890000,-0.005639,-0.006124,-0.007516,-1.108770,-0.084625,0.004418
8.900000,-0.005611,-0.006093,-0.007478,-1.108782,-0.084453,0.004396
8.910000,-0.005583,-0.006063,-0.007441,-1.108793,-0.084281,0.004374
8.920000,-0.005555,-0.006033,-0.007404,-1.108804,-0.084110,0.004352
8.930000,-0.005528,-0.006003,-0.007367,-1.108815,-0.083939,0.004330
8.940000,-0.005500,-0.005973,-0.007330,-1.108826,-0.083768,0.004309
8.950000,-0.005473,-0.005943,-0.007294,-1.108837,-0.083598,0.004287
8.960000,-0.005445,-0.005913,-0.007257,-1.108847,-0.083428,0.004266
8.970000,-0.005418,-0.005884,-0.007221,-1.108858,-0.083258,0.004245
8.980000,-0.005391,-0.005854,-0.007185,-1.108869,-0.083089,0.004223
8.990000,-0.005364,-0.005825,-0.007149,-1.108879,-0.082920,0.004202
9.000000,-0.005338,-0.005796,-0.007114,-1.108890,-0.082752,0.004181
9.010000,-0.005311,-0.005767,-0.007078,-1.108900,-0.082584,0.004161
9.020000,-0.005285,-0.005738,-0.007043,-1.108911,-0.082416,0.004140
9.030000,-0.005258,-0.005710,-0.007008,-1.108921,-0.082248,0.004119
9.040000,-0.005232,-0.005681,-0.006973,-1.108931,-0.082081,0.004099
9.050000,-0.005206,-0.005653,-0.006938,-1.108942,-0.081915,0.004078
9.060000,-0.005180,-0.005625,-0.006903,-1.108952,-0.081748,0.004058
9.070000,-0.005154,-0.005597,-0.006869,-1.108962,-0.081582,0.004038
9.080000,-0.005128,-0.005569,-0.006835,-1.108972,-0.081416,0.004017
9.090000,-0.005103,-0.005541,-0.006801,-1.108982,-0.081251,0.003997
9.100000,-0.005077,-0.005513,-0.006767,-1.108992,-0.081086,0.003977
9.110000,-0.005052,-0.005486,-0.006733,-1.109001,-0.080921,0.003958
9.120000,-0.005027,-0.005459,-0.006699,-1.109011,-0.080757,0.003938
9.130000,-0.005002,-0.005431,-0.006666,-1.109021,-0.080593,0.003918
9.140000,-0.004977,-0.005404,-0.006633,-1.109030,-0.080429,0.003899
9.150000,-0.004952,-0.005377,-0.006600,-1.109040,-0.080266,0.003879
9.160000,-0.004927,-0.005350,-0.006567,-1.109050,-0.080103,0.003860
9.170000,-0.004903,-0.005324,-0.006534,-1.109059,-0.079941,0.003841
9.180000,-0.004878,-0.005297,-0.006501,-1.109068,-0.079778,0.003822
9.190000,-0.004854,-0.005271,-0.006469,-1.109078,-0.079616,0.003802
9.200000,-0.004830,-0.005245,-0.006437,-1.109087,-0.079455,0.003783
9.210000,-0.004806,-0.005218,-0.006404,-1.109096,-0.079294,0.003765
9.220000,-0.004782,-0.005192,-0.006373,-1.109105,-0.079133,0.003746
9.230000,-0.004758,-0.005166,-0.006341,-1.109114,-0.078972,0.003727
9.240000,-0.004734,-0.005141,-0.006309,-1.109123,-0.078812,0.003709
9.250000,-0.004710,-0.005115,-0.006278,-1.109132,-0.078652,0.003690
9.260000,-0.004687,-0.005090,-0.006246,-1.109141,-0.078492,0.003672
9.270000,-0.004664,-0.005064,-0.006215,-1.109150,-0.078333,0.003653
9.280000,-0.004640,-0.005039,-0.006184,-1.109159,-0.078174,0.003635
9.290000,-0.004617,-0.005014,-0.006153,-1.109168,-0.078016,0.003617
9.300000,-0.004594,-0.004989,-0.006123,-1.109176,-0.077857,0.003599
9.310000,-0.004571,-0.004964,-0.006092,-1.109185,-0.077700,0.003581
9.320000,-0.004548,-0.004939,-0.006062,-1.109193,-0.077542,0.003563
9.330000,-0.004526,-0.004914,-0.006032,-1.109202,-0.077385,0.003545
9.340000,-0.004503,-0.004890,-0.006001,-1.109210,-0.077228,0.003528
9.350000,-0.004481,-0.004866,-0.005971,-1.109219,-0.077071,0.003510
9.360000,-0.004458,-0.004841,-0.005942,-1.109227,-0.076915,0.003493
9.370000,-0.004436,-0.004817,-0.005912,-1.109235,-0.076759,0.003475
9.380000,-0.004414,-0.004793,-0.005883,-1.109244,-0.076603,0.003458
9.390000,-0.004392,-0.004769,-0.005853,-1.109252,-0.076448,0.003441
9.400000,-0.004370,-0.004745,-0.005824,-1.109260,-0.076293,0.003423
9.410000,-0.004348,-0.004722,-0.005795,-1.109268,-0.076139,0.003406
9.420000,-0.004327,-0.004698,-0.005766,-1.109276,-0.075984,0.003389
9.430000,-0.004305,-0.004675,-0.005737,-1.109284,-0.075830,0.003372
9.440000,-0.004284,-0.004651,-0.005709,-1.109292,-0.075677,0.003356
9.450000,-0.004262,-0.004628,-0.005680,-1.109300,-0.075523,0.003339
9.460000,-0.004241,-0.004605,-0.005652,-1.109308,-0.075370,0.003322
9.470000,-0.004220,-0.004582,-0.005624,-1.109315,-0.075217,0.003306
9.480000,-0.004199,-0.004559,-0.005596,-1.109323,-0.075065,0.003289
9.490000,-0.004178,-0.004537,-0.005568,-1.109331,-0.074913,0.003273
9.500000,-0.004157,-0.004514,-0.005540,-1.109338,-0.074761,0.003256
9.510000,-0.004136,-0.004491,-0.005512,-1.109346,-0.074610,0.003240
9.520000,-0.004116,-0.004469,-0.005485,-1.109353,-0.074459,0.003224
9.530000,-0.004095,-0.004447,-0.005458,-1.109361,-0.074308,0.003208
9.540000,-0.004075,-0.004425,-0.005430,-1.109368,-0.074157,0.003192
9.550000,-0.004054,-0.004403,-0.005403,-1.109376,-0.074007,0.003176
9.560000,-0.004034,-0.004381,-0.005376,-1.109383,-0.073857,0.003160
9.570000,-0.004014,-0.004359,-0.005349,-1.109390,-0.073708,0.003144
9.580000,-0.003994,-0.004337,-0.005323,-1.109398,-0.073558,0.003129
9.590000,-0.003974,-0.004315,-0.005296,-1.109405,-0.073409,0.003113
9.600000,-0.003954,-0.004294,-0.005270,-1.109412,-0.073261,0.003098
9.610000,-0.003934,-0.004272,-0.005243,-1.109419,-0.073112,0.003082
9.620000,-0.003915,-0.004251,-0.005217,-1.109426,-0.072964,0.003067
9.630000,-0.003895,-0.004230,-0.005191,-1.109433,-0.072817,0.003052
9.640000,-0.003876,-0.004209,-0.005165,-1.109440,-0.072669,0.003036
9.650000,-0.003857,-0.004188,-0.005140,-1.109447,-0.072522,0.003021
9.660000,-0.003837,-0.004167,-0.005114,-1.109454,-0.072375,0.003006
9.670000,-0.003818,-0.004146,-0.005089,-1.109461,-0.072229,0.002991
9.680000,-0.003799,-0.004125,-0.005063,-1.109467,-0.072083,0.002976
9.690000,-0.003780,-0.004105,-0.005038,-1.109474,-0.071937,0.002961
9.700000,-0.003761,-0.004084,-0.005013,-1.109481,-0.071791,0.002947
9.710000,-0.003743,-0.004064,-0.004988,-1.109487,-0.071646,0.002932
9.720000,-0.003724,-0.004044,-0.004963,-1.109494,-0.071501,0.002917
9.730000,-0.003705,-0.004024,-0.004938,-1.109501,-0.071356,0.002903
9.740000,-0.003687,-0.004004,-0.004914,-1.109507,-0.071212,0.002888
9.750000,-0.003668,-0.003984,-0.004889,-1.109514,-0.071068,0.002874
9.760000,-0.003650,-0.003964,-0.004865,-1.109520,-0.070924,0.002859
9.770000,-0.003632,-0.003944,-0.004840,-1.109526,-0.070781,0.002845
9.780000,-0.003614,-0.003924,-0.004816,-1.109533,-0.070637,0.002831
9.790000,-0.003596,-0.003905,-0.004792,-1.109539,-0.070494,0.002817
9.800000,-0.003578,-0.003885,-0.004768,-1.109545,-0.070352,0.002803
9.810000,-0.003560,-0.003866,-0.004744,-1.109552,-0.070210,0.002789
9.820000,-0.003542,-0.003847,-0.004721,-1.109558,-0.070068,0.002775
9.830000,-0.003525,-0.003827,-0.004697,-1.109564,-0.069926,0.002761
9.840000,-0.003507,-0.003808,-0.004674,-1.109570,-0.069784,0.002747
9.850000,-0.003490,-0.003789,-0.004651,-1.109576,-0.069643,0.002734
9.860000,-0.003472,-0.003770,-0.004627,-1.109582,-0.069503,0.002720
9.870000,-0.003455,-0.003752,-0.004604,-1.109588,-0.069362,0.002706
9.880000,-0.003438,-0.003733,-0.004581,-1.109594,-0.069222,0.002693
9.890000,-0.003420,-0.003714,-0.004558,-1.109600,-0.069082,0.002680
9.900000,-0.003403,-0.003696,-0.004536,-1.109606,-0.068942,0.002666
9.910000,-0.003386,-0.003677,-0.004513,-1.109612,-0.068803,0.002653
9.920000,-0.003370,-0.003659,-0.004491,-1.109618,-0.068664,0.002640
9.930000,-0.003353,-0.003641,-0.004468,-1.109623,-0.068525,0.002626
9.940000,-0.003336,-0.003623,-0.004446,-1.109629,-0.068386,0.002613
9.950000,-0.003319,-0.003604,-0.004424,-1.109635,-0.068248,0.002600
9.960000,-0.003303,-0.003586,-0.004402,-1.109640,-0.068110,0.002587
9.970000,-0.003286,-0.003569,-0.004380,-1.109646,-0.067973,0.002574
9.980000,-0.003270,-0.003551,-0.004358,-1.109652,-0.067835,0.002562
9.990000,-0.003254,-0.003533,-0.004336,-1.109657,-0.067698,0.002549
10.000000,-0.003237,-0.003515,-0.004315,-1.109663,-0.067561,0.002536
