0.000000,0.270393,-0.924941,0.839796,0.665813,0.197735,0.354550
0.010000,0.268849,-0.913625,0.833725,0.660546,0.197302,0.352341
0.020000,0.267316,-0.902584,0.827721,0.655274,0.196870,0.350151
0.030000,0.265794,-0.891807,0.821784,0.649997,0.196439,0.347981
0.040000,0.264282,-0.881284,0.815913,0.644714,0.196009,0.345829
0.050000,0.262781,-0.871006,0.810106,0.639425,0.195580,0.343695
0.060000,0.261291,-0.860964,0.804362,0.634131,0.195152,0.341580
0.070000,0.259812,-0.851149,0.798681,0.628833,0.194725,0.339482
0.080000,0.258342,-0.841554,0.793060,0.623529,0.194300,0.337402
0.090000,0.256883,-0.832169,0.787500,0.618220,0.193875,0.335340
0.100000,0.255435,-0.822989,0.781999,0.612907,0.193452,0.333295
0.110000,0.253996,-0.814005,0.776556,0.607589,0.193029,0.331266
0.120000,0.252567,-0.805212,0.771170,0.602266,0.192608,0.329255
0.130000,0.251148,-0.796602,0.765840,0.596939,0.192188,0.327260
0.140000,0.249739,-0.788170,0.760565,0.591608,0.191769,0.325281
0.150000,0.248339,-0.779909,0.755345,0.586273,0.191351,0.323319
0.160000,0.246949,-0.771814,0.750177,0.580933,0.190934,0.321372
0.170000,0.245568,-0.763880,0.745063,0.575589,0.190518,0.319441
0.180000,0.244197,-0.756101,0.740000,0.570242,0.190103,0.317526
0.190000,0.242835,-0.748473,0.734988,0.564891,0.189689,0.315626
0.200000,0.241482,-0.740990,0.730026,0.559536,0.189276,0.313740
0.210000,0.240138,-0.733649,0.725114,0.554178,0.188865,0.311870
0.220000,0.238804,-0.726444,0.720250,0.548816,0.188454,0.310015
0.230000,0.237478,-0.719372,0.715433,0.543451,0.188044,0.308174
0.240000,0.236161,-0.712429,0.710664,0.538083,0.187636,0.306348
0.250000,0.234853,-0.705611,0.705941,0.532712,0.187228,0.304536
0.260000,0.233553,-0.698914,0.701264,0.527338,0.186822,0.302738
0.270000,0.232263,-0.692335,0.696631,0.521961,0.186416,0.300953
0.280000,0.230980,-0.685871,0.692043,0.516582,0.186011,0.299183
0.290000,0.229706,-0.679517,0.687498,0.511200,0.185608,0.297426
0.300000,0.228441,-0.673271,0.682996,0.505815,0.185205,0.295682
0.310000,0.227183,-0.667130,0.678537,0.500429,0.184804,0.293952
0.320000,0.225934,-0.661091,0.674119,0.495040,0.184403,0.292235
0.330000,0.224693,-0.655152,0.669742,0.489649,0.184004,0.290530
0.340000,0.223461,-0.649308,0.665405,0.484256,0.183606,0.288839
0.350000,0.222236,-0.643559,0.661109,0.478862,0.183208,0.287160
0.360000,0.221019,-0.637902,0.656851,0.473466,0.182812,0.285494
0.370000,0.219809,-0.632333,0.652633,0.468068,0.182416,0.283840
0.380000,0.218608,-0.626851,0.648452,0.462669,0.182021,0.282198
0.390000,0.217414,-0.621454,0.644310,0.457269,0.181628,0.280568
0.400000,0.216228,-0.616139,0.640204,0.451867,0.181235,0.278950
0.410000,0.215050,-0.610904,0.636135,0.446465,0.180844,0.277345
0.420000,0.213879,-0.605748,0.632102,0.441062,0.180453,0.275750
0.430000,0.212715,-0.600668,0.628105,0.435658,0.180064,0.274168
0.440000,0.211559,-0.595662,0.624142,0.430253,0.179675,0.272596
0.450000,0.210410,-0.590729,0.620215,0.424848,0.179287,0.271037
0.460000,0.209269,-0.585867,0.616321,0.419443,0.178900,0.269488
0.470000,0.208134,-0.581074,0.612462,0.414037,0.178515,0.267950
0.480000,0.207007,-0.576349,0.608635,0.408632,0.178130,0.266424
0.490000,0.205887,-0.571690,0.604842,0.403226,0.177746,0.264908
0.500000,0.204774,-0.567095,0.601080,0.397821,0.177363,0.263403
0.510000,0.203667,-0.562563,0.597351,0.392416,0.176981,0.261908
0.520000,0.202568,-0.558093,0.593653,0.387011,0.176600,0.260424
0.530000,0.201476,-0.553683,0.589986,0.381607,0.176220,0.258951
0.540000,0.200390,-0.549331,0.586350,0.376204,0.175841,0.257487
0.550000,0.199311,-0.545038,0.582745,0.370802,0.175462,0.256034
0.560000,0.198238,-0.540800,0.579169,0.365401,0.175085,0.254591
0.570000,0.197172,-0.536618,0.575623,0.360001,0.174709,0.253158
0.580000,0.196113,-0.532490,0.572106,0.354602,0.174333,0.251735
0.590000,0.195060,-0.528414,0.568618,0.349204,0.173958,0.250322
0.600000,0.194014,-0.524390,0.565159,0.343809,0.173585,0.248918
0.610000,0.192974,-0.520416,0.561727,0.338414,0.173212,0.247524
0.620000,0.191941,-0.516492,0.558323,0.333022,0.172840,0.246140
0.630000,0.190913,-0.512616,0.554947,0.327632,0.172469,0.244765
0.640000,0.189892,-0.508788,0.551598,0.322244,0.172099,0.243399
0.650000,0.188877,-0.505006,0.548275,0.316858,0.171730,0.242042
0.660000,0.187869,-0.501270,0.544979,0.311474,0.171362,0.240695
0.670000,0.186866,-0.497578,0.541710,0.306093,0.170995,0.239356
0.680000,0.185870,-0.493930,0.538466,0.300715,0.170628,0.238027
0.690000,0.184879,-0.490325,0.535247,0.295339,0.170263,0.236706
0.700000,0.183894,-0.486762,0.532054,0.289966,0.169898,0.235394
0.710000,0.182916,-0.483241,0.528885,0.284597,0.169534,0.234091
0.720000,0.181943,-0.479759,0.525741,0.279230,0.169171,0.232797
0.730000,0.180976,-0.476318,0.522622,0.273867,0.168809,0.231511
0.740000,0.180015,-0.472915,0.519526,0.268507,0.168448,0.230234
0.750000,0.179059,-0.469551,0.516455,0.263151,0.168088,0.228965
0.760000,0.178109,-0.466224,0.513407,0.257799,0.167729,0.227704
0.770000,0.177165,-0.462935,0.510382,0.252451,0.167370,0.226451
0.780000,0.176226,-0.459681,0.507380,0.247106,0.167013,0.225207
0.790000,0.175293,-0.456463,0.504401,0.241766,0.166656,0.223971
0.800000,0.174366,-0.453279,0.501444,0.236430,0.166300,0.222743
0.810000,0.173443,-0.450130,0.498509,0.231099,0.165945,0.221522
0.820000,0.172527,-0.447015,0.495596,0.225772,0.165591,0.220310
0.830000,0.171615,-0.443932,0.492706,0.220449,0.165237,0.219105
0.840000,0.170709,-0.440882,0.489836,0.215132,0.164885,0.217909
0.850000,0.169809,-0.437864,0.486988,0.209819,0.164533,0.216719
0.860000,0.168913,-0.434877,0.484161,0.204512,0.164182,0.215538
0.870000,0.168023,-0.431922,0.481354,0.199210,0.163832,0.214364
0.880000,0.167138,-0.428996,0.478569,0.193913,0.163483,0.213197
0.890000,0.166259,-0.426101,0.475803,0.188622,0.163135,0.212038
0.900000,0.165384,-0.423234,0.473058,0.183336,0.162787,0.210886
0.910000,0.164514,-0.420397,0.470332,0.178056,0.162441,0.209741
0.920000,0.163650,-0.417587,0.467626,0.172782,0.162095,0.208604
0.930000,0.162790,-0.414806,0.464940,0.167514,0.161750,0.207474
0.940000,0.161935,-0.412052,0.462273,0.162252,0.161406,0.206351
0.950000,0.161086,-0.409326,0.459625,0.156996,0.161063,0.205235
0.960000,0.160241,-0.406625,0.456996,0.151747,0.160720,0.204125
0.970000,0.159401,-0.403951,0.454386,0.146504,0.160378,0.203023
0.980000,0.158566,-0.401303,0.451794,0.141268,0.160037,0.201928
0.990000,0.157736,-0.398680,0.449221,0.136039,0.159697,0.200839
1.000000,0.156910,-0.396082,0.446665,0.130816,0.159358,0.199757
1.010000,0.156089,-0.393508,0.444128,0.125601,0.159020,0.198682
1.020000,0.155273,-0.390959,0.441608,0.120393,0.158682,0.197614
1.030000,0.154462,-0.388434,0.439106,0.115192,0.158345,0.196552
1.040000,0.153655,-0.385932,0.436621,0.109998,0.158009,0.195496
1.050000,0.152853,-0.383453,0.434154,0.104812,0.157674,0.194447
1.060000,0.152055,-0.380997,0.431703,0.099634,0.157339,0.193405
1.070000,0.151262,-0.378563,0.429270,0.094463,0.157006,0.192369
1.080000,0.150473,-0.376152,0.426853,0.089301,0.156673,0.191339
1.090000,0.149689,-0.373762,0.424453,0.084146,0.156341,0.190315
1.100000,0.148909,-0.371394,0.422069,0.078999,0.156009,0.189298
1.110000,0.148134,-0.369047,0.419702,0.073861,0.155679,0.188286
1.120000,0.147363,-0.366721,0.417350,0.068731,0.155349,0.187281
1.130000,0.146596,-0.364415,0.415015,0.063610,0.155020,0.186282
1.140000,0.145834,-0.362130,0.412695,0.058497,0.154692,0.185289
1.150000,0.145076,-0.359865,0.410391,0.053393,0.154364,0.184302
1.160000,0.144322,-0.357619,0.408103,0.048298,0.154038,0.183321
1.170000,0.143572,-0.355393,0.405829,0.043212,0.153712,0.182346
1.180000,0.142827,-0.353186,0.403571,0.038134,0.153387,0.181376
1.190000,0.142086,-0.350998,0.401328,0.033066,0.153062,0.180413
1.200000,0.141349,-0.348829,0.399100,0.028008,0.152739,0.179455
1.210000,0.140616,-0.346678,0.396887,0.022958,0.152416,0.178502
1.220000,0.139887,-0.344545,0.394688,0.017918,0.152094,0.177556
1.230000,0.139162,-0.342431,0.392504,0.012888,0.151772,0.176615
1.240000,0.138441,-0.340334,0.390334,0.007868,0.151452,0.175679
1.250000,0.137725,-0.338254,0.388179,0.002857,0.151132,0.174750
1.260000,0.137012,-0.336192,0.386038,-0.002144,0.150813,0.173825
1.270000,0.136303,-0.334146,0.383910,-0.007134,0.150495,0.172906
1.280000,0.135598,-0.332118,0.381797,-0.012115,0.150177,0.171993
1.290000,0.134897,-0.330106,0.379697,-0.017085,0.149860,0.171085
1.300000,0.134200,-0.328110,0.377611,-0.022045,0.149544,0.170182
1.310000,0.133507,-0.326131,0.375538,-0.026994,0.149229,0.169284
1.320000,0.132817,-0.324167,0.373479,-0.031933,0.148914,0.168392
1.330000,0.132132,-0.322220,0.371433,-0.036862,0.148600,0.167505
1.340000,0.131450,-0.320287,0.369400,-0.041779,0.148287,0.166623
1.350000,0.130772,-0.318371,0.367380,-0.046686,0.147974,0.165746
1.360000,0.130098,-0.316469,0.365373,-0.051581,0.147663,0.164874
1.370000,0.129427,-0.314583,0.363379,-0.056466,0.147352,0.164008
1.380000,0.128760,-0.312711,0.361397,-0.061340,0.147041,0.163146
1.390000,0.128097,-0.310854,0.359428,-0.066202,0.146732,0.162289
1.400000,0.127437,-0.309011,0.357472,-0.071053,0.146423,0.161438
1.410000,0.126781,-0.307183,0.355528,-0.075892,0.146115,0.160591
1.420000,0.126128,-0.305369,0.353596,-0.080720,0.145808,0.159749
1.430000,0.125479,-0.303568,0.351677,-0.085537,0.145501,0.158912
1.440000,0.124834,-0.301782,0.349769,-0.090342,0.145195,0.158079
1.450000,0.124192,-0.300009,0.347873,-0.095135,0.144890,0.157252
1.460000,0.123554,-0.298250,0.345990,-0.099916,0.144585,0.156429
1.470000,0.122919,-0.296504,0.344118,-0.104685,0.144281,0.155611
1.480000,0.122287,-0.294771,0.342257,-0.109442,0.143978,0.154798
1.490000,0.121659,-0.293051,0.340409,-0.114188,0.143675,0.153989
1.500000,0.121035,-0.291344,0.338571,-0.118920,0.143374,0.153185
1.510000,0.120414,-0.289650,0.336745,-0.123641,0.143073,0.152385
1.520000,0.119796,-0.287968,0.334931,-0.128350,0.142772,0.151590
1.530000,0.119181,-0.286299,0.333127,-0.133046,0.142472,0.150800
1.540000,0.118570,-0.284642,0.331335,-0.137729,0.142173,0.150013
1.550000,0.117962,-0.282998,0.329554,-0.142400,0.141875,0.149232
1.560000,0.117358,-0.281365,0.327783,-0.147058,0.141577,0.148455
1.570000,0.116756,-0.279744,0.326023,-0.151704,0.141281,0.147682
1.580000,0.116158,-0.278135,0.324275,-0.156336,0.140984,0.146913
1.590000,0.115563,-0.276538,0.322536,-0.160956,0.140689,0.146149
1.600000,0.114972,-0.274952,0.320809,-0.165563,0.140394,0.145390
1.610000,0.114383,-0.273378,0.319092,-0.170157,0.140100,0.144634
1.620000,0.113798,-0.271815,0.317385,-0.174738,0.139806,0.143883
1.630000,0.113216,-0.270263,0.315688,-0.179306,0.139513,0.143136
1.640000,0.112637,-0.268722,0.314002,-0.183861,0.139221,0.142393
1.650000,0.112061,-0.267193,0.312326,-0.188402,0.138929,0.141654
1.660000,0.111488,-0.265673,0.310660,-0.192930,0.138638,0.140919
1.670000,0.110918,-0.264165,0.309005,-0.197445,0.138348,0.140189
1.680000,0.110351,-0.262667,0.307359,-0.201946,0.138059,0.139462
1.690000,0.109788,-0.261180,0.305722,-0.206434,0.137770,0.138740
1.700000,0.109227,-0.259703,0.304096,-0.210908,0.137481,0.138021
1.710000,0.108669,-0.258237,0.302479,-0.215369,0.137194,0.137307
1.720000,0.108115,-0.256780,0.300872,-0.219815,0.136907,0.136597
1.730000,0.107563,-0.255334,0.299275,-0.224249,0.136621,0.135890
1.740000,0.107014,-0.253898,0.297687,-0.228668,0.136335,0.135187
1.750000,0.106468,-0.252471,0.296108,-0.233074,0.136050,0.134489
1.760000,0.105925,-0.251054,0.294539,-0.237465,0.135766,0.133794
1.770000,0.105385,-0.249647,0.292979,-0.241843,0.135482,0.133103
1.780000,0.104848,-0.248250,0.291428,-0.246207,0.135199,0.132416
1.790000,0.104314,-0.246862,0.289887,-0.250557,0.134917,0.131732
1.800000,0.103782,-0.245483,0.288354,-0.254892,0.134635,0.131053
1.810000,0.103254,-0.244114,0.286831,-0.259214,0.134354,0.130377
1.820000,0.102728,-0.242754,0.285316,-0.263521,0.134073,0.129705
1.830000,0.102205,-0.241403,0.283810,-0.267815,0.133793,0.129036
1.840000,0.101684,-0.240061,0.282313,-0.272094,0.133514,0.128371
1.850000,0.101167,-0.238729,0.280825,-0.276358,0.133236,0.127710
1.860000,0.100652,-0.237405,0.279345,-0.280609,0.132958,0.127052
1.870000,0.100140,-0.236089,0.277874,-0.284845,0.132680,0.126398
1.880000,0.099630,-0.234783,0.276412,-0.289066,0.132404,0.125748
1.890000,0.099124,-0.233485,0.274958,-0.293274,0.132128,0.125101
1.900000,0.098620,-0.232196,0.273512,-0.297466,0.131852,0.124458
1.910000,0.098118,-0.230915,0.272075,-0.301645,0.131577,0.123818
1.920000,0.097620,-0.229643,0.270646,-0.305808,0.131303,0.123182
1.930000,0.097124,-0.228378,0.269226,-0.309957,0.131030,0.122549
1.940000,0.096630,-0.227123,0.267813,-0.314092,0.130757,0.121919
1.950000,0.096139,-0.225875,0.266409,-0.318212,0.130484,0.121293
1.960000,0.095651,-0.224635,0.265013,-0.322317,0.130212,0.120671
1.970000,0.095165,-0.223404,0.263625,-0.326408,0.129941,0.120052
1.980000,0.094682,-0.222180,0.262244,-0.330483,0.129671,0.119436
1.990000,0.094201,-0.220964,0.260872,-0.334545,0.129401,0.118823
2.000000,0.093723,-0.219756,0.259507,-0.338591,0.129132,0.118214
2.010000,0.093248,-0.218556,0.258150,-0.342622,0.128863,0.117608
2.020000,0.092775,-0.217364,0.256801,-0.346639,0.128595,0.117005
2.030000,0.092304,-0.216179,0.255460,-0.350641,0.128327,0.116406
2.040000,0.091836,-0.215001,0.254126,-0.354628,0.128060,0.115810
2.050000,0.091370,-0.213831,0.252800,-0.358600,0.127794,0.115217
2.060000,0.090907,-0.212669,0.251482,-0.362558,0.127528,0.114627
2.070000,0.090446,-0.211514,0.250170,-0.366500,0.127263,0.114040
2.080000,0.089988,-0.210366,0.248867,-0.370427,0.126999,0.113457
2.090000,0.089532,-0.209225,0.247570,-0.374340,0.126735,0.112877
2.100000,0.089078,-0.208092,0.246281,-0.378238,0.126472,0.112299
2.110000,0.088627,-0.206965,0.244999,-0.382120,0.126209,0.111725
2.120000,0.088178,-0.205846,0.243725,-0.385988,0.125947,0.111154
2.130000,0.087731,-0.204734,0.242457,-0.389840,0.125685,0.110586
2.140000,0.087287,-0.203628,0.241197,-0.393678,0.125424,0.110021
2.150000,0.086845,-0.202530,0.239944,-0.397501,0.125164,0.109459
2.160000,0.086405,-0.201438,0.238698,-0.401308,0.124904,0.108900
2.170000,0.085968,-0.200353,0.237458,-0.405101,0.124645,0.108344
2.180000,0.085533,-0.199275,0.236226,-0.408879,0.124386,0.107792
2.190000,0.085100,-0.198203,0.235001,-0.412641,0.124128,0.107242
2.200000,0.084670,-0.197138,0.233782,-0.416389,0.123870,0.106694
2.210000,0.084241,-0.196079,0.232570,-0.420121,0.123614,0.106150
2.220000,0.083815,-0.195027,0.231365,-0.423839,0.123357,0.105609
2.230000,0.083391,-0.193982,0.230167,-0.427541,0.123101,0.105071
2.240000,0.082970,-0.192942,0.228975,-0.431228,0.122846,0.104535
2.250000,0.082550,-0.191909,0.227790,-0.434901,0.122592,0.104002
2.260000,0.082133,-0.190883,0.226612,-0.438558,0.122337,0.103473
2.270000,0.081718,-0.189862,0.225440,-0.442200,0.122084,0.102946
2.280000,0.081305,-0.188848,0.224274,-0.445827,0.121831,0.102421
2.290000,0.080894,-0.187840,0.223115,-0.449439,0.121579,0.101900
2.300000,0.080485,-0.186838,0.221962,-0.453036,0.121327,0.101381
2.310000,0.080079,-0.185842,0.220816,-0.456618,0.121075,0.100865
2.320000,0.079674,-0.184852,0.219676,-0.460185,0.120825,0.100352
2.330000,0.079272,-0.183868,0.218542,-0.463737,0.120575,0.099841
2.340000,0.078872,-0.182890,0.217415,-0.467274,0.120325,0.099334
2.350000,0.078473,-0.181917,0.216294,-0.470796,0.120076,0.098828
2.360000,0.078077,-0.180951,0.215179,-0.474303,0.119827,0.098326
2.370000,0.077683,-0.179990,0.214070,-0.477795,0.119579,0.097826
2.380000,0.077291,-0.179035,0.212967,-0.481272,0.119332,0.097329
2.390000,0.076901,-0.178085,0.211870,-0.484734,0.119085,0.096834
2.400000,0.076513,-0.177141,0.210779,-0.488181,0.118839,0.096343
2.410000,0.076127,-0.176203,0.209694,-0.491613,0.118593,0.095853
2.420000,0.075743,-0.175271,0.208615,-0.495030,0.118348,0.095366
2.430000,0.075361,-0.174343,0.207542,-0.498433,0.118103,0.094882
2.440000,0.074981,-0.173422,0.206475,-0.501820,0.117859,0.094400
2.450000,0.074602,-0.172505,0.205413,-0.505193,0.117615,0.093921
2.460000,0.074226,-0.171594,0.204358,-0.508550,0.117372,0.093445
2.470000,0.073852,-0.170689,0.203308,-0.511893,0.117130,0.092971
2.480000,0.073480,-0.169789,0.202263,-0.515221,0.116888,0.092499
2.490000,0.073109,-0.168894,0.201225,-0.518534,0.116646,0.092030
2.500000,0.072741,-0.168004,0.200192,-0.521832,0.116405,0.091563
2.510000,0.072374,-0.167119,0.199165,-0.525116,0.116165,0.091099
2.520000,0.072009,-0.166240,0.198143,-0.528384,0.115925,0.090637
2.530000,0.071647,-0.165365,0.197127,-0.531638,0.115686,0.090177
2.540000,0.071286,-0.164496,0.196116,-0.534878,0.115447,0.089720
2.550000,0.070927,-0.163632,0.195111,-0.538102,0.115208,0.089266
2.560000,0.070569,-0.162772,0.194111,-0.541312,0.114971,0.088814
2.570000,0.070214,-0.161918,0.193116,-0.544507,0.114733,0.088364
2.580000,0.069860,-0.161069,0.192127,-0.547688,0.114497,0.087916
2.590000,0.069508,-0.160224,0.191143,-0.550854,0.114260,0.087471
2.600000,0.069158,-0.159384,0.190165,-0.554005,0.114025,0.087028
2.610000,0.068810,-0.158550,0.189192,-0.557142,0.113790,0.086587
2.620000,0.068464,-0.157720,0.188224,-0.560264,0.113555,0.086149
2.630000,0.068119,-0.156894,0.187261,-0.563372,0.113321,0.085713
2.640000,0.067776,-0.156074,0.186303,-0.566465,0.113087,0.085279
2.650000,0.067435,-0.155258,0.185351,-0.569544,0.112854,0.084848
2.660000,0.067096,-0.154447,0.184404,-0.572609,0.112621,0.084419
2.670000,0.066758,-0.153640,0.183461,-0.575659,0.112389,0.083992
2.680000,0.066422,-0.152838,0.182524,-0.578694,0.112158,0.083567
2.690000,0.066088,-0.152040,0.181592,-0.581716,0.111926,0.083144
2.700000,0.065756,-0.151247,0.180664,-0.584723,0.111696,0.082724
2.710000,0.065425,-0.150459,0.179742,-0.587715,0.111466,0.082306
2.720000,0.065096,-0.149675,0.178825,-0.590694,0.111236,0.081890
2.730000,0.064768,-0.148895,0.177912,-0.593658,0.111007,0.081476
2.740000,0.064443,-0.148120,0.177005,-0.596608,0.110779,0.081064
2.750000,0.064119,-0.147349,0.176102,-0.599544,0.110550,0.080655
2.760000,0.063796,-0.146583,0.175204,-0.602466,0.110323,0.080247
2.770000,0.063475,-0.145821,0.174311,-0.605374,0.110096,0.079842
2.780000,0.063156,-0.145063,0.173422,-0.608268,0.109869,0.079439
2.790000,0.062839,-0.144309,0.172538,-0.611147,0.109643,0.079037
2.800000,0.062523,-0.143560,0.171659,-0.614013,0.109417,0.078638
2.810000,0.062209,-0.142815,0.170785,-0.616865,0.109192,0.078241
2.820000,0.061896,-0.142074,0.169915,-0.619702,0.108968,0.077846
2.830000,0.061585,-0.141337,0.169050,-0.622526,0.108743,0.077453
2.840000,0.061275,-0.140604,0.168190,-0.625336,0.108520,0.077062
2.850000,0.060968,-0.139875,0.167333,-0.628133,0.108297,0.076674
2.860000,0.060661,-0.139151,0.166482,-0.630915,0.108074,0.076287
2.870000,0.060357,-0.138430,0.165635,-0.633684,0.107852,0.075902
2.880000,0.060053,-0.137714,0.164793,-0.636439,0.107630,0.075519
2.890000,0.059752,-0.137001,0.163954,-0.639180,0.107409,0.075138
2.900000,0.059452,-0.136292,0.163121,-0.641908,0.107188,0.074759
2.910000,0.059153,-0.135588,0.162292,-0.644622,0.106968,0.074382
2.920000,0.058856,-0.134887,0.161467,-0.647323,0.106748,0.074007
2.930000,0.058560,-0.134190,0.160646,-0.650010,0.106529,0.073634
2.940000,0.058266,-0.133497,0.159830,-0.652684,0.106310,0.073263
2.950000,0.057974,-0.132807,0.159018,-0.655344,0.106091,0.072893
2.960000,0.057683,-0.132122,0.158211,-0.657991,0.105873,0.072526
2.970000,0.057393,-0.131440,0.157407,-0.660624,0.105656,0.072161
2.980000,0.057105,-0.130762,0.156608,-0.663244,0.105439,0.071797
2.990000,0.056818,-0.130088,0.155813,-0.665851,0.105223,0.071435
3.000000,0.056533,-0.129417,0.155022,-0.668445,0.105007,0.071075
3.010000,0.056249,-0.128750,0.154236,-0.671025,0.104791,0.070717
3.020000,0.055967,-0.128087,0.153453,-0.673593,0.104576,0.070361
3.030000,0.055686,-0.127428,0.152675,-0.676147,0.104361,0.070007
3.040000,0.055407,-0.126772,0.151900,-0.678688,0.104147,0.069654
3.050000,0.055129,-0.126119,0.151130,-0.681216,0.103933,0.069303
3.060000,0.054852,-0.125470,0.150364,-0.683731,0.103720,0.068954
3.070000,0.054577,-0.124825,0.149602,-0.686233,0.103507,0.068607
3.080000,0.054303,-0.124183,0.148844,-0.688723,0.103295,0.068262
3.090000,0.054031,-0.123545,0.148089,-0.691199,0.103083,0.067918
3.100000,0.053760,-0.122910,0.147339,-0.693663,0.102872,0.067576
3.110000,0.053490,-0.122279,0.146593,-0.696113,0.102661,0.067236
3.120000,0.053222,-0.121651,0.145850,-0.698552,0.102450,0.066898
3.130000,0.052955,-0.121027,0.145111,-0.700977,0.102240,0.066561
3.140000,0.052689,-0.120405,0.144377,-0.703390,0.102031,0.066226
3.150000,0.052425,-0.119788,0.143646,-0.705790,0.101822,0.065893
3.160000,0.052162,-0.119173,0.142918,-0.708178,0.101613,0.065562
3.170000,0.051900,-0.118562,0.142195,-0.710553,0.101405,0.065232
3.180000,0.051640,-0.117954,0.141476,-0.712915,0.101197,0.064904
3.190000,0.051381,-0.117350,0.140760,-0.715266,0.100990,0.064577
3.200000,0.051124,-0.116749,0.140048,-0.717604,0.100783,0.064253
3.210000,0.050867,-0.116151,0.139339,-0.719929,0.100576,0.063930
3.220000,0.050612,-0.115556,0.138634,-0.722242,0.100370,0.063608
3.230000,0.050359,-0.114964,0.137933,-0.724543,0.100165,0.063288
3.240000,0.050106,-0.114376,0.137236,-0.726832,0.099959,0.062970
3.250000,0.049855,-0.113791,0.136542,-0.729109,0.099755,0.062654
3.260000,0.049605,-0.113209,0.135852,-0.731374,0.099551,0.062339
3.270000,0.049356,-0.112630,0.135165,-0.733626,0.099347,0.062025
3.280000,0.049109,-0.112054,0.134482,-0.735867,0.099143,0.061714
3.290000,0.048863,-0.111481,0.133803,-0.738095,0.098940,0.061404
3.300000,0.048618,-0.110911,0.133127,-0.740312,0.098738,0.061095
3.310000,0.048375,-0.110345,0.132454,-0.742516,0.098536,0.060788
3.320000,0.048132,-0.109781,0.131785,-0.744709,0.098334,0.060483
3.330000,0.047891,-0.109220,0.131120,-0.746890,0.098133,0.060179
3.340000,0.047651,-0.108663,0.130457,-0.749060,0.097932,0.059877
3.350000,0.047412,-0.108108,0.129799,-0.751218,0.097732,0.059576
3.360000,0.047175,-0.107556,0.129144,-0.753364,0.097532,0.059277
3.370000,0.046938,-0.107008,0.128492,-0.755498,0.097333,0.058979
3.380000,0.046703,-0.106462,0.127843,-0.757621,0.097134,0.058683
3.390000,0.046469,-0.105919,0.127198,-0.759732,0.096935,0.058388
3.400000,0.046237,-0.105379,0.126556,-0.761832,0.096737,0.058095
3.410000,0.046005,-0.104842,0.125918,-0.763921,0.096539,0.057803
3.420000,0.045775,-0.104308,0.125282,-0.765998,0.096342,0.057513
3.430000,0.045545,-0.103776,0.124650,-0.768064,0.096145,0.057224
3.440000,0.045317,-0.103248,0.124022,-0.770118,0.095948,0.056937
3.450000,0.045090,-0.102722,0.123396,-0.772161,0.095752,0.056651
3.460000,0.044865,-0.102199,0.122774,-0.774194,0.095556,0.056367
3.470000,0.044640,-0.101678,0.122155,-0.776215,0.095361,0.056084
3.480000,0.044416,-0.101161,0.121539,-0.778224,0.095166,0.055802
3.490000,0.044194,-0.100646,0.120926,-0.780223,0.094972,0.055522
3.500000,0.043973,-0.100134,0.120317,-0.782211,0.094778,0.055244
3.510000,0.043753,-0.099625,0.119710,-0.784188,0.094584,0.054967
3.520000,0.043533,-0.099118,0.119107,-0.786154,0.094391,0.054691
3.530000,0.043316,-0.098614,0.118507,-0.788109,0.094198,0.054416
3.540000,0.043099,-0.098113,0.117910,-0.790053,0.094006,0.054143
3.550000,0.042883,-0.097614,0.117316,-0.791987,0.093814,0.053872
3.560000,0.042668,-0.097118,0.116725,-0.793910,0.093622,0.053602
3.570000,0.042455,-0.096625,0.116137,-0.795822,0.093431,0.053333
3.580000,0.042242,-0.096134,0.115552,-0.797724,0.093240,0.053065
3.590000,0.042031,-0.095646,0.114970,-0.799615,0.093050,0.052799
3.600000,0.041820,-0.095160,0.114391,-0.801495,0.092860,0.052534
3.610000,0.041611,-0.094677,0.113815,-0.803365,0.092671,0.052271
3.620000,0.041403,-0.094196,0.113242,-0.805224,0.092482,0.052009
3.630000,0.041196,-0.093718,0.112672,-0.807073,0.092293,0.051748
3.640000,0.040990,-0.093242,0.112105,-0.808912,0.092105,0.051488
3.650000,0.040784,-0.092769,0.111541,-0.810741,0.091917,0.051230
3.660000,0.040580,-0.092299,0.110980,-0.812559,0.091729,0.050973
3.670000,0.040377,-0.091831,0.110421,-0.814367,0.091542,0.050718
3.680000,0.040175,-0.091365,0.109866,-0.816165,0.091355,0.050464
3.690000,0.039974,-0.090902,0.109313,-0.817952,0.091169,0.050211
3.700000,0.039774,-0.090441,0.108763,-0.819730,0.090983,0.049959
3.710000,0.039575,-0.089983,0.108216,-0.821498,0.090798,0.049709
3.720000,0.039377,-0.089527,0.107671,-0.823255,0.090612,0.049459
3.730000,0.039180,-0.089073,0.107130,-0.825003,0.090428,0.049212
3.740000,0.038984,-0.088622,0.106591,-0.826741,0.090243,0.048965
3.750000,0.038789,-0.088173,0.106055,-0.828469,0.090059,0.048720
3.760000,0.038595,-0.087726,0.105522,-0.830187,0.089876,0.048475
3.770000,0.038402,-0.087282,0.104991,-0.831896,0.089693,0.048233
3.780000,0.038210,-0.086840,0.104464,-0.833594,0.089510,0.047991
3.790000,0.038019,-0.086401,0.103938,-0.835283,0.089327,0.047750
3.800000,0.037829,-0.085963,0.103416,-0.836963,0.089145,0.047511
3.810000,0.037639,-0.085528,0.102896,-0.838633,0.088964,0.047273
3.820000,0.037451,-0.085096,0.102379,-0.840293,0.088782,0.047036
3.830000,0.037264,-0.084665,0.101864,-0.841944,0.088602,0.046801
3.840000,0.037078,-0.084237,0.101353,-0.843586,0.088421,0.046566
3.850000,0.036892,-0.083811,0.100843,-0.845218,0.088241,0.046333
3.860000,0.036708,-0.083387,0.100337,-0.846840,0.088061,0.046101
3.870000,0.036524,-0.082965,0.099833,-0.848454,0.087882,0.045870
3.880000,0.036341,-0.082546,0.099331,-0.850058,0.087703,0.045640
3.890000,0.036160,-0.082129,0.098832,-0.851653,0.087524,0.045412
3.900000,0.035979,-0.081714,0.098336,-0.853239,0.087346,0.045184
3.910000,0.035799,-0.081301,0.097842,-0.854816,0.087168,0.044958
3.920000,0.035620,-0.080890,0.097350,-0.856383,0.086991,0.044733
3.930000,0.035442,-0.080481,0.096862,-0.857942,0.086814,0.044509
3.940000,0.035265,-0.080075,0.096375,-0.859491,0.086637,0.044286
3.950000,0.035088,-0.079670,0.095891,-0.861032,0.086461,0.044064
3.960000,0.034913,-0.079268,0.095410,-0.862564,0.086285,0.043844
3.970000,0.034738,-0.078867,0.094931,-0.864087,0.086109,0.043624
3.980000,0.034565,-0.078469,0.094454,-0.865601,0.085934,0.043406
3.990000,0.034392,-0.078073,0.093980,-0.867106,0.085759,0.043189
4.000000,0.034220,-0.077679,0.093508,-0.868603,0.085585,0.042972
4.010000,0.034049,-0.077287,0.093039,-0.870091,0.085411,0.042757
4.020000,0.033879,-0.076897,0.092572,-0.871570,0.085237,0.042543
4.030000,0.033709,-0.076509,0.092107,-0.873041,0.085063,0.042330
4.040000,0.033541,-0.076123,0.091645,-0.874503,0.084890,0.042118
4.050000,0.033373,-0.075739,0.091185,-0.875956,0.084718,0.041908
4.060000,0.033206,-0.075357,0.090728,-0.877402,0.084545,0.041698
4.070000,0.033040,-0.074977,0.090273,-0.878838,0.084374,0.041489
4.080000,0.032875,-0.074599,0.089820,-0.880267,0.084202,0.041281
4.090000,0.032711,-0.074222,0.089369,-0.881687,0.084031,0.041075
4.100000,0.032547,-0.073848,0.088921,-0.883099,0.083860,0.040869
4.110000,0.032385,-0.073476,0.088475,-0.884502,0.083689,0.040665
4.120000,0.032223,-0.073106,0.088031,-0.885897,0.083519,0.040461
4.130000,0.032062,-0.072737,0.087589,-0.887284,0.083350,0.040259
4.140000,0.031902,-0.072370,0.087150,-0.888663,0.083180,0.040057
4.150000,0.031742,-0.072006,0.086713,-0.890034,0.083011,0.039857
4.160000,0.031584,-0.071643,0.086278,-0.891397,0.082842,0.039658
4.170000,0.031426,-0.071282,0.085846,-0.892752,0.082674,0.039459
4.180000,0.031269,-0.070923,0.085415,-0.894099,0.082506,0.039262
4.190000,0.031112,-0.070566,0.084987,-0.895438,0.082338,0.039065
4.200000,0.030957,-0.070210,0.084561,-0.896769,0.082171,0.038870
4.210000,0.030802,-0.069857,0.084137,-0.898092,0.082004,0.038676
4.220000,0.030648,-0.069505,0.083715,-0.899408,0.081838,0.038482
4.230000,0.030495,-0.069155,0.083295,-0.900715,0.081671,0.038290
4.240000,0.030343,-0.068807,0.082878,-0.902015,0.081505,0.038098
4.250000,0.030191,-0.068460,0.082462,-0.903307,0.081340,0.037907
4.260000,0.030040,-0.068116,0.082049,-0.904592,0.081175,0.037718
4.270000,0.029890,-0.067773,0.081638,-0.905869,0.081010,0.037529
4.280000,0.029741,-0.067432,0.081229,-0.907139,0.080845,0.037341
4.290000,0.029592,-0.067092,0.080822,-0.908401,0.080681,0.037155
4.300000,0.029444,-0.066755,0.080417,-0.909655,0.080517,0.036969
4.310000,0.029297,-0.066419,0.080014,-0.910902,0.080354,0.036784
4.320000,0.029151,-0.066085,0.079613,-0.912142,0.080191,0.036600
4.330000,0.029005,-0.065752,0.079214,-0.913374,0.080028,0.036417
4.340000,0.028860,-0.065421,0.078817,-0.914599,0.079866,0.036235
4.350000,0.028716,-0.065092,0.078422,-0.915817,0.079703,0.036054
4.360000,0.028573,-0.064765,0.078029,-0.917027,0.079542,0.035873
4.370000,0.028430,-0.064439,0.077638,-0.918231,0.079380,0.035694
4.380000,0.028288,-0.064115,0.077249,-0.919427,0.079219,0.035516
4.390000,0.028147,-0.063793,0.076862,-0.920616,0.079058,0.035338
4.400000,0.028006,-0.063472,0.076477,-0.921798,0.078898,0.035161
4.410000,0.027866,-0.063153,0.076094,-0.922972,0.078738,0.034986
4.420000,0.027727,-0.062836,0.075713,-0.924140,0.078578,0.034811
4.430000,0.027589,-0.062520,0.075334,-0.925301,0.078419,0.034637
4.440000,0.027451,-0.062206,0.074957,-0.926455,0.078260,0.034463
4.450000,0.027314,-0.061893,0.074581,-0.927602,0.078101,0.034291
4.460000,0.027177,-0.061582,0.074208,-0.928742,0.077943,0.034120
4.470000,0.027041,-0.061272,0.073836,-0.929875,0.077784,0.033949
4.480000,0.026906,-0.060965,0.073467,-0.931002,0.077627,0.033779
4.490000,0.026772,-0.060658,0.073099,-0.932122,0.077469,0.033611
4.500000,0.026638,-0.060353,0.072733,-0.933235,0.077312,0.033443
4.510000,0.026505,-0.060050,0.072369,-0.934341,0.077155,0.033275
4.520000,0.026373,-0.059749,0.072006,-0.935441,0.076999,0.033109
4.530000,0.026241,-0.059449,0.071646,-0.936534,0.076843,0.032944
4.540000,0.026110,-0.059150,0.071287,-0.937621,0.076687,0.032779
4.550000,0.025980,-0.058853,0.070930,-0.938701,0.076532,0.032615
4.560000,0.025850,-0.058557,0.070575,-0.939774,0.076376,0.032452
4.570000,0.025721,-0.058263,0.070222,-0.940841,0.076222,0.032290
4.580000,0.025592,-0.057971,0.069870,-0.941902,0.076067,0.032129
4.590000,0.025465,-0.057680,0.069521,-0.942956,0.075913,0.031968
4.600000,0.025337,-0.057390,0.069173,-0.944004,0.075759,0.031808
4.610000,0.025211,-0.057102,0.068827,-0.945046,0.075606,0.031649
4.620000,0.025085,-0.056815,0.068482,-0.946081,0.075452,0.031491
4.630000,0.024960,-0.056530,0.068139,-0.947110,0.075299,0.031334
4.640000,0.024835,-0.056246,0.067798,-0.948133,0.075147,0.031177
4.650000,0.024711,-0.055964,0.067459,-0.949150,0.074995,0.031021
4.660000,0.024588,-0.055683,0.067122,-0.950160,0.074843,0.030866
4.670000,0.024465,-0.055404,0.066786,-0.951164,0.074691,0.030712
4.680000,0.024343,-0.055126,0.066452,-0.952163,0.074540,0.030559
4.690000,0.024221,-0.054849,0.066119,-0.953155,0.074389,0.030406
4.700000,0.024100,-0.054574,0.065788,-0.954141,0.074238,0.030254
4.710000,0.023980,-0.054300,0.065459,-0.955122,0.074088,0.030103
4.720000,0.023860,-0.054028,0.065132,-0.956096,0.073938,0.029952
4.730000,0.023741,-0.053757,0.064806,-0.957064,0.073788,0.029803
4.740000,0.023622,-0.053487,0.064482,-0.958027,0.073639,0.029654
4.750000,0.023504,-0.053219,0.064159,-0.958984,0.073489,0.029506
4.760000,0.023387,-0.052952,0.063838,-0.959935,0.073341,0.029358
4.770000,0.023270,-0.052686,0.063519,-0.960880,0.073192,0.029212
4.780000,0.023154,-0.052422,0.063201,-0.961819,0.073044,0.029066
4.790000,0.023039,-0.052159,0.062885,-0.962753,0.072896,0.028920
4.800000,0.022924,-0.051898,0.062570,-0.963681,0.072748,0.028776
4.810000,0.022809,-0.051638,0.062257,-0.964603,0.072601,0.028632
4.820000,0.022695,-0.051379,0.061946,-0.965520,0.072454,0.028489
4.830000,0.022582,-0.051121,0.061636,-0.966431,0.072308,0.028347
4.840000,0.022469,-0.050865,0.061328,-0.967336,0.072161,0.028205
4.850000,0.022357,-0.050610,0.061021,-0.968236,0.072015,0.028064
4.860000,0.022245,-0.050356,0.060716,-0.969131,0.071869,0.027924
4.870000,0.022134,-0.050104,0.060412,-0.970020,0.071724,0.027785
4.880000,0.022024,-0.049853,0.060110,-0.970904,0.071579,0.027646
4.890000,0.021914,-0.049603,0.059810,-0.971782,0.071434,0.027508
4.900000,0.021804,-0.049354,0.059511,-0.972655,0.071289,0.027370
4.910000,0.021696,-0.049107,0.059213,-0.973522,0.071145,0.027234
4.920000,0.021587,-0.048861,0.058917,-0.974385,0.071001,0.027098
4.930000,0.021480,-0.048616,0.058622,-0.975242,0.070858,0.026962
4.940000,0.021372,-0.048372,0.058329,-0.976093,0.070714,0.026828
4.950000,0.021266,-0.048130,0.058038,-0.976940,0.070571,0.026694
4.960000,0.021159,-0.047889,0.057747,-0.977781,0.070429,0.026560
4.970000,0.021054,-0.047649,0.057459,-0.978617,0.070286,0.026428
4.980000,0.020949,-0.047410,0.057171,-0.979449,0.070144,0.026296
4.990000,0.020844,-0.047172,0.056886,-0.980274,0.070002,0.026164
5.000000,0.020740,-0.046936,0.056601,-0.981095,0.069860,0.026034
5.010000,0.020637,-0.046701,0.056318,-0.981911,0.069719,0.025904
5.020000,0.020534,-0.046467,0.056037,-0.982722,0.069578,0.025774
5.030000,0.020431,-0.046234,0.055757,-0.983528,0.069438,0.025646
5.040000,0.020329,-0.046003,0.055478,-0.984329,0.069297,0.025517
5.050000,0.020228,-0.045772,0.055201,-0.985125,0.069157,0.025390
5.060000,0.020127,-0.045543,0.054925,-0.985916,0.069017,0.025263
5.070000,0.020026,-0.045315,0.054650,-0.986702,0.068878,0.025137
5.080000,0.019926,-0.045088,0.054377,-0.987484,0.068738,0.025012
5.090000,0.019827,-0.044862,0.054105,-0.988260,0.068599,0.024887
5.100000,0.019728,-0.044638,0.053835,-0.989032,0.068461,0.024762
5.110000,0.019629,-0.044414,0.053566,-0.989799,0.068322,0.024639
5.120000,0.019531,-0.044192,0.053298,-0.990561,0.068184,0.024516
5.130000,0.019434,-0.043971,0.053032,-0.991319,0.068046,0.024393
5.140000,0.019337,-0.043750,0.052767,-0.992072,0.067909,0.024271
5.150000,0.019240,-0.043531,0.052503,-0.992820,0.067772,0.024150
5.160000,0.019144,-0.043313,0.052240,-0.993564,0.067635,0.024030
5.170000,0.019049,-0.043097,0.051979,-0.994303,0.067498,0.023910
5.180000,0.018954,-0.042881,0.051720,-0.995038,0.067362,0.023790
5.190000,0.018859,-0.042666,0.051461,-0.995768,0.067226,0.023672
5.200000,0.018765,-0.042453,0.051204,-0.996493,0.067090,0.023553
5.210000,0.018671,-0.042240,0.050948,-0.997214,0.066954,0.023436
5.220000,0.018578,-0.042029,0.050694,-0.997931,0.066819,0.023319
5.230000,0.018485,-0.041818,0.050440,-0.998643,0.066684,0.023202
5.240000,0.018393,-0.041609,0.050188,-0.999351,0.066549,0.023086
5.250000,0.018301,-0.041401,0.049937,-1.000054,0.066415,0.022971
5.260000,0.018210,-0.041194,0.049688,-1.000753,0.066281,0.022856
5.270000,0.018119,-0.040988,0.049440,-1.001448,0.066147,0.022742
5.280000,0.018029,-0.040782,0.049193,-1.002138,0.066013,0.022629
5.290000,0.017939,-0.040578,0.048947,-1.002824,0.065880,0.022516
5.300000,0.017849,-0.040375,0.048702,-1.003506,0.065747,0.022403
5.310000,0.017760,-0.040173,0.048459,-1.004184,0.065614,0.022292
5.320000,0.017671,-0.039972,0.048217,-1.004857,0.065482,0.022180
5.330000,0.017583,-0.039772,0.047976,-1.005526,0.065349,0.022070
5.340000,0.017496,-0.039573,0.047736,-1.006191,0.065217,0.021959
5.350000,0.017408,-0.039375,0.047498,-1.006852,0.065086,0.021850
5.360000,0.017321,-0.039178,0.047261,-1.007509,0.064954,0.021741
5.370000,0.017235,-0.038982,0.047024,-1.008162,0.064823,0.021632
5.380000,0.017149,-0.038787,0.046790,-1.008811,0.064692,0.021524
5.390000,0.017063,-0.038593,0.046556,-1.009456,0.064562,0.021417
5.400000,0.016978,-0.038400,0.046323,-1.010096,0.064431,0.021310
5.410000,0.016893,-0.038208,0.046092,-1.010733,0.064301,0.021203
5.420000,0.016809,-0.038017,0.045862,-1.011366,0.064171,0.021098
5.430000,0.016725,-0.037827,0.045632,-1.011995,0.064042,0.020992
5.440000,0.016642,-0.037638,0.045405,-1.012619,0.063913,0.020887
5.450000,0.016559,-0.037449,0.045178,-1.013240,0.063784,0.020783
5.460000,0.016476,-0.037262,0.044952,-1.013858,0.063655,0.020679
5.470000,0.016394,-0.037076,0.044728,-1.014471,0.063526,0.020576
5.480000,0.016312,-0.036890,0.044504,-1.015080,0.063398,0.020474
5.490000,0.016231,-0.036706,0.044282,-1.015686,0.063270,0.020371
5.500000,0.016150,-0.036522,0.044061,-1.016288,0.063143,0.020270
5.510000,0.016069,-0.036340,0.043841,-1.016886,0.063015,0.020168
5.520000,0.015989,-0.036158,0.043622,-1.017481,0.062888,0.020068
5.530000,0.015909,-0.035977,0.043404,-1.018071,0.062761,0.019968
5.540000,0.015830,-0.035797,0.043187,-1.018658,0.062635,0.019868
5.550000,0.015751,-0.035618,0.042971,-1.019242,0.062508,0.019769
5.560000,0.015672,-0.035440,0.042757,-1.019822,0.062382,0.019670
5.570000,0.015594,-0.035263,0.042543,-1.020398,0.062256,0.019572
5.580000,0.015516,-0.035087,0.042331,-1.020970,0.062131,0.019474
5.590000,0.015439,-0.034911,0.042119,-1.021539,0.062005,0.019377
5.600000,0.015362,-0.034737,0.041909,-1.022105,0.061880,0.019280
5.610000,0.015285,-0.034563,0.041700,-1.022667,0.061755,0.019184
5.620000,0.015209,-0.034390,0.041491,-1.023225,0.061631,0.019088
5.630000,0.015133,-0.034218,0.041284,-1.023780,0.061507,0.018993
5.640000,0.015057,-0.034047,0.041078,-1.024331,0.061383,0.018898
5.650000,0.014982,-0.033877,0.040873,-1.024879,0.061259,0.018804
5.660000,0.014907,-0.033708,0.040669,-1.025424,0.061135,0.018710
5.670000,0.014833,-0.033539,0.040466,-1.025965,0.061012,0.018617
5.680000,0.014759,-0.033372,0.040264,-1.026503,0.060889,0.018524
5.690000,0.014685,-0.033205,0.040063,-1.027037,0.060766,0.018431
5.700000,0.014612,-0.033039,0.039863,-1.027568,0.060644,0.018339
5.710000,0.014539,-0.032874,0.039664,-1.028096,0.060521,0.018248
5.720000,0.014467,-0.032709,0.039466,-1.028620,0.060399,0.018157
5.730000,0.014395,-0.032546,0.039268,-1.029141,0.060277,0.018066
5.740000,0.014323,-0.032383,0.039072,-1.029659,0.060156,0.017976
5.750000,0.014251,-0.032221,0.038877,-1.030174,0.060035,0.017886
5.760000,0.014180,-0.032060,0.038683,-1.030685,0.059914,0.017797
5.770000,0.014109,-0.031900,0.038490,-1.031193,0.059793,0.017708
5.780000,0.014039,-0.031741,0.038298,-1.031698,0.059672,0.017620
5.790000,0.013969,-0.031582,0.038107,-1.032200,0.059552,0.017532
5.800000,0.013899,-0.031424,0.037916,-1.032699,0.059432,0.017444
5.810000,0.013830,-0.031267,0.037727,-1.033194,0.059312,0.017357
5.820000,0.013761,-0.031111,0.037539,-1.033687,0.059193,0.017271
5.830000,0.013692,-0.030955,0.037351,-1.034176,0.059073,0.017185
5.840000,0.013624,-0.030801,0.037165,-1.034663,0.058954,0.017099
5.850000,0.013556,-0.030647,0.036979,-1.035146,0.058836,0.017013
5.860000,0.013488,-0.030494,0.036795,-1.035626,0.058717,0.016929
5.870000,0.013421,-0.030341,0.036611,-1.036103,0.058599,0.016844
5.880000,0.013354,-0.030190,0.036428,-1.036577,0.058481,0.016760
5.890000,0.013287,-0.030039,0.036246,-1.037049,0.058363,0.016676
5.900000,0.013221,-0.029889,0.036065,-1.037517,0.058245,0.016593
5.910000,0.013155,-0.029739,0.035885,-1.037982,0.058128,0.016510
5.920000,0.013089,-0.029591,0.035706,-1.038444,0.058011,0.016428
5.930000,0.013024,-0.029443,0.035528,-1.038904,0.057894,0.016346
5.940000,0.012959,-0.029296,0.035351,-1.039361,0.057777,0.016264
5.950000,0.012895,-0.029150,0.035174,-1.039814,0.057661,0.016183
5.960000,0.012830,-0.029004,0.034999,-1.040265,0.057545,0.016102
5.970000,0.012766,-0.028859,0.034824,-1.040713,0.057429,0.016022
5.980000,0.012703,-0.028715,0.034650,-1.041158,0.057313,0.015942
5.990000,0.012639,-0.028571,0.034477,-1.041601,0.057198,0.015863
6.000000,0.012576,-0.028429,0.034305,-1.042040,0.057082,0.015783
6.010000,0.012513,-0.028287,0.034134,-1.042477,0.056967,0.015705
6.020000,0.012451,-0.028145,0.033963,-1.042911,0.056853,0.015626
6.030000,0.012389,-0.028005,0.033794,-1.043343,0.056738,0.015548
6.040000,0.012327,-0.027865,0.033625,-1.043771,0.056624,0.015471
6.050000,0.012265,-0.027726,0.033457,-1.044197,0.056510,0.015394
6.060000,0.012204,-0.027587,0.033290,-1.044620,0.056396,0.015317
6.070000,0.012143,-0.027449,0.033124,-1.045041,0.056282,0.015240
6.080000,0.012083,-0.027312,0.032959,-1.045459,0.056169,0.015164
6.090000,0.012023,-0.027176,0.032794,-1.045874,0.056056,0.015089
6.100000,0.011963,-0.027040,0.032631,-1.046287,0.055943,0.015013
6.110000,0.011903,-0.026905,0.032468,-1.046697,0.055830,0.014938
6.120000,0.011844,-0.026771,0.032306,-1.047104,0.055718,0.014864
6.130000,0.011784,-0.026637,0.032144,-1.047509,0.055606,0.014790
6.140000,0.011726,-0.026504,0.031984,-1.047912,0.055494,0.014716
6.150000,0.011667,-0.026372,0.031824,-1.048311,0.055382,0.014642
6.160000,0.011609,-0.026240,0.031665,-1.048709,0.055271,0.014569
6.170000,0.011551,-0.026109,0.031507,-1.049104,0.055159,0.014497
6.180000,0.011493,-0.025978,0.031350,-1.049496,0.055048,0.014424
6.190000,0.011436,-0.025849,0.031194,-1.049886,0.054938,0.014352
6.200000,0.011379,-0.025720,0.031038,-1.050273,0.054827,0.014281
6.210000,0.011322,-0.025591,0.030883,-1.050658,0.054717,0.014210
6.220000,0.011266,-0.025463,0.030729,-1.051040,0.054606,0.014139
6.230000,0.011210,-0.025336,0.030576,-1.051420,0.054496,0.014068
6.240000,0.011154,-0.025210,0.030423,-1.051798,0.054387,0.013998
6.250000,0.011098,-0.025084,0.030271,-1.052173,0.054277,0.013928
6.260000,0.011043,-0.024958,0.030120,-1.052546,0.054168,0.013859
6.270000,0.010988,-0.024834,0.029970,-1.052917,0.054059,0.013789
6.280000,0.010933,-0.024710,0.029820,-1.053285,0.053950,0.013721
6.290000,0.010878,-0.024586,0.029671,-1.053651,0.053842,0.013652
6.300000,0.010824,-0.024464,0.029523,-1.054014,0.053733,0.013584
6.310000,0.010770,-0.024341,0.029376,-1.054376,0.053625,0.013516
6.320000,0.010716,-0.024220,0.029229,-1.054735,0.053517,0.013449
6.330000,0.010663,-0.024099,0.029083,-1.055091,0.053410,0.013382
6.340000,0.010610,-0.023979,0.028938,-1.055446,0.053302,0.013315
6.350000,0.010557,-0.023859,0.028794,-1.055798,0.053195,0.013249
6.360000,0.010504,-0.023740,0.028650,-1.056148,0.053088,0.013182
6.370000,0.010452,-0.023621,0.028507,-1.056496,0.052981,0.013117
6.380000,0.010399,-0.023503,0.028365,-1.056841,0.052874,0.013051
6.390000,0.010348,-0.023386,0.028223,-1.057185,0.052768,0.012986
6.400000,0.010296,-0.023269,0.028082,-1.057526,0.052662,0.012921
6.410000,0.010245,-0.023153,0.027942,-1.057865,0.052556,0.012857
6.420000,0.010193,-0.023037,0.027803,-1.058202,0.052450,0.012793
6.430000,0.010143,-0.022922,0.027664,-1.058536,0.052345,0.012729
6.440000,0.010092,-0.022808,0.027526,-1.058869,0.052239,0.012665
6.450000,0.010042,-0.022694,0.027389,-1.059199,0.052134,0.012602
6.460000,0.009992,-0.022581,0.027252,-1.059528,0.052029,0.012539
6.470000,0.009942,-0.022468,0.027116,-1.059854,0.051925,0.012477
6.480000,0.009892,-0.022356,0.026981,-1.060178,0.051820,0.012415
6.490000,0.009843,-0.022244,0.026846,-1.060501,0.051716,0.012353
6.500000,0.009794,-0.022133,0.026712,-1.060821,0.051612,0.012291
6.510000,0.009745,-0.022023,0.026579,-1.061139,0.051508,0.012230
6.520000,0.009696,-0.021913,0.026446,-1.061455,0.051405,0.012169
6.530000,0.009648,-0.021803,0.026314,-1.061769,0.051301,0.012108
6.540000,0.009600,-0.021695,0.026183,-1.062081,0.051198,0.012048
6.550000,0.009552,-0.021586,0.026052,-1.062391,0.051095,0.011987
6.560000,0.009504,-0.021478,0.025922,-1.062699,0.050992,0.011928
6.570000,0.009457,-0.021371,0.025793,-1.063006,0.050890,0.011868
6.580000,0.009410,-0.021265,0.025664,-1.063310,0.050788,0.011809
6.590000,0.009363,-0.021158,0.025536,-1.063612,0.050685,0.011750
6.600000,0.009316,-0.021053,0.025409,-1.063913,0.050584,0.011691
6.610000,0.009269,-0.020948,0.025282,-1.064211,0.050482,0.011633
6.620000,0.009223,-0.020843,0.025156,-1.064508,0.050380,0.011575
6.630000,0.009177,-0.020739,0.025030,-1.064802,0.050279,0.011517
6.640000,0.009131,-0.020636,0.024905,-1.065095,0.050178,0.011460
6.650000,0.009086,-0.020533,0.024781,-1.065386,0.050077,0.011403
6.660000,0.009041,-0.020430,0.024657,-1.065675,0.049976,0.011346
6.670000,0.008995,-0.020328,0.024534,-1.065963,0.049876,0.011289
6.680000,0.008951,-0.020227,0.024412,-1.066248,0.049776,0.011233
6.690000,0.008906,-0.020126,0.024290,-1.066532,0.049676,0.011177
6.700000,0.008862,-0.020025,0.024169,-1.066814,0.049576,0.011121
6.710000,0.008817,-0.019925,0.024048,-1.067094,0.049476,0.011066
6.720000,0.008773,-0.019826,0.023928,-1.067372,0.049377,0.011010
6.730000,0.008730,-0.019727,0.023809,-1.067649,0.049277,0.010955
6.740000,0.008686,-0.019628,0.023690,-1.067923,0.049178,0.010901
6.750000,0.008643,-0.019530,0.023572,-1.068196,0.049079,0.010846
6.760000,0.008600,-0.019433,0.023454,-1.068468,0.048981,0.010792
6.770000,0.008557,-0.019336,0.023337,-1.068737,0.048882,0.010738
6.780000,0.008514,-0.019239,0.023221,-1.069005,0.048784,0.010685
6.790000,0.008472,-0.019143,0.023105,-1.069271,0.048686,0.010632
6.800000,0.008429,-0.019048,0.022990,-1.069536,0.048588,0.010579
6.810000,0.008387,-0.018953,0.022875,-1.069798,0.048491,0.010526
6.820000,0.008345,-0.018858,0.022761,-1.070059,0.048393,0.010473
6.830000,0.008304,-0.018764,0.022647,-1.070319,0.048296,0.010421
6.840000,0.008262,-0.018670,0.022534,-1.070577,0.048199,0.010369
6.850000,0.008221,-0.018577,0.022422,-1.070833,0.048102,0.010317
6.860000,0.008180,-0.018484,0.022310,-1.071087,0.048005,0.010266
6.870000,0.008139,-0.018392,0.022199,-1.071340,0.047909,0.010215
6.880000,0.008099,-0.018300,0.022088,-1.071591,0.047813,0.010164
6.890000,0.008058,-0.018209,0.021978,-1.071841,0.047716,0.010113
6.900000,0.008018,-0.018118,0.021868,-1.072089,0.047621,0.010062
6.910000,0.007978,-0.018028,0.021759,-1.072335,0.047525,0.010012
6.920000,0.007938,-0.017938,0.021651,-1.072580,0.047429,0.009962
6.930000,0.007899,-0.017848,0.021542,-1.072824,0.047334,0.009913
6.940000,0.007859,-0.017759,0.021435,-1.073066,0.047239,0.009863
6.950000,0.007820,-0.017671,0.021328,-1.073306,0.047144,0.009814
6.960000,0.007781,-0.017582,0.021222,-1.073545,0.047049,0.009765
6.970000,0.007742,-0.017495,0.021116,-1.073782,0.046955,0.009716
6.980000,0.007704,-0.017407,0.021010,-1.074017,0.046861,0.009668
6.990000,0.007665,-0.017320,0.020906,-1.074252,0.046766,0.009620
7.000000,0.007627,-0.017234,0.020801,-1.074484,0.046672,0.009572
7.010000,0.007589,-0.017148,0.020698,-1.074716,0.046579,0.009524
7.020000,0.007551,-0.017062,0.020594,-1.074945,0.046485,0.009476
7.030000,0.007513,-0.016977,0.020492,-1.075174,0.046392,0.009429
7.040000,0.007476,-0.016893,0.020389,-1.075400,0.046299,0.009382
7.050000,0.007439,-0.016808,0.020288,-1.075626,0.046206,0.009335
7.060000,0.007402,-0.016724,0.020186,-1.075850,0.046113,0.009289
7.070000,0.007365,-0.016641,0.020086,-1.076072,0.046020,0.009242
7.080000,0.007328,-0.016558,0.019985,-1.076293,0.045928,0.009196
7.090000,0.007291,-0.016475,0.019886,-1.076513,0.045835,0.009150
7.100000,0.007255,-0.016393,0.019787,-1.076731,0.045743,0.009105
7.110000,0.007219,-0.016311,0.019688,-1.076948,0.045652,0.009059
7.120000,0.007183,-0.016230,0.019590,-1.077164,0.045560,0.009014
7.130000,0.007147,-0.016149,0.019492,-1.077378,0.045468,0.008969
7.140000,0.007111,-0.016068,0.019395,-1.077591,0.045377,0.008924
7.150000,0.007076,-0.015988,0.019298,-1.077802,0.045286,0.008880
7.160000,0.007041,-0.015908,0.019202,-1.078012,0.045195,0.008836
7.170000,0.007005,-0.015829,0.019106,-1.078221,0.045104,0.008792
7.180000,0.006971,-0.015750,0.019010,-1.078428,0.045014,0.008748
7.190000,0.006936,-0.015671,0.018916,-1.078634,0.044923,0.008704
7.200000,0.006901,-0.015593,0.018821,-1.078839,0.044833,0.008661
7.210000,0.006867,-0.015515,0.018727,-1.079042,0.044743,0.008617
7.220000,0.006832,-0.015438,0.018634,-1.079244,0.044653,0.008574
7.230000,0.006798,-0.015361,0.018541,-1.079445,0.044563,0.008532
7.240000,0.006764,-0.015284,0.018448,-1.079645,0.044474,0.008489
7.250000,0.006731,-0.015208,0.018356,-1.079843,0.044385,0.008447
7.260000,0.006697,-0.015132,0.018265,-1.080040,0.044296,0.008405
7.270000,0.006664,-0.015057,0.018174,-1.080236,0.044207,0.008363
7.280000,0.006631,-0.014981,0.018083,-1.080430,0.044118,0.008321
7.290000,0.006597,-0.014907,0.017993,-1.080624,0.044029,0.008279
7.300000,0.006565,-0.014832,0.017903,-1.080816,0.043941,0.008238
7.310000,0.006532,-0.014758,0.017814,-1.081007,0.043853,0.008197
7.320000,0.006499,-0.014685,0.017725,-1.081196,0.043765,0.008156
7.330000,0.006467,-0.014611,0.017637,-1.081384,0.043677,0.008116
7.340000,0.006435,-0.014539,0.017549,-1.081572,0.043589,0.008075
7.350000,0.006402,-0.014466,0.017461,-1.081758,0.043502,0.008035
7.360000,0.006371,-0.014394,0.017374,-1.081942,0.043414,0.007995
7.370000,0.006339,-0.014322,0.017287,-1.082126,0.043327,0.007955
7.380000,0.006307,-0.014251,0.017201,-1.082308,0.043240,0.007915
7.390000,0.006276,-0.014179,0.017115,-1.082490,0.043153,0.007876
7.400000,0.006244,-0.014109,0.017030,-1.082670,0.043067,0.007836
7.410000,0.006213,-0.014038,0.016945,-1.082849,0.042980,0.007797
7.420000,0.006182,-0.013968,0.016860,-1.083027,0.042894,0.007758
7.430000,0.006151,-0.013899,0.016776,-1.083203,0.042808,0.007720
7.440000,0.006121,-0.013829,0.016692,-1.083379,0.042722,0.007681
7.450000,0.006090,-0.013760,0.016609,-1.083553,0.042636,0.007643
7.460000,0.006060,-0.013692,0.016526,-1.083726,0.042551,0.007605
7.470000,0.006030,-0.013623,0.016444,-1.083899,0.042465,0.007567
7.480000,0.005999,-0.013555,0.016362,-1.084070,0.042380,0.007529
7.490000,0.005970,-0.013488,0.016280,-1.084240,0.042295,0.007491
7.500000,0.005940,-0.013420,0.016199,-1.084409,0.042210,0.007454
7.510000,0.005910,-0.013353,0.016118,-1.084576,0.042125,0.007417
7.520000,0.005881,-0.013287,0.016038,-1.084743,0.042041,0.007380
7.530000,0.005851,-0.013220,0.015958,-1.084909,0.041957,0.007343
7.540000,0.005822,-0.013154,0.015878,-1.085073,0.041872,0.007307
7.550000,0.005793,-0.013089,0.015799,-1.085237,0.041788,0.007270
7.560000,0.005764,-0.013024,0.015720,-1.085400,0.041704,0.007234
7.570000,0.005735,-0.012959,0.015642,-1.085561,0.041621,0.007198
7.580000,0.005707,-0.012894,0.015564,-1.085721,0.041537,0.007162
7.590000,0.005678,-0.012830,0.015486,-1.085881,0.041454,0.007126
7.600000,0.005650,-0.012766,0.015409,-1.086039,0.041371,0.007091
7.610000,0.005622,-0.012702,0.015332,-1.086197,0.041288,0.007055
7.620000,0.005594,-0.012639,0.015256,-1.086353,0.041205,0.007020
7.630000,0.005566,-0.012575,0.015179,-1.086508,0.041122,0.006985
7.640000,0.005538,-0.012513,0.015104,-1.086663,0.041040,0.006950
7.650000,0.005511,-0.012450,0.015028,-1.086816,0.040957,0.006915
7.660000,0.005483,-0.012388,0.014953,-1.086969,0.040875,0.006881
7.670000,0.005456,-0.012326,0.014879,-1.087120,0.040793,0.006847
7.680000,0.005429,-0.012265,0.014805,-1.087270,0.040711,0.006813
7.690000,0.005401,-0.012204,0.014731,-1.087420,0.040630,0.006779
7.700000,0.005375,-0.012143,0.014657,-1.087569,0.040548,0.006745
7.710000,0.005348,-0.012082,0.014584,-1.087716,0.040467,0.006711
7.720000,0.005321,-0.012022,0.014511,-1.087863,0.040386,0.006678
7.730000,0.005294,-0.011962,0.014439,-1.088008,0.040305,0.006644
7.740000,0.005268,-0.011902,0.014367,-1.088153,0.040224,0.006611
7.750000,0.005242,-0.011843,0.014295,-1.088297,0.040143,0.006578
7.760000,0.005216,-0.011784,0.014224,-1.088440,0.040062,0.006545
7.770000,0.005190,-0.011725,0.014153,-1.088582,0.039982,0.006513
7.780000,0.005164,-0.011667,0.014082,-1.088723,0.039902,0.006480
7.790000,0.005138,-0.011608,0.014012,-1.088863,0.039822,0.006448
7.800000,0.005112,-0.011550,0.013942,-1.089003,0.039742,0.006416
7.810000,0.005087,-0.011493,0.013873,-1.089141,0.039662,0.006384
7.820000,0.005062,-0.011435,0.013804,-1.089278,0.039583,0.006352
7.830000,0.005036,-0.011378,0.013735,-1.089415,0.039503,0.006320
7.840000,0.005011,-0.011322,0.013666,-1.089551,0.039424,0.006289
7.850000,0.004986,-0.011265,0.013598,-1.089686,0.039345,0.006257
7.860000,0.004961,-0.011209,0.013530,-1.089820,0.039266,0.006226
7.870000,0.004937,-0.011153,0.013463,-1.089953,0.039187,0.006195
7.880000,0.004912,-0.011097,0.013396,-1.090085,0.039109,0.006164
7.890000,0.004887,-0.011042,0.013329,-1.090217,0.039030,0.006133
7.900000,0.004863,-0.010987,0.013262,-1.090347,0.038952,0.006103
7.910000,0.004839,-0.010932,0.013196,-1.090477,0.038874,0.006072
7.920000,0.004815,-0.010878,0.013130,-1.090606,0.038796,0.006042
7.930000,0.004791,-0.010823,0.013065,-1.090734,0.038718,0.006012
7.940000,0.004767,-0.010769,0.013000,-1.090861,0.038641,0.005982
7.950000,0.004743,-0.010716,0.012935,-1.090988,0.038563,0.005952
7.960000,0.004719,-0.010662,0.012870,-1.091114,0.038486,0.005922
7.970000,0.004696,-0.010609,0.012806,-1.091238,0.038409,0.005893
7.980000,0.004672,-0.010556,0.012742,-1.091362,0.038331,0.005864
7.990000,0.004649,-0.010503,0.012679,-1.091486,0.038255,0.005834
8.000000,0.004626,-0.010451,0.012615,-1.091608,0.038178,0.005805
8.010000,0.004603,-0.010399,0.012552,-1.091730,0.038101,0.005776
8.020000,0.004580,-0.010347,0.012490,-1.091851,0.038025,0.005747
8.030000,0.004557,-0.010295,0.012428,-1.091971,0.037949,0.005719
8.040000,0.004534,-0.010244,0.012366,-1.092090,0.037873,0.005690
8.050000,0.004512,-0.010193,0.012304,-1.092209,0.037797,0.005662
8.060000,0.004489,-0.010142,0.012242,-1.092327,0.037721,0.005634
8.070000,0.004467,-0.010091,0.012181,-1.092444,0.037645,0.005605
8.080000,0.004444,-0.010041,0.012121,-1.092560,0.037570,0.005578
8.090000,0.004422,-0.009991,0.012060,-1.092676,0.037494,0.005550
8.100000,0.004400,-0.009941,0.012000,-1.092790,0.037419,0.005522
8.110000,0.004378,-0.009892,0.011940,-1.092905,0.037344,0.005494
8.120000,0.004356,-0.009842,0.011881,-1.093018,0.037269,0.005467
8.130000,0.004335,-0.009793,0.011821,-1.093131,0.037195,0.005440
8.140000,0.004313,-0.009744,0.011762,-1.093243,0.037120,0.005413
8.150000,0.004292,-0.009696,0.011704,-1.093354,0.037046,0.005386
8.160000,0.004270,-0.009647,0.011645,-1.093464,0.036971,0.005359
8.170000,0.004249,-0.009599,0.011587,-1.093574,0.036897,0.005332
8.180000,0.004228,-0.009551,0.011529,-1.093683,0.036823,0.005305
8.190000,0.004207,-0.009504,0.011472,-1.093791,0.036749,0.005279
8.200000,0.004186,-0.009456,0.011415,-1.093899,0.036676,0.005253
8.210000,0.004165,-0.009409,0.011358,-1.094006,0.036602,0.005226
8.220000,0.004144,-0.009362,0.011301,-1.094112,0.036529,0.005200
8.230000,0.004123,-0.009315,0.011245,-1.094218,0.036456,0.005174
8.240000,0.004103,-0.009269,0.011189,-1.094323,0.036383,0.005149
8.250000,0.004082,-0.009223,0.011133,-1.094427,0.036310,0.005123
8.260000,0.004062,-0.009177,0.011077,-1.094531,0.036237,0.005097
8.270000,0.004042,-0.009131,0.011022,-1.094634,0.036164,0.005072
8.280000,0.004022,-0.009085,0.010967,-1.094736,0.036092,0.005047
8.290000,0.004001,-0.009040,0.010912,-1.094838,0.036019,0.005022
8.300000,0.003981,-0.008995,0.010858,-1.094938,0.035947,0.004997
8.310000,0.003962,-0.008950,0.010804,-1.095039,0.035875,0.004972
8.320000,0.003942,-0.008906,0.010750,-1.095138,0.035803,0.004947
8.330000,0.003922,-0.008861,0.010696,-1.095237,0.035731,0.004922
8.340000,0.003903,-0.008817,0.010643,-1.095336,0.035660,0.004898
8.350000,0.003883,-0.008773,0.010590,-1.095434,0.035588,0.004873
8.360000,0.003864,-0.008729,0.010537,-1.095531,0.035517,0.004849
8.370000,0.003845,-0.008686,0.010484,-1.095627,0.035446,0.004825
8.380000,0.003825,-0.008642,0.010432,-1.095723,0.035375,0.004801
8.390000,0.003806,-0.008599,0.010380,-1.095818,0.035304,0.004777
8.400000,0.003787,-0.008556,0.010328,-1.095913,0.035233,0.004753
8.410000,0.003768,-0.008514,0.010277,-1.096007,0.035163,0.004729
8.420000,0.003750,-0.008471,0.010226,-1.096101,0.035092,0.004706
8.430000,0.003731,-0.008429,0.010175,-1.096193,0.035022,0.004682
8.440000,0.003712,-0.008387,0.010124,-1.096286,0.034952,0.004659
8.450000,0.003694,-0.008345,0.010073,-1.096377,0.034882,0.004635
8.460000,0.003675,-0.008303,0.010023,-1.096468,0.034812,0.004612
8.470000,0.003657,-0.008262,0.009973,-1.096559,0.034742,0.004589
8.480000,0.003639,-0.008221,0.009923,-1.096649,0.034672,0.004566
8.490000,0.003621,-0.008180,0.009874,-1.096738,0.034603,0.004544
8.500000,0.003603,-0.008139,0.009825,-1.096827,0.034533,0.004521
8.510000,0.003585,-0.008098,0.009776,-1.096915,0.034464,0.004498
8.520000,0.003567,-0.008058,0.009727,-1.097003,0.034395,0.004476
8.530000,0.003549,-0.008018,0.009678,-1.097090,0.034326,0.004454
8.540000,0.003531,-0.007978,0.009630,-1.097176,0.034257,0.004431
8.550000,0.003514,-0.007938,0.009582,-1.097262,0.034189,0.004409
8.560000,0.003496,-0.007898,0.009534,-1.097347,0.034120,0.004387
8.570000,0.003479,-0.007859,0.009487,-1.097432,0.034052,0.004365
8.580000,0.003461,-0.007820,0.009439,-1.097516,0.033984,0.004344
8.590000,0.003444,-0.007781,0.009392,-1.097600,0.033916,0.004322
8.600000,0.003427,-0.007742,0.009345,-1.097683,0.033848,0.004301
8.610000,0.003410,-0.007703,0.009299,-1.097766,0.033780,0.004279
8.620000,0.003393,-0.007665,0.009252,-1.097848,0.033712,0.004258
8.630000,0.003376,-0.007627,0.009206,-1.097930,0.033645,0.004236
8.640000,0.003359,-0.007589,0.009160,-1.098011,0.033577,0.004215
8.650000,0.003342,-0.007551,0.009115,-1.098091,0.033510,0.004194
8.660000,0.003326,-0.007513,0.009069,-1.098171,0.033443,0.004173
8.670000,0.003309,-0.007476,0.009024,-1.098251,0.033376,0.004153
8.680000,0.003293,-0.007438,0.008979,-1.098330,0.033309,0.004132
8.690000,0.003276,-0.007401,0.008934,-1.098408,0.033242,0.004111
8.700000,0.003260,-0.007364,0.008890,-1.098486,0.033176,0.004091
8.710000,0.003243,-0.007328,0.008845,-1.098564,0.033109,0.004070
8.720000,0.003227,-0.007291,0.008801,-1.098641,0.033043,0.004050
8.730000,0.003211,-0.007255,0.008757,-1.098718,0.032977,0.004030
8.740000,0.003195,-0.007218,0.008714,-1.098794,0.032910,0.004010
8.750000,0.003179,-0.007182,0.008670,-1.098869,0.032845,0.003990
8.760000,0.003163,-0.007147,0.008627,-1.098944,0.032779,0.003970
8.770000,0.003148,-0.007111,0.008584,-1.099019,0.032713,0.003950
8.780000,0.003132,-0.007076,0.008541,-1.099093,0.032648,0.003930
8.790000,0.003116,-0.007040,0.008498,-1.099166,0.032582,0.003911
8.800000,0.003101,-0.007005,0.008456,-1.099239,0.032517,0.003891
8.810000,0.003085,-0.006970,0.008414,-1.099312,0.032452,0.003872
8.820000,0.003070,-0.006935,0.008372,-1.099384,0.032387,0.003853
8.830000,0.003055,-0.006901,0.008330,-1.099456,0.032322,0.003833
8.840000,0.003039,-0.006866,0.008289,-1.099527,0.032257,0.003814
8.850000,0.003024,-0.006832,0.008247,-1.099598,0.032192,0.003795
8.860000,0.003009,-0.006798,0.008206,-1.099668,0.032128,0.003776
8.870000,0.002994,-0.006764,0.008165,-1.099738,0.032064,0.003757
8.880000,0.002979,-0.006730,0.008124,-1.099808,0.031999,0.003739
8.890000,0.002964,-0.006697,0.008084,-1.099877,0.031935,0.003720
8.900000,0.002950,-0.006663,0.008044,-1.099945,0.031871,0.003701
8.910000,0.002935,-0.006630,0.008004,-1.100013,0.031807,0.003683
8.920000,0.002920,-0.006597,0.007964,-1.100081,0.031744,0.003665
8.930000,0.002906,-0.006564,0.007924,-1.100148,0.031680,0.003646
8.940000,0.002891,-0.006531,0.007884,-1.100215,0.031617,0.003628
8.950000,0.002877,-0.006499,0.007845,-1.100282,0.031553,0.003610
8.960000,0.002862,-0.006466,0.007806,-1.100347,0.031490,0.003592
8.970000,0.002848,-0.006434,0.007767,-1.100413,0.031427,0.003574
8.980000,0.002834,-0.006402,0.007728,-1.100478,0.031364,0.003556
8.990000,0.002820,-0.006370,0.007690,-1.100543,0.031301,0.003539
9.000000,0.002806,-0.006338,0.007651,-1.100607,0.031239,0.003521
9.010000,0.002792,-0.006307,0.007613,-1.100671,0.031176,0.003503
9.020000,0.002778,-0.006275,0.007575,-1.100734,0.031114,0.003486
9.030000,0.002764,-0.006244,0.007537,-1.100797,0.031051,0.003469
9.040000,0.002750,-0.006213,0.007500,-1.100860,0.030989,0.003451
9.050000,0.002736,-0.006182,0.007462,-1.100922,0.030927,0.003434
9.060000,0.002723,-0.006151,0.007425,-1.100984,0.030865,0.003417
9.070000,0.002709,-0.006120,0.007388,-1.101045,0.030803,0.003400
9.080000,0.002696,-0.006090,0.007351,-1.101107,0.030742,0.003383
9.090000,0.002682,-0.006059,0.007315,-1.101167,0.030680,0.003366
9.100000,0.002669,-0.006029,0.007278,-1.101227,0.030619,0.003349
9.110000,0.002656,-0.005999,0.007242,-1.101287,0.030557,0.003333
9.120000,0.002642,-0.005969,0.007206,-1.101347,0.030496,0.003316
9.130000,0.002629,-0.005940,0.007170,-1.101406,0.030435,0.003299
9.140000,0.002616,-0.005910,0.007134,-1.101465,0.030374,0.003283
9.150000,0.002603,-0.005880,0.007098,-1.101523,0.030313,0.003267
9.160000,0.002590,-0.005851,0.007063,-1.101581,0.030253,0.003250
9.170000,0.002577,-0.005822,0.007028,-1.101638,0.030192,0.003234
9.180000,0.002564,-0.005793,0.006993,-1.101696,0.030132,0.003218
9.190000,0.002551,-0.005764,0.006958,-1.101753,0.030071,0.003202
9.200000,0.002539,-0.005735,0.006923,-1.101809,0.030011,0.003186
9.210000,0.002526,-0.005707,0.006889,-1.101865,0.029951,0.003170
9.220000,0.002513,-0.005678,0.006854,-1.101921,0.029891,0.003154
9.230000,0.002501,-0.005650,0.006820,-1.101976,0.029831,0.003138
9.240000,0.002488,-0.005622,0.006786,-1.102031,0.029771,0.003123
9.250000,0.002476,-0.005594,0.006752,-1.102086,0.029712,0.003107
9.260000,0.002464,-0.005566,0.006719,-1.102140,0.029652,0.003092
9.270000,0.002451,-0.005538,0.006685,-1.102194,0.029593,0.003076
9.280000,0.002439,-0.005510,0.006652,-1.102248,0.029534,0.003061
9.290000,0.002427,-0.005483,0.006619,-1.102301,0.029474,0.003046
9.300000,0.002415,-0.005455,0.006586,-1.102354,0.029415,0.003030
9.310000,0.002403,-0.005428,0.006553,-1.102407,0.029357,0.003015
9.320000,0.002391,-0.005401,0.006520,-1.102459,0.029298,0.003000
9.330000,0.002379,-0.005374,0.006487,-1.102511,0.029239,0.002985
9.340000,0.002367,-0.005347,0.006455,-1.102563,0.029181,0.002970
9.350000,0.002355,-0.005321,0.006423,-1.102614,0.029122,0.002956
9.360000,0.002343,-0.005294,0.006391,-1.102665,0.029064,0.002941
9.370000,0.002332,-0.005268,0.006359,-1.102715,0.029006,0.002926
9.380000,0.002320,-0.005242,0.006327,-1.102766,0.028948,0.002912
9.390000,0.002309,-0.005215,0.006296,-1.102816,0.028890,0.002897
9.400000,0.002297,-0.005189,0.006264,-1.102865,0.028832,0.002883
9.410000,0.002286,-0.005164,0.006233,-1.102915,0.028774,0.002868
9.420000,0.002274,-0.005138,0.006202,-1.102964,0.028716,0.002854
9.430000,0.002263,-0.005112,0.006171,-1.103012,0.028659,0.002840
9.440000,0.002252,-0.005087,0.006140,-1.103061,0.028602,0.002826
9.450000,0.002240,-0.005061,0.006110,-1.103109,0.028544,0.002812
9.460000,0.002229,-0.005036,0.006079,-1.103156,0.028487,0.002797
9.470000,0.002218,-0.005011,0.006049,-1.103204,0.028430,0.002784
9.480000,0.002207,-0.004986,0.006019,-1.103251,0.028373,0.002770
9.490000,0.002196,-0.004961,0.005989,-1.103298,0.028316,0.002756
9.500000,0.002185,-0.004936,0.005959,-1.103344,0.028260,0.002742
9.510000,0.002174,-0.004912,0.005929,-1.103391,0.028203,0.002728
9.520000,0.002163,-0.004887,0.005900,-1.103436,0.028147,0.002715
9.530000,0.002153,-0.004863,0.005870,-1.103482,0.028090,0.002701
9.540000,0.002142,-0.004839,0.005841,-1.103527,0.028034,0.002688
9.550000,0.002131,-0.004814,0.005812,-1.103572,0.027978,0.002674
9.560000,0.002120,-0.004790,0.005783,-1.103617,0.027922,0.002661
9.570000,0.002110,-0.004767,0.005754,-1.103662,0.027866,0.002648
9.580000,0.002099,-0.004743,0.005725,-1.103706,0.027810,0.002635
9.590000,0.002089,-0.004719,0.005697,-1.103750,0.027755,0.002621
9.600000,0.002078,-0.004696,0.005668,-1.103793,0.027699,0.002608
9.610000,0.002068,-0.004672,0.005640,-1.103837,0.027644,0.002595
9.620000,0.002058,-0.004649,0.005612,-1.103880,0.027588,0.002582
9.630000,0.002048,-0.004626,0.005584,-1.103923,0.027533,0.002570
9.640000,0.002037,-0.004603,0.005556,-1.103965,0.027478,0.002557
9.650000,0.002027,-0.004580,0.005528,-1.104007,0.027423,0.002544
9.660000,0.002017,-0.004557,0.005501,-1.104049,0.027368,0.002531
9.670000,0.002007,-0.004534,0.005473,-1.104091,0.027313,0.002519
9.680000,0.001997,-0.004511,0.005446,-1.104132,0.027259,0.002506
9.690000,0.001987,-0.004489,0.005419,-1.104174,0.027204,0.002494
9.700000,0.001977,-0.004467,0.005392,-1.104214,0.027150,0.002481
9.710000,0.001967,-0.004444,0.005365,-1.104255,0.027095,0.002469
9.720000,0.001957,-0.004422,0.005338,-1.104295,0.027041,0.002456
9.730000,0.001948,-0.004400,0.005311,-1.104335,0.026987,0.002444
9.740000,0.001938,-0.004378,0.005285,-1.104375,0.026933,0.002432
9.750000,0.001928,-0.004356,0.005259,-1.104415,0.026879,0.002420
9.760000,0.001919,-0.004335,0.005232,-1.104454,0.026825,0.002408
9.770000,0.001909,-0.004313,0.005206,-1.104493,0.026771,0.002396
9.780000,0.001900,-0.004291,0.005180,-1.104532,0.026718,0.002384
9.790000,0.001890,-0.004270,0.005154,-1.104571,0.026664,0.002372
9.800000,0.001881,-0.004249,0.005129,-1.104609,0.026611,0.002360
9.810000,0.001871,-0.004227,0.005103,-1.104647,0.026558,0.002348
9.820000,0.001862,-0.004206,0.005078,-1.104685,0.026505,0.002337
9.830000,0.001853,-0.004185,0.005052,-1.104723,0.026451,0.002325
9.840000,0.001843,-0.004165,0.005027,-1.104760,0.026399,0.002313
9.850000,0.001834,-0.004144,0.005002,-1.104797,0.026346,0.002302
9.860000,0.001825,-0.004123,0.004977,-1.104834,0.026293,0.002290
9.870000,0.001816,-0.004103,0.004952,-1.104870,0.026240,0.002279
9.880000,0.001807,-0.004082,0.004928,-1.104907,0.026188,0.002268
9.890000,0.001798,-0.004062,0.004903,-1.104943,0.026135,0.002256
9.900000,0.001789,-0.004041,0.004879,-1.104979,0.026083,0.002245
9.910000,0.001780,-0.004021,0.004854,-1.105015,0.026031,0.002234
9.920000,0.001771,-0.004001,0.004830,-1.105050,0.025979,0.002223
9.930000,0.001762,-0.003981,0.004806,-1.105085,0.025927,0.002212
9.940000,0.001754,-0.003961,0.004782,-1.105120,0.025875,0.002201
9.950000,0.001745,-0.003942,0.004758,-1.105155,0.025823,0.002190
9.960000,0.001736,-0.003922,0.004734,-1.105190,0.025771,0.002179
9.970000,0.001727,-0.003902,0.004711,-1.105224,0.025720,0.002168
9.980000,0.001719,-0.003883,0.004687,-1.105258,0.025668,0.002157
9.990000,0.001710,-0.003864,0.004664,-1.105292,0.025617,0.002146
10.000000,0.001702,-0.003844,0.004641,-1.105326,0.025566,0.002136
