0.000000,0.383925,-0.257841,-0.790532,-0.926583,0.852400,0.692850
0.010000,0.381452,-0.256387,-0.788970,-0.927729,0.847984,0.686124
0.020000,0.379001,-0.254943,-0.787391,-0.928869,0.843615,0.679527
0.030000,0.376573,-0.253510,-0.785796,-0.930001,0.839292,0.673052
0.040000,0.374167,-0.252086,-0.784184,-0.931127,0.835015,0.666697
0.050000,0.371783,-0.250672,-0.782556,-0.932246,0.830783,0.660457
0.060000,0.369421,-0.249267,-0.780912,-0.933358,0.826595,0.654330
0.070000,0.367081,-0.247872,-0.779253,-0.934464,0.822450,0.648310
0.080000,0.364761,-0.246487,-0.777578,-0.935563,0.818348,0.642396
0.090000,0.362462,-0.245111,-0.775888,-0.936656,0.814288,0.636583
0.100000,0.360184,-0.243744,-0.774183,-0.937741,0.810269,0.630869
0.110000,0.357926,-0.242387,-0.772464,-0.938821,0.806290,0.625252
0.120000,0.355687,-0.241038,-0.770730,-0.939894,0.802351,0.619727
0.130000,0.353469,-0.239699,-0.768982,-0.940960,0.798452,0.614293
0.140000,0.351269,-0.238369,-0.767221,-0.942020,0.794591,0.608947
0.150000,0.349089,-0.237047,-0.765445,-0.943073,0.790768,0.603687
0.160000,0.346928,-0.235734,-0.763657,-0.944121,0.786982,0.598510
0.170000,0.344785,-0.234430,-0.761855,-0.945161,0.783233,0.593413
0.180000,0.342660,-0.233135,-0.760041,-0.946196,0.779521,0.588395
0.190000,0.340553,-0.231848,-0.758214,-0.947224,0.775844,0.583454
0.200000,0.338464,-0.230569,-0.756374,-0.948247,0.772202,0.578588
0.210000,0.336393,-0.229299,-0.754523,-0.949263,0.768594,0.573794
0.220000,0.334339,-0.228037,-0.752659,-0.950272,0.765021,0.569071
0.230000,0.332302,-0.226783,-0.750784,-0.951276,0.761481,0.564417
0.240000,0.330282,-0.225538,-0.748898,-0.952274,0.757974,0.559830
0.250000,0.328279,-0.224300,-0.747000,-0.953265,0.754499,0.555309
0.260000,0.326292,-0.223071,-0.745092,-0.954251,0.751057,0.550852
0.270000,0.324321,-0.221850,-0.743172,-0.955231,0.747645,0.546457
0.280000,0.322366,-0.220636,-0.741242,-0.956204,0.744265,0.542123
0.290000,0.320427,-0.219430,-0.739302,-0.957172,0.740916,0.537849
0.300000,0.318504,-0.218232,-0.737352,-0.958134,0.737596,0.533632
0.310000,0.316596,-0.217042,-0.735392,-0.959090,0.734306,0.529473
0.320000,0.314703,-0.215859,-0.733423,-0.960040,0.731046,0.525369
0.330000,0.312825,-0.214683,-0.731444,-0.960985,0.727814,0.521318
0.340000,0.310963,-0.213515,-0.729456,-0.961923,0.724611,0.517321
0.350000,0.309114,-0.212355,-0.727459,-0.962856,0.721435,0.513376
0.360000,0.307281,-0.211202,-0.725453,-0.963784,0.718287,0.509481
0.370000,0.305461,-0.210056,-0.723438,-0.964705,0.715166,0.505636
0.380000,0.303656,-0.208917,-0.721416,-0.965621,0.712072,0.501839
0.390000,0.301865,-0.207786,-0.719385,-0.966532,0.709005,0.498089
0.400000,0.300087,-0.206661,-0.717346,-0.967437,0.705963,0.494386
0.410000,0.298323,-0.205544,-0.715300,-0.968336,0.702948,0.490729
0.420000,0.296573,-0.204433,-0.713246,-0.969230,0.699957,0.487115
0.430000,0.294836,-0.203330,-0.711185,-0.970119,0.696992,0.483545
0.440000,0.293112,-0.202233,-0.709117,-0.971002,0.694051,0.480018
0.450000,0.291401,-0.201143,-0.707042,-0.971880,0.691134,0.476533
0.460000,0.289703,-0.200060,-0.704960,-0.972752,0.688241,0.473088
0.470000,0.288018,-0.198983,-0.702872,-0.973619,0.685372,0.469684
0.480000,0.286345,-0.197913,-0.700777,-0.974480,0.682526,0.466319
0.490000,0.284685,-0.196850,-0.698676,-0.975337,0.679704,0.462993
0.500000,0.283036,-0.195793,-0.696570,-0.976188,0.676904,0.459704
0.510000,0.281401,-0.194743,-0.694457,-0.977034,0.674126,0.456452
0.520000,0.279777,-0.193699,-0.692340,-0.977875,0.671370,0.453237
0.530000,0.278165,-0.192662,-0.690216,-0.978710,0.668636,0.450058
0.540000,0.276565,-0.191630,-0.688088,-0.979541,0.665924,0.446913
0.550000,0.274976,-0.190605,-0.685954,-0.980366,0.663233,0.443803
0.560000,0.273399,-0.189587,-0.683816,-0.981187,0.660563,0.440727
0.570000,0.271833,-0.188574,-0.681673,-0.982002,0.657913,0.437683
0.580000,0.270279,-0.187568,-0.679526,-0.982812,0.655284,0.434673
0.590000,0.268736,-0.186567,-0.677374,-0.983617,0.652676,0.431694
0.600000,0.267203,-0.185573,-0.675218,-0.984418,0.650087,0.428747
0.610000,0.265682,-0.184584,-0.673058,-0.985213,0.647517,0.425830
0.620000,0.264171,-0.183602,-0.670895,-0.986004,0.644967,0.422944
0.630000,0.262672,-0.182625,-0.668727,-0.986790,0.642437,0.420087
0.640000,0.261182,-0.181654,-0.666557,-0.987570,0.639925,0.417260
0.650000,0.259703,-0.180689,-0.664383,-0.988346,0.637431,0.414462
0.660000,0.258235,-0.179730,-0.662206,-0.989118,0.634957,0.411691
0.670000,0.256777,-0.178777,-0.660026,-0.989884,0.632500,0.408949
0.680000,0.255328,-0.177829,-0.657843,-0.990646,0.630062,0.406234
0.690000,0.253890,-0.176886,-0.655657,-0.991403,0.627641,0.403546
0.700000,0.252462,-0.175950,-0.653469,-0.992156,0.625238,0.400884
0.710000,0.251044,-0.175019,-0.651279,-0.992903,0.622852,0.398248
0.720000,0.249635,-0.174093,-0.649086,-0.993647,0.620483,0.395638
0.730000,0.248236,-0.173173,-0.646891,-0.994385,0.618131,0.393053
0.740000,0.246847,-0.172258,-0.644695,-0.995119,0.615796,0.390493
0.750000,0.245467,-0.171348,-0.642496,-0.995849,0.613478,0.387957
0.760000,0.244096,-0.170444,-0.640296,-0.996574,0.611176,0.385445
0.770000,0.242735,-0.169545,-0.638095,-0.997294,0.608890,0.382957
0.780000,0.241383,-0.168652,-0.635892,-0.998010,0.606619,0.380492
0.790000,0.240040,-0.167763,-0.633688,-0.998722,0.604365,0.378050
0.800000,0.238706,-0.166880,-0.631483,-0.999429,0.602126,0.375631
0.810000,0.237381,-0.166002,-0.629277,-1.000132,0.599903,0.373234
0.820000,0.236065,-0.165129,-0.627070,-1.000831,0.597695,0.370859
0.830000,0.234757,-0.164261,-0.624863,-1.001525,0.595502,0.368505
0.840000,0.233458,-0.163398,-0.622655,-1.002215,0.593324,0.366173
0.850000,0.232168,-0.162540,-0.620447,-1.002900,0.591160,0.363861
0.860000,0.230886,-0.161687,-0.618238,-1.003582,0.589011,0.361571
0.870000,0.229613,-0.160839,-0.616029,-1.004259,0.586877,0.359300
0.880000,0.228348,-0.159996,-0.613821,-1.004932,0.584756,0.357050
0.890000,0.227091,-0.159158,-0.611612,-1.005601,0.582650,0.354819
0.900000,0.225843,-0.158324,-0.609403,-1.006265,0.580558,0.352608
0.910000,0.224602,-0.157495,-0.607195,-1.006926,0.578479,0.350416
0.920000,0.223370,-0.156671,-0.604988,-1.007582,0.576414,0.348243
0.930000,0.222146,-0.155852,-0.602781,-1.008235,0.574363,0.346089
0.940000,0.220929,-0.155037,-0.600574,-1.008883,0.572324,0.343953
0.950000,0.219721,-0.154227,-0.598369,-1.009527,0.570299,0.341836
0.960000,0.218520,-0.153422,-0.596164,-1.010167,0.568287,0.339736
0.970000,0.217327,-0.152621,-0.593960,-1.010804,0.566288,0.337654
0.980000,0.216141,-0.151825,-0.591758,-1.011436,0.564302,0.335589
0.990000,0.214964,-0.151033,-0.589557,-1.012064,0.562328,0.333542
1.000000,0.213793,-0.150246,-0.587357,-1.012689,0.560366,0.331512
1.010000,0.212630,-0.149463,-0.585158,-1.013309,0.558417,0.329498
1.020000,0.211475,-0.148685,-0.582961,-1.013926,0.556480,0.327501
1.030000,0.210326,-0.147911,-0.580766,-1.014539,0.554556,0.325521
1.040000,0.209185,-0.147141,-0.578572,-1.015148,0.552643,0.323556
1.050000,0.208051,-0.146376,-0.576381,-1.015753,0.550742,0.321608
1.060000,0.206925,-0.145615,-0.574191,-1.016355,0.548853,0.319675
1.070000,0.205805,-0.144858,-0.572003,-1.016953,0.546975,0.317757
1.080000,0.204692,-0.144106,-0.569818,-1.017547,0.545109,0.315855
1.090000,0.203586,-0.143357,-0.567634,-1.018137,0.543254,0.313969
1.100000,0.202487,-0.142613,-0.565453,-1.018724,0.541410,0.312097
1.110000,0.201395,-0.141873,-0.563275,-1.019307,0.539577,0.310240
1.120000,0.200310,-0.141138,-0.561099,-1.019886,0.537756,0.308397
1.130000,0.199232,-0.140406,-0.558925,-1.020462,0.535945,0.306569
1.140000,0.198160,-0.139678,-0.556754,-1.021034,0.534145,0.304755
1.150000,0.197094,-0.138955,-0.554586,-1.021603,0.532356,0.302955
1.160000,0.196036,-0.138235,-0.552421,-1.022168,0.530577,0.301169
1.170000,0.194983,-0.137520,-0.550258,-1.022729,0.528809,0.299397
1.180000,0.193937,-0.136808,-0.548099,-1.023287,0.527051,0.297639
1.190000,0.192898,-0.136101,-0.545943,-1.023842,0.525304,0.295893
1.200000,0.191865,-0.135397,-0.543789,-1.024393,0.523566,0.294161
1.210000,0.190838,-0.134697,-0.541639,-1.024940,0.521839,0.292443
1.220000,0.189817,-0.134001,-0.539493,-1.025484,0.520121,0.290737
1.230000,0.188803,-0.133309,-0.537349,-1.026025,0.518414,0.289044
1.240000,0.187795,-0.132621,-0.535210,-1.026562,0.516716,0.287363
1.250000,0.186793,-0.131937,-0.533073,-1.027096,0.515028,0.285695
1.260000,0.185797,-0.131256,-0.530940,-1.027627,0.513349,0.284040
1.270000,0.184806,-0.130579,-0.528811,-1.028154,0.511680,0.282397
1.280000,0.183822,-0.129906,-0.526686,-1.028678,0.510021,0.280765
1.290000,0.182844,-0.129236,-0.524564,-1.029199,0.508370,0.279146
1.300000,0.181872,-0.128570,-0.522447,-1.029717,0.506729,0.277539
1.310000,0.180905,-0.127908,-0.520333,-1.030231,0.505097,0.275943
1.320000,0.179944,-0.127249,-0.518223,-1.030742,0.503474,0.274359
1.330000,0.178989,-0.126594,-0.516117,-1.031250,0.501860,0.272787
1.340000,0.178039,-0.125943,-0.514015,-1.031755,0.500255,0.271225
1.350000,0.177096,-0.125295,-0.511918,-1.032256,0.498659,0.269675
1.360000,0.176157,-0.124651,-0.509824,-1.032754,0.497071,0.268136
1.370000,0.175225,-0.124010,-0.507735,-1.033250,0.495492,0.266608
1.380000,0.174298,-0.123373,-0.505650,-1.033742,0.493922,0.265091
1.390000,0.173376,-0.122739,-0.503570,-1.034231,0.492360,0.263585
1.400000,0.172460,-0.122108,-0.501494,-1.034717,0.490806,0.262089
1.410000,0.171549,-0.121481,-0.499423,-1.035199,0.489261,0.260604
1.420000,0.170643,-0.120858,-0.497356,-1.035679,0.487724,0.259129
1.430000,0.169743,-0.120238,-0.495293,-1.036156,0.486196,0.257664
1.440000,0.168848,-0.119621,-0.493236,-1.036630,0.484675,0.256210
1.450000,0.167958,-0.119007,-0.491182,-1.037101,0.483162,0.254766
1.460000,0.167073,-0.118397,-0.489134,-1.037569,0.481658,0.253332
1.470000,0.166194,-0.117790,-0.487091,-1.038034,0.480161,0.251907
1.480000,0.165320,-0.117186,-0.485052,-1.038496,0.478672,0.250493
1.490000,0.164450,-0.116586,-0.483018,-1.038955,0.477191,0.249088
1.500000,0.163586,-0.115989,-0.480989,-1.039411,0.475718,0.247693
1.510000,0.162727,-0.115395,-0.478965,-1.039865,0.474252,0.246307
1.520000,0.161873,-0.114804,-0.476946,-1.040315,0.472793,0.244931
1.530000,0.161023,-0.114217,-0.474932,-1.040763,0.471343,0.243564
1.540000,0.160179,-0.113632,-0.472923,-1.041208,0.469899,0.242206
1.550000,0.159339,-0.113051,-0.470919,-1.041650,0.468463,0.240858
1.560000,0.158505,-0.112473,-0.468921,-1.042089,0.467034,0.239518
1.570000,0.157675,-0.111898,-0.466927,-1.042526,0.465613,0.238188
1.580000,0.156850,-0.111326,-0.464939,-1.042959,0.464199,0.236866
1.590000,0.156029,-0.110757,-0.462956,-1.043390,0.462791,0.235553
1.600000,0.155213,-0.110191,-0.460978,-1.043819,0.461391,0.234249
1.610000,0.154402,-0.109629,-0.459006,-1.044244,0.459998,0.232954
1.620000,0.153596,-0.109069,-0.457039,-1.044667,0.458612,0.231667
1.630000,0.152794,-0.108512,-0.455077,-1.045088,0.457232,0.230388
1.640000,0.151996,-0.107958,-0.453121,-1.045505,0.455860,0.229118
1.650000,0.151203,-0.107407,-0.451170,-1.045920,0.454494,0.227857
1.660000,0.150415,-0.106859,-0.449225,-1.046333,0.453135,0.226603
1.670000,0.149631,-0.106314,-0.447285,-1.046742,0.451783,0.225358
1.680000,0.148852,-0.105772,-0.445351,-1.047150,0.450437,0.224121
1.690000,0.148077,-0.105233,-0.443422,-1.047554,0.449098,0.222891
1.700000,0.147306,-0.104697,-0.441499,-1.047956,0.447765,0.221670
1.710000,0.146540,-0.104163,-0.439581,-1.048356,0.446438,0.220457
1.720000,0.145778,-0.103632,-0.437669,-1.048753,0.445119,0.219251
1.730000,0.145020,-0.103105,-0.435763,-1.049147,0.443805,0.218053
1.740000,0.144267,-0.102580,-0.433862,-1.049539,0.442498,0.216863
1.750000,0.143517,-0.102057,-0.431967,-1.049929,0.441196,0.215681
1.760000,0.142772,-0.101538,-0.430078,-1.050316,0.439902,0.214506
1.770000,0.142031,-0.101021,-0.428195,-1.050701,0.438613,0.213338
1.780000,0.141295,-0.100507,-0.426317,-1.051083,0.437330,0.212178
1.790000,0.140562,-0.099996,-0.424445,-1.051463,0.436053,0.211025
1.800000,0.139833,-0.099487,-0.422579,-1.051840,0.434783,0.209880
1.810000,0.139109,-0.098981,-0.420719,-1.052215,0.433518,0.208742
1.820000,0.138389,-0.098478,-0.418864,-1.052588,0.432259,0.207611
1.830000,0.137672,-0.097977,-0.417016,-1.052958,0.431006,0.206487
1.840000,0.136960,-0.097479,-0.415173,-1.053326,0.429759,0.205370
1.850000,0.136251,-0.096984,-0.413336,-1.053691,0.428518,0.204260
1.860000,0.135546,-0.096491,-0.411505,-1.054055,0.427282,0.203157
1.870000,0.134846,-0.096001,-0.409680,-1.054416,0.426052,0.202060
1.880000,0.134149,-0.095514,-0.407861,-1.054774,0.424828,0.200971
1.890000,0.133456,-0.095029,-0.406048,-1.055131,0.423609,0.199888
1.900000,0.132767,-0.094546,-0.404241,-1.055485,0.422396,0.198812
1.910000,0.132082,-0.094066,-0.402440,-1.055837,0.421188,0.197743
1.920000,0.131400,-0.093589,-0.400644,-1.056187,0.419985,0.196680
1.930000,0.130722,-0.093114,-0.398855,-1.056534,0.418789,0.195624
1.940000,0.130048,-0.092642,-0.397072,-1.056880,0.417597,0.194574
1.950000,0.129378,-0.092172,-0.395294,-1.057223,0.416411,0.193531
1.960000,0.128711,-0.091704,-0.393523,-1.057564,0.415230,0.192494
1.970000,0.128048,-0.091239,-0.391758,-1.057902,0.414054,0.191463
1.980000,0.127388,-0.090777,-0.389998,-1.058239,0.412884,0.190439
1.990000,0.126733,-0.090316,-0.388245,-1.058573,0.411719,0.189421
2.000000,0.126080,-0.089859,-0.386498,-1.058906,0.410559,0.188409
2.010000,0.125432,-0.089403,-0.384757,-1.059236,0.409404,0.187403
2.020000,0.124787,-0.088950,-0.383022,-1.059564,0.408254,0.186403
2.030000,0.124145,-0.088500,-0.381293,-1.059890,0.407109,0.185409
2.040000,0.123507,-0.088052,-0.379570,-1.060214,0.405969,0.184422
2.050000,0.122872,-0.087606,-0.377853,-1.060536,0.404834,0.183440
2.060000,0.122241,-0.087162,-0.376142,-1.060856,0.403704,0.182464
2.070000,0.121613,-0.086721,-0.374438,-1.061174,0.402579,0.181494
2.080000,0.120989,-0.086282,-0.372739,-1.061490,0.401459,0.180529
2.090000,0.120368,-0.085845,-0.371046,-1.061804,0.400344,0.179571
2.100000,0.119750,-0.085411,-0.369360,-1.062116,0.399233,0.178618
2.110000,0.119136,-0.084979,-0.367679,-1.062426,0.398127,0.177670
2.120000,0.118525,-0.084549,-0.366005,-1.062734,0.397026,0.176729
2.130000,0.117918,-0.084121,-0.364337,-1.063040,0.395930,0.175793
2.140000,0.117313,-0.083696,-0.362675,-1.063344,0.394838,0.174862
2.150000,0.116712,-0.083272,-0.361019,-1.063646,0.393751,0.173937
2.160000,0.116114,-0.082851,-0.359369,-1.063946,0.392668,0.173018
2.170000,0.115520,-0.082432,-0.357725,-1.064244,0.391590,0.172103
2.180000,0.114928,-0.082016,-0.356087,-1.064541,0.390516,0.171195
2.190000,0.114340,-0.081601,-0.354456,-1.064835,0.389447,0.170291
2.200000,0.113755,-0.081189,-0.352830,-1.065128,0.388383,0.169393
2.210000,0.113173,-0.080779,-0.351211,-1.065419,0.387322,0.168500
2.220000,0.112594,-0.080371,-0.349597,-1.065708,0.386267,0.167612
2.230000,0.112019,-0.079965,-0.347990,-1.065995,0.385215,0.166730
2.240000,0.111446,-0.079561,-0.346389,-1.066280,0.384168,0.165852
2.250000,0.110876,-0.079159,-0.344793,-1.066563,0.383126,0.164980
2.260000,0.110310,-0.078759,-0.343204,-1.066845,0.382087,0.164113
2.270000,0.109746,-0.078362,-0.341621,-1.067125,0.381053,0.163250
2.280000,0.109186,-0.077966,-0.340044,-1.067403,0.380023,0.162393
2.290000,0.108629,-0.077572,-0.338473,-1.067679,0.378997,0.161541
2.300000,0.108074,-0.077181,-0.336908,-1.067954,0.377975,0.160693
2.310000,0.107523,-0.076791,-0.335349,-1.068227,0.376958,0.159851
2.320000,0.106974,-0.076404,-0.333797,-1.068498,0.375944,0.159013
2.330000,0.106428,-0.076019,-0.332250,-1.068767,0.374935,0.158180
2.340000,0.105886,-0.075635,-0.330709,-1.069035,0.373930,0.157352
2.350000,0.105346,-0.075254,-0.329174,-1.069301,0.372929,0.156529
2.360000,0.104809,-0.074874,-0.327646,-1.069565,0.371931,0.155710
2.370000,0.104275,-0.074496,-0.326123,-1.069827,0.370938,0.154896
2.380000,0.103743,-0.074121,-0.324606,-1.070088,0.369949,0.154087
2.390000,0.103215,-0.073747,-0.323096,-1.070348,0.368964,0.153282
2.400000,0.102689,-0.073375,-0.321591,-1.070605,0.367982,0.152482
2.410000,0.102166,-0.073005,-0.320092,-1.070861,0.367005,0.151686
2.420000,0.101646,-0.072637,-0.318599,-1.071115,0.366031,0.150895
2.430000,0.101129,-0.072271,-0.317112,-1.071368,0.365061,0.150109
2.440000,0.100614,-0.071907,-0.315632,-1.071619,0.364095,0.149327
2.450000,0.100102,-0.071545,-0.314157,-1.071869,0.363132,0.148549
2.460000,0.099593,-0.071184,-0.312688,-1.072117,0.362174,0.147775
2.470000,0.099087,-0.070826,-0.311224,-1.072363,0.361219,0.147006
2.480000,0.098583,-0.070469,-0.309767,-1.072608,0.360268,0.146242
2.490000,0.098082,-0.070114,-0.308316,-1.072851,0.359320,0.145482
2.500000,0.097583,-0.069761,-0.306871,-1.073092,0.358377,0.144725
2.510000,0.097087,-0.069410,-0.305431,-1.073333,0.357436,0.143974
2.520000,0.096594,-0.069060,-0.303997,-1.073571,0.356500,0.143226
2.530000,0.096103,-0.068713,-0.302570,-1.073808,0.355567,0.142483
2.540000,0.095615,-0.068367,-0.301148,-1.074044,0.354637,0.141743
2.550000,0.095130,-0.068022,-0.299732,-1.074278,0.353712,0.141008
2.560000,0.094647,-0.067680,-0.298321,-1.074510,0.352789,0.140277
2.570000,0.094166,-0.067339,-0.296917,-1.074741,0.351870,0.139550
2.580000,0.093688,-0.067001,-0.295518,-1.074971,0.350955,0.138827
2.590000,0.093213,-0.066663,-0.294125,-1.075199,0.350043,0.138108
2.600000,0.092740,-0.066328,-0.292738,-1.075426,0.349135,0.137394
2.610000,0.092269,-0.065994,-0.291357,-1.075651,0.348230,0.136683
2.620000,0.091801,-0.065662,-0.289981,-1.075875,0.347328,0.135976
2.630000,0.091336,-0.065332,-0.288611,-1.076097,0.346430,0.135273
2.640000,0.090873,-0.065003,-0.287247,-1.076318,0.345535,0.134573
2.650000,0.090412,-0.064677,-0.285889,-1.076537,0.344643,0.133878
2.660000,0.089954,-0.064351,-0.284536,-1.076756,0.343755,0.133187
2.670000,0.089498,-0.064028,-0.283189,-1.076972,0.342870,0.132499
2.680000,0.089045,-0.063706,-0.281848,-1.077188,0.341988,0.131815
2.690000,0.088594,-0.063385,-0.280512,-1.077402,0.341110,0.131135
2.700000,0.088145,-0.063067,-0.279182,-1.077614,0.340234,0.130459
2.710000,0.087698,-0.062750,-0.277858,-1.077825,0.339362,0.129786
2.720000,0.087254,-0.062434,-0.276539,-1.078035,0.338494,0.129117
2.730000,0.086813,-0.062121,-0.275226,-1.078244,0.337628,0.128452
2.740000,0.086373,-0.061808,-0.273918,-1.078451,0.336765,0.127790
2.750000,0.085936,-0.061498,-0.272616,-1.078657,0.335906,0.127132
2.760000,0.085501,-0.061189,-0.271320,-1.078862,0.335050,0.126478
2.770000,0.085068,-0.060881,-0.270029,-1.079065,0.334197,0.125827
2.780000,0.084638,-0.060575,-0.268744,-1.079267,0.333347,0.125180
2.790000,0.084210,-0.060271,-0.267464,-1.079468,0.332500,0.124536
2.800000,0.083784,-0.059968,-0.266189,-1.079667,0.331656,0.123896
2.810000,0.083360,-0.059667,-0.264921,-1.079865,0.330815,0.123259
2.820000,0.082939,-0.059367,-0.263657,-1.080062,0.329977,0.122626
2.830000,0.082520,-0.059069,-0.262399,-1.080258,0.329142,0.121996
2.840000,0.082102,-0.058773,-0.261147,-1.080452,0.328310,0.121369
2.850000,0.081687,-0.058477,-0.259900,-1.080645,0.327481,0.120746
2.860000,0.081275,-0.058184,-0.258658,-1.080837,0.326655,0.120127
2.870000,0.080864,-0.057892,-0.257422,-1.081028,0.325832,0.119510
2.880000,0.080455,-0.057601,-0.256191,-1.081217,0.325012,0.118897
2.890000,0.080049,-0.057312,-0.254966,-1.081405,0.324195,0.118288
2.900000,0.079645,-0.057024,-0.253746,-1.081592,0.323381,0.117681
2.910000,0.079242,-0.056738,-0.252531,-1.081778,0.322569,0.117078
2.920000,0.078842,-0.056453,-0.251321,-1.081963,0.321761,0.116478
2.930000,0.078444,-0.056170,-0.250117,-1.082146,0.320955,0.115882
2.940000,0.078048,-0.055888,-0.248918,-1.082329,0.320152,0.115288
2.950000,0.077654,-0.055607,-0.247725,-1.082510,0.319352,0.114698
2.960000,0.077262,-0.055328,-0.246536,-1.082690,0.318554,0.114111
2.970000,0.076872,-0.055051,-0.245353,-1.082869,0.317760,0.113527
2.980000,0.076484,-0.054774,-0.244175,-1.083046,0.316968,0.112947
2.990000,0.076099,-0.054500,-0.243003,-1.083223,0.316179,0.112369
3.000000,0.075715,-0.054226,-0.241835,-1.083398,0.315392,0.111795
3.010000,0.075333,-0.053954,-0.240673,-1.083572,0.314608,0.111223
3.020000,0.074953,-0.053684,-0.239516,-1.083746,0.313827,0.110655
3.030000,0.074575,-0.053414,-0.238364,-1.083918,0.313049,0.110090
3.040000,0.074199,-0.053146,-0.237217,-1.084089,0.312273,0.109527
3.050000,0.073825,-0.052880,-0.236075,-1.084259,0.311500,0.108968
3.060000,0.073452,-0.052615,-0.234938,-1.084427,0.310730,0.108412
3.070000,0.073082,-0.052351,-0.233807,-1.084595,0.309962,0.107858
3.080000,0.072714,-0.052088,-0.232680,-1.084762,0.309197,0.107308
3.090000,0.072347,-0.051827,-0.231559,-1.084927,0.308435,0.106761
3.100000,0.071983,-0.051567,-0.230442,-1.085092,0.307675,0.106216
3.110000,0.071620,-0.051309,-0.229331,-1.085255,0.306917,0.105675
3.120000,0.071259,-0.051051,-0.228224,-1.085418,0.306162,0.105136
3.130000,0.070900,-0.050795,-0.227123,-1.085579,0.305410,0.104600
3.140000,0.070543,-0.050541,-0.226026,-1.085739,0.304660,0.104067
3.150000,0.070188,-0.050287,-0.224934,-1.085899,0.303913,0.103537
3.160000,0.069834,-0.050035,-0.223848,-1.086057,0.303168,0.103009
3.170000,0.069483,-0.049785,-0.222766,-1.086214,0.302426,0.102485
3.180000,0.069133,-0.049535,-0.221689,-1.086370,0.301686,0.101963
3.190000,0.068785,-0.049287,-0.220617,-1.086526,0.300949,0.101444
3.200000,0.068438,-0.049040,-0.219550,-1.086680,0.300214,0.100928
3.210000,0.068094,-0.048794,-0.218487,-1.086833,0.299481,0.100414
3.220000,0.067751,-0.048550,-0.217430,-1.086986,0.298751,0.099903
3.230000,0.067410,-0.048306,-0.216377,-1.087137,0.298024,0.099395
3.240000,0.067071,-0.048064,-0.215329,-1.087287,0.297298,0.098890
3.250000,0.066733,-0.047823,-0.214286,-1.087437,0.296575,0.098387
3.260000,0.066398,-0.047584,-0.213248,-1.087585,0.295855,0.097887
3.270000,0.066064,-0.047345,-0.212214,-1.087732,0.295137,0.097389
3.280000,0.065731,-0.047108,-0.211185,-1.087879,0.294421,0.096894
3.290000,0.065401,-0.046872,-0.210161,-1.088025,0.293708,0.096402
3.300000,0.065072,-0.046637,-0.209141,-1.088169,0.292996,0.095912
3.310000,0.064744,-0.046404,-0.208126,-1.088313,0.292288,0.095425
3.320000,0.064419,-0.046171,-0.207116,-1.088456,0.291581,0.094941
3.330000,0.064095,-0.045940,-0.206110,-1.088598,0.290877,0.094459
3.340000,0.063772,-0.045710,-0.205109,-1.088739,0.290175,0.093979
3.350000,0.063452,-0.045481,-0.204113,-1.088879,0.289475,0.093502
3.360000,0.063133,-0.045253,-0.203121,-1.089018,0.288778,0.093028
3.370000,0.062815,-0.045027,-0.202134,-1.089156,0.288083,0.092556
3.380000,0.062500,-0.044801,-0.201151,-1.089294,0.287390,0.092087
3.390000,0.062186,-0.044577,-0.200173,-1.089430,0.286699,0.091620
3.400000,0.061873,-0.044354,-0.199199,-1.089566,0.286010,0.091155
3.410000,0.061562,-0.044132,-0.198230,-1.089701,0.285324,0.090693
3.420000,0.061253,-0.043911,-0.197265,-1.089835,0.284640,0.090233
3.430000,0.060945,-0.043691,-0.196305,-1.089968,0.283958,0.089776
3.440000,0.060639,-0.043472,-0.195349,-1.090100,0.283278,0.089321
3.450000,0.060334,-0.043255,-0.194398,-1.090231,0.282601,0.088868
3.460000,0.060031,-0.043038,-0.193451,-1.090362,0.281925,0.088418
3.470000,0.059730,-0.042823,-0.192508,-1.090491,0.281252,0.087970
3.480000,0.059429,-0.042608,-0.191570,-1.090620,0.280581,0.087525
3.490000,0.059131,-0.042395,-0.190636,-1.090748,0.279912,0.087082
3.500000,0.058834,-0.042183,-0.189707,-1.090876,0.279245,0.086641
3.510000,0.058539,-0.041972,-0.188781,-1.091002,0.278580,0.086202
3.520000,0.058245,-0.041762,-0.187861,-1.091127,0.277917,0.085766
3.530000,0.057952,-0.041552,-0.186944,-1.091252,0.277256,0.085332
3.540000,0.057661,-0.041345,-0.186032,-1.091376,0.276597,0.084900
3.550000,0.057372,-0.041138,-0.185124,-1.091499,0.275941,0.084471
3.560000,0.057084,-0.040932,-0.184220,-1.091622,0.275286,0.084043
3.570000,0.056797,-0.040727,-0.183320,-1.091743,0.274634,0.083618
3.580000,0.056512,-0.040523,-0.182425,-1.091864,0.273983,0.083196
3.590000,0.056228,-0.040320,-0.181533,-1.091984,0.273335,0.082775
3.600000,0.055946,-0.040119,-0.180646,-1.092104,0.272688,0.082356
3.610000,0.055665,-0.039918,-0.179763,-1.092222,0.272044,0.081940
3.620000,0.055386,-0.039718,-0.178885,-1.092340,0.271401,0.081526
3.630000,0.055108,-0.039519,-0.178010,-1.092457,0.270760,0.081114
3.640000,0.054832,-0.039322,-0.177140,-1.092573,0.270122,0.080704
3.650000,0.054557,-0.039125,-0.176273,-1.092688,0.269485,0.080297
3.660000,0.054283,-0.038929,-0.175411,-1.092803,0.268851,0.079891
3.670000,0.054011,-0.038735,-0.174552,-1.092917,0.268218,0.079487
3.680000,0.053740,-0.038541,-0.173698,-1.093031,0.267587,0.079086
3.690000,0.053470,-0.038348,-0.172848,-1.093143,0.266958,0.078687
3.700000,0.053202,-0.038156,-0.172002,-1.093255,0.266331,0.078289
3.710000,0.052935,-0.037965,-0.171159,-1.093366,0.265706,0.077894
3.720000,0.052670,-0.037775,-0.170321,-1.093476,0.265083,0.077501
3.730000,0.052405,-0.037586,-0.169487,-1.093586,0.264462,0.077110
3.740000,0.052143,-0.037399,-0.168656,-1.093695,0.263842,0.076721
3.750000,0.051881,-0.037211,-0.167830,-1.093803,0.263225,0.076334
3.760000,0.051621,-0.037025,-0.167007,-1.093911,0.262609,0.075948
3.770000,0.051362,-0.036840,-0.166188,-1.094018,0.261995,0.075565
3.780000,0.051105,-0.036656,-0.165374,-1.094124,0.261383,0.075184
3.790000,0.050848,-0.036473,-0.164563,-1.094230,0.260773,0.074805
3.800000,0.050594,-0.036290,-0.163756,-1.094335,0.260165,0.074428
3.810000,0.050340,-0.036109,-0.162952,-1.094439,0.259558,0.074052
3.820000,0.050088,-0.035928,-0.162153,-1.094542,0.258954,0.073679
3.830000,0.049837,-0.035749,-0.161357,-1.094645,0.258351,0.073308
3.840000,0.049587,-0.035570,-0.160565,-1.094747,0.257750,0.072938
3.850000,0.049338,-0.035392,-0.159777,-1.094849,0.257151,0.072571
3.860000,0.049091,-0.035215,-0.158993,-1.094950,0.256553,0.072205
3.870000,0.048845,-0.035039,-0.158212,-1.095050,0.255957,0.071841
3.880000,0.048600,-0.034864,-0.157435,-1.095150,0.255363,0.071479
3.890000,0.048357,-0.034689,-0.156662,-1.095248,0.254771,0.071119
3.900000,0.048114,-0.034516,-0.155892,-1.095347,0.254181,0.070761
3.910000,0.047873,-0.034343,-0.155126,-1.095444,0.253592,0.070404
3.920000,0.047633,-0.034172,-0.154364,-1.095542,0.253005,0.070050
3.930000,0.047395,-0.034001,-0.153605,-1.095638,0.252420,0.069697
3.940000,0.047157,-0.033831,-0.152850,-1.095734,0.251836,0.069346
3.950000,0.046921,-0.033662,-0.152099,-1.095829,0.251254,0.068997
3.960000,0.046686,-0.033494,-0.151351,-1.095924,0.250674,0.068649
3.970000,0.046452,-0.033326,-0.150606,-1.096018,0.250096,0.068304
3.980000,0.046220,-0.033160,-0.149866,-1.096111,0.249519,0.067960
3.990000,0.045988,-0.032994,-0.149129,-1.096204,0.248944,0.067618
4.000000,0.045758,-0.032829,-0.148395,-1.096296,0.248371,0.067277
4.010000,0.045529,-0.032665,-0.147665,-1.096387,0.247799,0.066939
4.020000,0.045301,-0.032502,-0.146938,-1.096478,0.247229,0.066602
4.030000,0.045074,-0.032339,-0.146215,-1.096569,0.246660,0.066267
4.040000,0.044848,-0.032178,-0.145495,-1.096659,0.246094,0.065934
4.050000,0.044623,-0.032017,-0.144779,-1.096748,0.245528,0.065602
4.060000,0.044400,-0.031857,-0.144066,-1.096837,0.244965,0.065272
4.070000,0.044178,-0.031697,-0.143357,-1.096925,0.244403,0.064944
4.080000,0.043956,-0.031539,-0.142651,-1.097012,0.243843,0.064617
4.090000,0.043736,-0.031381,-0.141948,-1.097099,0.243284,0.064292
4.100000,0.043517,-0.031225,-0.141249,-1.097186,0.242727,0.063969
4.110000,0.043300,-0.031069,-0.140553,-1.097272,0.242172,0.063647
4.120000,0.043083,-0.030913,-0.139860,-1.097357,0.241618,0.063327
4.130000,0.042867,-0.030759,-0.139171,-1.097442,0.241065,0.063009
4.140000,0.042653,-0.030605,-0.138485,-1.097526,0.240515,0.062692
4.150000,0.042439,-0.030452,-0.137803,-1.097609,0.239966,0.062377
4.160000,0.042227,-0.030300,-0.137123,-1.097693,0.239418,0.062063
4.170000,0.042015,-0.030149,-0.136447,-1.097775,0.238872,0.061752
4.180000,0.041805,-0.029998,-0.135775,-1.097857,0.238328,0.061441
4.190000,0.041596,-0.029848,-0.135105,-1.097939,0.237785,0.061132
4.200000,0.041388,-0.029699,-0.134439,-1.098020,0.237243,0.060825
4.210000,0.041180,-0.029551,-0.133776,-1.098100,0.236703,0.060520
4.220000,0.040974,-0.029403,-0.133116,-1.098180,0.236165,0.060216
4.230000,0.040769,-0.029256,-0.132459,-1.098260,0.235628,0.059913
4.240000,0.040565,-0.029110,-0.131805,-1.098339,0.235093,0.059612
4.250000,0.040362,-0.028965,-0.131155,-1.098417,0.234559,0.059313
4.260000,0.040160,-0.028820,-0.130508,-1.098495,0.234027,0.059015
4.270000,0.039959,-0.028676,-0.129864,-1.098573,0.233496,0.058719
4.280000,0.039760,-0.028533,-0.129223,-1.098650,0.232967,0.058424
4.290000,0.039561,-0.028390,-0.128585,-1.098726,0.232439,0.058130
4.300000,0.039363,-0.028248,-0.127950,-1.098802,0.231912,0.057838
4.310000,0.039166,-0.028107,-0.127318,-1.098877,0.231387,0.057548
4.320000,0.038970,-0.027967,-0.126689,-1.098952,0.230864,0.057259
4.330000,0.038775,-0.027827,-0.126064,-1.099027,0.230342,0.056972
4.340000,0.038581,-0.027688,-0.125441,-1.099101,0.229822,0.056686
4.350000,0.038388,-0.027550,-0.124821,-1.099174,0.229302,0.056401
4.360000,0.038196,-0.027412,-0.124205,-1.099248,0.228785,0.056118
4.370000,0.038005,-0.027275,-0.123591,-1.099320,0.228269,0.055836
4.380000,0.037815,-0.027139,-0.122980,-1.099392,0.227754,0.055556
4.390000,0.037626,-0.027003,-0.122373,-1.099464,0.227240,0.055278
4.400000,0.037437,-0.026869,-0.121768,-1.099535,0.226729,0.055000
4.410000,0.037250,-0.026734,-0.121166,-1.099606,0.226218,0.054724
4.420000,0.037064,-0.026601,-0.120567,-1.099676,0.225709,0.054450
4.430000,0.036879,-0.026468,-0.119971,-1.099746,0.225201,0.054176
4.440000,0.036694,-0.026336,-0.119378,-1.099815,0.224695,0.053905
4.450000,0.036511,-0.026204,-0.118788,-1.099884,0.224190,0.053634
4.460000,0.036328,-0.026073,-0.118201,-1.099953,0.223686,0.053365
4.470000,0.036146,-0.025943,-0.117616,-1.100021,0.223184,0.053098
4.480000,0.035966,-0.025814,-0.117034,-1.100089,0.222683,0.052831
4.490000,0.035786,-0.025685,-0.116456,-1.100156,0.222184,0.052566
4.500000,0.035607,-0.025556,-0.115880,-1.100223,0.221686,0.052303
4.510000,0.035429,-0.025429,-0.115306,-1.100289,0.221189,0.052040
4.520000,0.035252,-0.025302,-0.114736,-1.100355,0.220694,0.051779
4.530000,0.035075,-0.025175,-0.114168,-1.100420,0.220200,0.051520
4.540000,0.034900,-0.025050,-0.113603,-1.100485,0.219707,0.051262
4.550000,0.034726,-0.024925,-0.113041,-1.100550,0.219216,0.051005
4.560000,0.034552,-0.024800,-0.112482,-1.100614,0.218726,0.050749
4.570000,0.034379,-0.024676,-0.111925,-1.100678,0.218237,0.050494
4.580000,0.034207,-0.024553,-0.111371,-1.100741,0.217750,0.050241
4.590000,0.034036,-0.024430,-0.110820,-1.100804,0.217264,0.049989
4.600000,0.033866,-0.024308,-0.110271,-1.100867,0.216779,0.049739
4.610000,0.033697,-0.024187,-0.109725,-1.100929,0.216295,0.049490
4.620000,0.033528,-0.024066,-0.109182,-1.100991,0.215813,0.049242
4.630000,0.033361,-0.023946,-0.108642,-1.101052,0.215332,0.048995
4.640000,0.033194,-0.023827,-0.108104,-1.101113,0.214853,0.048749
4.650000,0.033028,-0.023708,-0.107568,-1.101174,0.214375,0.048505
4.660000,0.032863,-0.023589,-0.107036,-1.101234,0.213898,0.048262
4.670000,0.032699,-0.023471,-0.106505,-1.101294,0.213422,0.048020
4.680000,0.032535,-0.023354,-0.105978,-1.101353,0.212947,0.047780
4.690000,0.032373,-0.023238,-0.105453,-1.101412,0.212474,0.047540
4.700000,0.032211,-0.023122,-0.104931,-1.101471,0.212002,0.047302
4.710000,0.032050,-0.023006,-0.104411,-1.101529,0.211532,0.047065
4.720000,0.031890,-0.022891,-0.103894,-1.101587,0.211062,0.046829
4.730000,0.031730,-0.022777,-0.103379,-1.101645,0.210594,0.046595
4.740000,0.031572,-0.022663,-0.102866,-1.101702,0.210127,0.046361
4.750000,0.031414,-0.022550,-0.102357,-1.101759,0.209661,0.046129
4.760000,0.031257,-0.022438,-0.101850,-1.101815,0.209197,0.045898
4.770000,0.031101,-0.022326,-0.101345,-1.101871,0.208734,0.045668
4.780000,0.030946,-0.022214,-0.100842,-1.101927,0.208272,0.045439
4.790000,0.030791,-0.022103,-0.100343,-1.101982,0.207811,0.045212
4.800000,0.030637,-0.021993,-0.099845,-1.102037,0.207351,0.044985
4.810000,0.030484,-0.021883,-0.099350,-1.102092,0.206893,0.044760
4.820000,0.030332,-0.021774,-0.098858,-1.102146,0.206436,0.044536
4.830000,0.030180,-0.021665,-0.098368,-1.102200,0.205980,0.044313
4.840000,0.030029,-0.021557,-0.097880,-1.102254,0.205525,0.044091
4.850000,0.029879,-0.021449,-0.097395,-1.102307,0.205072,0.043870
4.860000,0.029730,-0.021342,-0.096912,-1.102360,0.204619,0.043651
4.870000,0.029581,-0.021236,-0.096431,-1.102413,0.204168,0.043432
4.880000,0.029434,-0.021130,-0.095953,-1.102465,0.203718,0.043215
4.890000,0.029287,-0.021024,-0.095477,-1.102517,0.203269,0.042998
4.900000,0.029140,-0.020919,-0.095003,-1.102568,0.202822,0.042783
4.910000,0.028995,-0.020815,-0.094532,-1.102620,0.202375,0.042569
4.920000,0.028850,-0.020711,-0.094063,-1.102670,0.201930,0.042356
4.930000,0.028706,-0.020608,-0.093597,-1.102721,0.201486,0.042144
4.940000,0.028562,-0.020505,-0.093132,-1.102771,0.201043,0.041933
4.950000,0.028420,-0.020402,-0.092670,-1.102821,0.200601,0.041723
4.960000,0.028278,-0.020301,-0.092210,-1.102871,0.200160,0.041514
4.970000,0.028136,-0.020199,-0.091753,-1.102920,0.199720,0.041307
4.980000,0.027996,-0.020098,-0.091298,-1.102969,0.199282,0.041100
4.990000,0.027856,-0.019998,-0.090845,-1.103018,0.198845,0.040894
5.000000,0.027717,-0.019898,-0.090394,-1.103066,0.198408,0.040690
5.010000,0.027578,-0.019799,-0.089945,-1.103114,0.197973,0.040486
5.020000,0.027441,-0.019700,-0.089499,-1.103162,0.197540,0.040283
5.030000,0.027304,-0.019602,-0.089055,-1.103209,0.197107,0.040082
5.040000,0.027167,-0.019504,-0.088613,-1.103256,0.196675,0.039881
5.050000,0.027031,-0.019407,-0.088173,-1.103303,0.196244,0.039682
5.060000,0.026896,-0.019310,-0.087735,-1.103349,0.195815,0.039483
5.070000,0.026762,-0.019213,-0.087300,-1.103396,0.195387,0.039286
5.080000,0.026628,-0.019117,-0.086866,-1.103442,0.194959,0.039089
5.090000,0.026495,-0.019022,-0.086435,-1.103487,0.194533,0.038894
5.100000,0.026363,-0.018927,-0.086006,-1.103532,0.194108,0.038699
5.110000,0.026231,-0.018833,-0.085579,-1.103577,0.193684,0.038505
5.120000,0.026100,-0.018739,-0.085154,-1.103622,0.193261,0.038313
5.130000,0.025970,-0.018645,-0.084731,-1.103667,0.192839,0.038121
5.140000,0.025840,-0.018552,-0.084310,-1.103711,0.192418,0.037931
5.150000,0.025711,-0.018459,-0.083892,-1.103755,0.191999,0.037741
5.160000,0.025583,-0.018367,-0.083475,-1.103798,0.191580,0.037552
5.170000,0.025455,-0.018276,-0.083060,-1.103842,0.191162,0.037364
5.180000,0.025328,-0.018184,-0.082648,-1.103885,0.190746,0.037177
5.190000,0.025202,-0.018094,-0.082237,-1.103927,0.190331,0.036991
5.200000,0.025076,-0.018003,-0.081829,-1.103970,0.189916,0.036806
5.210000,0.024950,-0.017914,-0.081422,-1.104012,0.189503,0.036622
5.220000,0.024826,-0.017824,-0.081018,-1.104054,0.189090,0.036439
5.230000,0.024702,-0.017735,-0.080615,-1.104096,0.188679,0.036257
5.240000,0.024579,-0.017647,-0.080215,-1.104137,0.188269,0.036076
5.250000,0.024456,-0.017559,-0.079816,-1.104178,0.187860,0.035895
5.260000,0.024334,-0.017471,-0.079420,-1.104219,0.187452,0.035716
5.270000,0.024212,-0.017384,-0.079025,-1.104260,0.187044,0.035537
5.280000,0.024091,-0.017297,-0.078633,-1.104300,0.186638,0.035360
5.290000,0.023971,-0.017211,-0.078242,-1.104340,0.186233,0.035183
5.300000,0.023851,-0.017125,-0.077853,-1.104380,0.185829,0.035007
5.310000,0.023732,-0.017039,-0.077466,-1.104419,0.185426,0.034832
5.320000,0.023614,-0.016954,-0.077081,-1.104459,0.185024,0.034658
5.330000,0.023496,-0.016870,-0.076698,-1.104498,0.184623,0.034484
5.340000,0.023379,-0.016786,-0.076317,-1.104536,0.184223,0.034312
5.350000,0.023262,-0.016702,-0.075938,-1.104575,0.183824,0.034140
5.360000,0.023146,-0.016618,-0.075560,-1.104613,0.183426,0.033970
5.370000,0.023030,-0.016535,-0.075185,-1.104651,0.183029,0.033800
5.380000,0.022915,-0.016453,-0.074811,-1.104689,0.182633,0.033631
5.390000,0.022801,-0.016371,-0.074439,-1.104727,0.182238,0.033463
5.400000,0.022687,-0.016289,-0.074069,-1.104764,0.181844,0.033296
5.410000,0.022574,-0.016208,-0.073701,-1.104801,0.181451,0.033129
5.420000,0.022461,-0.016127,-0.073335,-1.104838,0.181059,0.032964
5.430000,0.022349,-0.016047,-0.072970,-1.104875,0.180667,0.032799
5.440000,0.022237,-0.015966,-0.072607,-1.104911,0.180277,0.032635
5.450000,0.022126,-0.015887,-0.072246,-1.104947,0.179888,0.032472
5.460000,0.022016,-0.015807,-0.071887,-1.104983,0.179500,0.032310
5.470000,0.021906,-0.015729,-0.071530,-1.105019,0.179113,0.032148
5.480000,0.021796,-0.015650,-0.071174,-1.105054,0.178726,0.031987
5.490000,0.021688,-0.015572,-0.070820,-1.105089,0.178341,0.031828
5.500000,0.021579,-0.015494,-0.070468,-1.105124,0.177956,0.031668
5.510000,0.021472,-0.015417,-0.070118,-1.105159,0.177573,0.031510
5.520000,0.021364,-0.015340,-0.069769,-1.105194,0.177190,0.031353
5.530000,0.021258,-0.015264,-0.069422,-1.105228,0.176809,0.031196
5.540000,0.021152,-0.015187,-0.069077,-1.105262,0.176428,0.031040
5.550000,0.021046,-0.015112,-0.068733,-1.105296,0.176048,0.030885
5.560000,0.020941,-0.015036,-0.068392,-1.105329,0.175670,0.030731
5.570000,0.020836,-0.014961,-0.068051,-1.105363,0.175292,0.030577
5.580000,0.020732,-0.014887,-0.067713,-1.105396,0.174915,0.030424
5.590000,0.020629,-0.014812,-0.067376,-1.105429,0.174539,0.030272
5.600000,0.020526,-0.014738,-0.067041,-1.105462,0.174164,0.030121
5.610000,0.020424,-0.014665,-0.066708,-1.105494,0.173790,0.029971
5.620000,0.020322,-0.014592,-0.066376,-1.105527,0.173417,0.029821
5.630000,0.020220,-0.014519,-0.066046,-1.105559,0.173044,0.029672
5.640000,0.020119,-0.014446,-0.065717,-1.105591,0.172673,0.029524
5.650000,0.020019,-0.014374,-0.065390,-1.105623,0.172302,0.029376
5.660000,0.019919,-0.014303,-0.065065,-1.105654,0.171933,0.029229
5.670000,0.019819,-0.014231,-0.064741,-1.105686,0.171564,0.029083
5.680000,0.019721,-0.014160,-0.064419,-1.105717,0.171196,0.028938
5.690000,0.019622,-0.014090,-0.064099,-1.105748,0.170829,0.028793
5.700000,0.019524,-0.014019,-0.063780,-1.105778,0.170463,0.028650
5.710000,0.019427,-0.013949,-0.063463,-1.105809,0.170098,0.028506
5.720000,0.019330,-0.013880,-0.063147,-1.105839,0.169734,0.028364
5.730000,0.019233,-0.013810,-0.062833,-1.105869,0.169370,0.028222
5.740000,0.019137,-0.013742,-0.062520,-1.105899,0.169008,0.028081
5.750000,0.019042,-0.013673,-0.062209,-1.105929,0.168646,0.027941
5.760000,0.018947,-0.013605,-0.061899,-1.105959,0.168286,0.027802
5.770000,0.018852,-0.013537,-0.061591,-1.105988,0.167926,0.027663
5.780000,0.018758,-0.013469,-0.061285,-1.106017,0.167567,0.027525
5.790000,0.018664,-0.013402,-0.060980,-1.106046,0.167209,0.027387
5.800000,0.018571,-0.013335,-0.060676,-1.106075,0.166851,0.027250
5.810000,0.018479,-0.013269,-0.060375,-1.106104,0.166495,0.027114
5.820000,0.018386,-0.013203,-0.060074,-1.106132,0.166140,0.026979
5.830000,0.018295,-0.013137,-0.059775,-1.106160,0.165785,0.026844
5.840000,0.018203,-0.013071,-0.059478,-1.106188,0.165431,0.026710
5.850000,0.018112,-0.013006,-0.059182,-1.106216,0.165078,0.026576
5.860000,0.018022,-0.012941,-0.058887,-1.106244,0.164726,0.026444
5.870000,0.017932,-0.012876,-0.058594,-1.106272,0.164375,0.026312
5.880000,0.017843,-0.012812,-0.058302,-1.106299,0.164024,0.026180
5.890000,0.017754,-0.012748,-0.058012,-1.106326,0.163675,0.026049
5.900000,0.017665,-0.012685,-0.057723,-1.106353,0.163326,0.025919
5.910000,0.017577,-0.012621,-0.057436,-1.106380,0.162978,0.025790
5.920000,0.017489,-0.012558,-0.057150,-1.106407,0.162631,0.025661
5.930000,0.017402,-0.012496,-0.056866,-1.106433,0.162285,0.025533
5.940000,0.017315,-0.012433,-0.056583,-1.106459,0.161939,0.025405
5.950000,0.017229,-0.012371,-0.056301,-1.106486,0.161595,0.025279
5.960000,0.017143,-0.012310,-0.056021,-1.106512,0.161251,0.025152
5.970000,0.017057,-0.012248,-0.055742,-1.106537,0.160908,0.025027
5.980000,0.016972,-0.012187,-0.055464,-1.106563,0.160566,0.024902
5.990000,0.016887,-0.012126,-0.055188,-1.106588,0.160224,0.024777
6.000000,0.016803,-0.012066,-0.054914,-1.106614,0.159884,0.024654
6.010000,0.016719,-0.012006,-0.054640,-1.106639,0.159544,0.024531
6.020000,0.016636,-0.011946,-0.054368,-1.106664,0.159205,0.024408
6.030000,0.016553,-0.011886,-0.054097,-1.106689,0.158867,0.024286
6.040000,0.016470,-0.011827,-0.053828,-1.106713,0.158530,0.024165
6.050000,0.016388,-0.011768,-0.053560,-1.106738,0.158193,0.024044
6.060000,0.016306,-0.011709,-0.053293,-1.106762,0.157858,0.023924
6.070000,0.016225,-0.011651,-0.053028,-1.106786,0.157523,0.023805
6.080000,0.016144,-0.011593,-0.052764,-1.106811,0.157189,0.023686
6.090000,0.016063,-0.011535,-0.052501,-1.106834,0.156855,0.023568
6.100000,0.015983,-0.011477,-0.052240,-1.106858,0.156523,0.023450
6.110000,0.015903,-0.011420,-0.051980,-1.106882,0.156191,0.023333
6.120000,0.015824,-0.011363,-0.051721,-1.106905,0.155860,0.023216
6.130000,0.015745,-0.011306,-0.051463,-1.106928,0.155530,0.023100
6.140000,0.015666,-0.011250,-0.051207,-1.106952,0.155200,0.022985
6.150000,0.015588,-0.011194,-0.050952,-1.106974,0.154872,0.022870
6.160000,0.015510,-0.011138,-0.050699,-1.106997,0.154544,0.022756
6.170000,0.015433,-0.011082,-0.050446,-1.107020,0.154217,0.022643
6.180000,0.015356,-0.011027,-0.050195,-1.107043,0.153891,0.022530
6.190000,0.015279,-0.010972,-0.049945,-1.107065,0.153565,0.022417
6.200000,0.015203,-0.010917,-0.049696,-1.107087,0.153240,0.022305
6.210000,0.015127,-0.010863,-0.049449,-1.107109,0.152916,0.022194
6.220000,0.015052,-0.010809,-0.049202,-1.107131,0.152593,0.022083
6.230000,0.014977,-0.010755,-0.048957,-1.107153,0.152270,0.021973
6.240000,0.014902,-0.010701,-0.048714,-1.107175,0.151949,0.021863
6.250000,0.014828,-0.010648,-0.048471,-1.107196,0.151628,0.021754
6.260000,0.014754,-0.010595,-0.048230,-1.107218,0.151307,0.021645
6.270000,0.014680,-0.010542,-0.047989,-1.107239,0.150988,0.021537
6.280000,0.014607,-0.010489,-0.047750,-1.107260,0.150669,0.021430
6.290000,0.014534,-0.010437,-0.047512,-1.107281,0.150351,0.021323
6.300000,0.014461,-0.010385,-0.047276,-1.107302,0.150034,0.021216
6.310000,0.014389,-0.010333,-0.047040,-1.107323,0.149717,0.021110
6.320000,0.014317,-0.010281,-0.046806,-1.107343,0.149402,0.021005
6.330000,0.014246,-0.010230,-0.046573,-1.107364,0.149087,0.020900
6.340000,0.014175,-0.010179,-0.046341,-1.107384,0.148772,0.020796
6.350000,0.014104,-0.010128,-0.046110,-1.107404,0.148459,0.020692
6.360000,0.014034,-0.010078,-0.045880,-1.107424,0.148146,0.020589
6.370000,0.013964,-0.010028,-0.045652,-1.107444,0.147834,0.020486
6.380000,0.013894,-0.009978,-0.045425,-1.107464,0.147522,0.020384
6.390000,0.013825,-0.009928,-0.045198,-1.107483,0.147212,0.020282
6.400000,0.013756,-0.009878,-0.044973,-1.107503,0.146902,0.020181
6.410000,0.013687,-0.009829,-0.044749,-1.107522,0.146592,0.020080
6.420000,0.013619,-0.009780,-0.044526,-1.107542,0.146284,0.019980
6.430000,0.013551,-0.009731,-0.044304,-1.107561,0.145976,0.019880
6.440000,0.013483,-0.009683,-0.044084,-1.107580,0.145669,0.019781
6.450000,0.013416,-0.009634,-0.043864,-1.107599,0.145363,0.019682
6.460000,0.013349,-0.009586,-0.043646,-1.107618,0.145057,0.019584
6.470000,0.013283,-0.009538,-0.043428,-1.107636,0.144752,0.019486
6.480000,0.013216,-0.009491,-0.043212,-1.107655,0.144448,0.019389
6.490000,0.013150,-0.009443,-0.042996,-1.107673,0.144144,0.019292
6.500000,0.013085,-0.009396,-0.042782,-1.107692,0.143841,0.019196
6.510000,0.013019,-0.009349,-0.042569,-1.107710,0.143539,0.019100
6.520000,0.012954,-0.009303,-0.042357,-1.107728,0.143238,0.019005
6.530000,0.012890,-0.009256,-0.042146,-1.107746,0.142937,0.018910
6.540000,0.012826,-0.009210,-0.041936,-1.107764,0.142637,0.018815
6.550000,0.012762,-0.009164,-0.041727,-1.107781,0.142337,0.018721
6.560000,0.012698,-0.009119,-0.041519,-1.107799,0.142039,0.018628
6.570000,0.012634,-0.009073,-0.041312,-1.107817,0.141741,0.018535
6.580000,0.012571,-0.009028,-0.041107,-1.107834,0.141443,0.018443
6.590000,0.012509,-0.008983,-0.040902,-1.107851,0.141147,0.018350
6.600000,0.012446,-0.008938,-0.040698,-1.107868,0.140851,0.018259
6.610000,0.012384,-0.008893,-0.040495,-1.107885,0.140555,0.018168
6.620000,0.012322,-0.008849,-0.040293,-1.107902,0.140261,0.018077
6.630000,0.012261,-0.008805,-0.040093,-1.107919,0.139967,0.017987
6.640000,0.012200,-0.008761,-0.039893,-1.107936,0.139674,0.017897
6.650000,0.012139,-0.008717,-0.039694,-1.107953,0.139381,0.017808
6.660000,0.012078,-0.008674,-0.039496,-1.107969,0.139089,0.017719
6.670000,0.012018,-0.008631,-0.039299,-1.107986,0.138798,0.017631
6.680000,0.011958,-0.008588,-0.039104,-1.108002,0.138507,0.017543
6.690000,0.011899,-0.008545,-0.038909,-1.108018,0.138217,0.017455
6.700000,0.011839,-0.008502,-0.038715,-1.108034,0.137928,0.017368
6.710000,0.011780,-0.008460,-0.038522,-1.108050,0.137640,0.017281
6.720000,0.011721,-0.008417,-0.038330,-1.108066,0.137352,0.017195
6.730000,0.011663,-0.008375,-0.038139,-1.108082,0.137064,0.017109
6.740000,0.011605,-0.008334,-0.037949,-1.108097,0.136778,0.017024
6.750000,0.011547,-0.008292,-0.037760,-1.108113,0.136492,0.016939
6.760000,0.011489,-0.008251,-0.037572,-1.108129,0.136206,0.016854
6.770000,0.011432,-0.008210,-0.037384,-1.108144,0.135922,0.016770
6.780000,0.011375,-0.008169,-0.037198,-1.108159,0.135638,0.016686
6.790000,0.011318,-0.008128,-0.037013,-1.108174,0.135354,0.016603
6.800000,0.011262,-0.008087,-0.036828,-1.108189,0.135071,0.016520
6.810000,0.011205,-0.008047,-0.036645,-1.108204,0.134789,0.016438
6.820000,0.011150,-0.008007,-0.036462,-1.108219,0.134508,0.016356
6.830000,0.011094,-0.007967,-0.036281,-1.108234,0.134227,0.016274
6.840000,0.011039,-0.007927,-0.036100,-1.108249,0.133947,0.016193
6.850000,0.010983,-0.007888,-0.035920,-1.108263,0.133667,0.016112
6.860000,0.010929,-0.007848,-0.035741,-1.108278,0.133388,0.016032
6.870000,0.010874,-0.007809,-0.035563,-1.108292,0.133110,0.015952
6.880000,0.010820,-0.007770,-0.035385,-1.108307,0.132832,0.015872
6.890000,0.010766,-0.007731,-0.035209,-1.108321,0.132555,0.015793
6.900000,0.010712,-0.007693,-0.035034,-1.108335,0.132279,0.015714
6.910000,0.010659,-0.007654,-0.034859,-1.108349,0.132003,0.015636
6.920000,0.010606,-0.007616,-0.034685,-1.108363,0.131728,0.015558
6.930000,0.010553,-0.007578,-0.034512,-1.108377,0.131454,0.015480
6.940000,0.010500,-0.007541,-0.034340,-1.108391,0.131180,0.015403
6.950000,0.010448,-0.007503,-0.034169,-1.108404,0.130906,0.015326
6.960000,0.010396,-0.007465,-0.033999,-1.108418,0.130634,0.015250
6.970000,0.010344,-0.007428,-0.033830,-1.108431,0.130362,0.015173
6.980000,0.010292,-0.007391,-0.033661,-1.108445,0.130090,0.015098
6.990000,0.010241,-0.007354,-0.033493,-1.108458,0.129819,0.015022
7.000000,0.010190,-0.007318,-0.033326,-1.108471,0.129549,0.014947
7.010000,0.010139,-0.007281,-0.033160,-1.108485,0.129279,0.014873
7.020000,0.010088,-0.007245,-0.032995,-1.108498,0.129010,0.014799
7.030000,0.010038,-0.007209,-0.032830,-1.108511,0.128742,0.014725
7.040000,0.009988,-0.007173,-0.032667,-1.108524,0.128474,0.014651
7.050000,0.009938,-0.007137,-0.032504,-1.108536,0.128207,0.014578
7.060000,0.009888,-0.007101,-0.032342,-1.108549,0.127940,0.014506
7.070000,0.009839,-0.007066,-0.032181,-1.108562,0.127674,0.014433
7.080000,0.009790,-0.007031,-0.032020,-1.108574,0.127409,0.014361
7.090000,0.009741,-0.006996,-0.031861,-1.108587,0.127144,0.014289
7.100000,0.009693,-0.006961,-0.031702,-1.108599,0.126880,0.014218
7.110000,0.009644,-0.006926,-0.031544,-1.108612,0.126616,0.014147
7.120000,0.009596,-0.006891,-0.031387,-1.108624,0.126353,0.014077
7.130000,0.009548,-0.006857,-0.031230,-1.108636,0.126090,0.014006
7.140000,0.009501,-0.006823,-0.031075,-1.108648,0.125829,0.013937
7.150000,0.009453,-0.006789,-0.030920,-1.108660,0.125567,0.013867
7.160000,0.009406,-0.006755,-0.030766,-1.108672,0.125307,0.013798
7.170000,0.009359,-0.006721,-0.030612,-1.108684,0.125046,0.013729
7.180000,0.009313,-0.006688,-0.030460,-1.108696,0.124787,0.013660
7.190000,0.009266,-0.006654,-0.030308,-1.108708,0.124528,0.013592
7.200000,0.009220,-0.006621,-0.030157,-1.108719,0.124270,0.013524
7.210000,0.009174,-0.006588,-0.030006,-1.108731,0.124012,0.013457
7.220000,0.009128,-0.006555,-0.029857,-1.108742,0.123754,0.013390
7.230000,0.009083,-0.006523,-0.029708,-1.108754,0.123498,0.013323
7.240000,0.009037,-0.006490,-0.029560,-1.108765,0.123242,0.013257
7.250000,0.008992,-0.006458,-0.029412,-1.108776,0.122986,0.013190
7.260000,0.008947,-0.006426,-0.029266,-1.108787,0.122731,0.013125
7.270000,0.008903,-0.006393,-0.029120,-1.108799,0.122477,0.013059
7.280000,0.008858,-0.006362,-0.028975,-1.108810,0.122223,0.012994
7.290000,0.008814,-0.006330,-0.028830,-1.108821,0.121970,0.012929
7.300000,0.008770,-0.006298,-0.028687,-1.108832,0.121717,0.012865
7.310000,0.008726,-0.006267,-0.028544,-1.108842,0.121465,0.012800
7.320000,0.008683,-0.006236,-0.028401,-1.108853,0.121213,0.012737
7.330000,0.008640,-0.006204,-0.028260,-1.108864,0.120962,0.012673
7.340000,0.008596,-0.006174,-0.028119,-1.108875,0.120712,0.012610
7.350000,0.008554,-0.006143,-0.027979,-1.108885,0.120462,0.012547
7.360000,0.008511,-0.006112,-0.027839,-1.108896,0.120212,0.012484
7.370000,0.008468,-0.006082,-0.027700,-1.108906,0.119964,0.012422
7.380000,0.008426,-0.006051,-0.027562,-1.108916,0.119715,0.012360
7.390000,0.008384,-0.006021,-0.027425,-1.108927,0.119468,0.012298
7.400000,0.008342,-0.005991,-0.027288,-1.108937,0.119220,0.012237
7.410000,0.008301,-0.005961,-0.027152,-1.108947,0.118974,0.012176
7.420000,0.008259,-0.005931,-0.027017,-1.108957,0.118728,0.012115
7.430000,0.008218,-0.005902,-0.026882,-1.108967,0.118482,0.012055
7.440000,0.008177,-0.005872,-0.026748,-1.108977,0.118237,0.011995
7.450000,0.008136,-0.005843,-0.026615,-1.108987,0.117993,0.011935
7.460000,0.008096,-0.005814,-0.026482,-1.108997,0.117749,0.011875
7.470000,0.008055,-0.005785,-0.026350,-1.109007,0.117506,0.011816
7.480000,0.008015,-0.005756,-0.026219,-1.109016,0.117263,0.011757
7.490000,0.007975,-0.005727,-0.026088,-1.109026,0.117020,0.011698
7.500000,0.007935,-0.005699,-0.025958,-1.109036,0.116779,0.011640
7.510000,0.007896,-0.005670,-0.025829,-1.109045,0.116537,0.011582
7.520000,0.007856,-0.005642,-0.025700,-1.109055,0.116297,0.011524
7.530000,0.007817,-0.005614,-0.025572,-1.109064,0.116057,0.011467
7.540000,0.007778,-0.005586,-0.025444,-1.109073,0.115817,0.011410
7.550000,0.007739,-0.005558,-0.025317,-1.109083,0.115578,0.011353
7.560000,0.007701,-0.005530,-0.025191,-1.109092,0.115339,0.011296
7.570000,0.007662,-0.005503,-0.025065,-1.109101,0.115101,0.011240
7.580000,0.007624,-0.005475,-0.024941,-1.109110,0.114864,0.011184
7.590000,0.007586,-0.005448,-0.024816,-1.109119,0.114626,0.011128
7.600000,0.007548,-0.005421,-0.024692,-1.109128,0.114390,0.011072
7.610000,0.007511,-0.005394,-0.024569,-1.109137,0.114154,0.011017
7.620000,0.007473,-0.005367,-0.024447,-1.109146,0.113919,0.010962
7.630000,0.007436,-0.005340,-0.024325,-1.109155,0.113684,0.010907
7.640000,0.007399,-0.005314,-0.024204,-1.109163,0.113449,0.010853
7.650000,0.007362,-0.005287,-0.024083,-1.109172,0.113215,0.010799
7.660000,0.007325,-0.005261,-0.023963,-1.109181,0.112982,0.010745
7.670000,0.007289,-0.005234,-0.023843,-1.109189,0.112749,0.010691
7.680000,0.007252,-0.005208,-0.023725,-1.109198,0.112516,0.010638
7.690000,0.007216,-0.005182,-0.023606,-1.109206,0.112285,0.010585
7.700000,0.007180,-0.005157,-0.023489,-1.109215,0.112053,0.010532
7.710000,0.007144,-0.005131,-0.023371,-1.109223,0.111822,0.010480
7.720000,0.007109,-0.005105,-0.023255,-1.109231,0.111592,0.010427
7.730000,0.007073,-0.005080,-0.023139,-1.109240,0.111362,0.010375
7.740000,0.007038,-0.005054,-0.023024,-1.109248,0.111133,0.010324
7.750000,0.007003,-0.005029,-0.022909,-1.109256,0.110904,0.010272
7.760000,0.006968,-0.005004,-0.022795,-1.109264,0.110676,0.010221
7.770000,0.006933,-0.004979,-0.022681,-1.109272,0.110448,0.010170
7.780000,0.006899,-0.004954,-0.022568,-1.109280,0.110220,0.010119
7.790000,0.006864,-0.004930,-0.022455,-1.109288,0.109993,0.010069
7.800000,0.006830,-0.004905,-0.022343,-1.109296,0.109767,0.010018
7.810000,0.006796,-0.004881,-0.022232,-1.109304,0.109541,0.009968
7.820000,0.006762,-0.004856,-0.022121,-1.109312,0.109316,0.009919
7.830000,0.006728,-0.004832,-0.022011,-1.109319,0.109091,0.009869
7.840000,0.006695,-0.004808,-0.021901,-1.109327,0.108866,0.009820
7.850000,0.006661,-0.004784,-0.021792,-1.109335,0.108643,0.009771
7.860000,0.006628,-0.004760,-0.021683,-1.109342,0.108419,0.009722
7.870000,0.006595,-0.004736,-0.021575,-1.109350,0.108196,0.009674
7.880000,0.006562,-0.004713,-0.021468,-1.109357,0.107974,0.009625
7.890000,0.006529,-0.004689,-0.021361,-1.109365,0.107752,0.009577
7.900000,0.006497,-0.004666,-0.021254,-1.109372,0.107530,0.009530
7.910000,0.006464,-0.004643,-0.021148,-1.109380,0.107309,0.009482
7.920000,0.006432,-0.004619,-0.021043,-1.109387,0.107089,0.009435
7.930000,0.006400,-0.004596,-0.020938,-1.109394,0.106869,0.009388
7.940000,0.006368,-0.004573,-0.020833,-1.109401,0.106649,0.009341
7.950000,0.006336,-0.004551,-0.020729,-1.109409,0.106430,0.009294
7.960000,0.006305,-0.004528,-0.020626,-1.109416,0.106211,0.009248
7.970000,0.006273,-0.004505,-0.020523,-1.109423,0.105993,0.009202
7.980000,0.006242,-0.004483,-0.020421,-1.109430,0.105775,0.009156
7.990000,0.006211,-0.004460,-0.020319,-1.109437,0.105558,0.009110
8.000000,0.006180,-0.004438,-0.020218,-1.109444,0.105341,0.009065
8.010000,0.006149,-0.004416,-0.020117,-1.109451,0.105125,0.009020
8.020000,0.006118,-0.004394,-0.020017,-1.109457,0.104909,0.008975
8.030000,0.006088,-0.004372,-0.019917,-1.109464,0.104694,0.008930
8.040000,0.006058,-0.004350,-0.019817,-1.109471,0.104479,0.008885
8.050000,0.006027,-0.004329,-0.019719,-1.109478,0.104265,0.008841
8.060000,0.005997,-0.004307,-0.019620,-1.109484,0.104051,0.008797
8.070000,0.005967,-0.004286,-0.019522,-1.109491,0.103837,0.008753
8.080000,0.005938,-0.004264,-0.019425,-1.109498,0.103624,0.008709
8.090000,0.005908,-0.004243,-0.019328,-1.109504,0.103412,0.008666
8.100000,0.005879,-0.004222,-0.019232,-1.109511,0.103199,0.008623
8.110000,0.005849,-0.004201,-0.019136,-1.109517,0.102988,0.008580
8.120000,0.005820,-0.004180,-0.019041,-1.109523,0.102777,0.008537
8.130000,0.005791,-0.004159,-0.018946,-1.109530,0.102566,0.008494
8.140000,0.005762,-0.004138,-0.018851,-1.109536,0.102356,0.008452
8.150000,0.005733,-0.004118,-0.018757,-1.109542,0.102146,0.008410
8.160000,0.005705,-0.004097,-0.018664,-1.109549,0.101936,0.008368
8.170000,0.005676,-0.004077,-0.018571,-1.109555,0.101727,0.008326
8.180000,0.005648,-0.004056,-0.018478,-1.109561,0.101519,0.008285
8.190000,0.005620,-0.004036,-0.018386,-1.109567,0.101311,0.008243
8.200000,0.005592,-0.004016,-0.018294,-1.109573,0.101103,0.008202
8.210000,0.005564,-0.003996,-0.018203,-1.109579,0.100896,0.008161
8.220000,0.005536,-0.003976,-0.018112,-1.109585,0.100689,0.008120
8.230000,0.005509,-0.003956,-0.018022,-1.109591,0.100483,0.008080
8.240000,0.005481,-0.003936,-0.017932,-1.109597,0.100277,0.008040
8.250000,0.005454,-0.003917,-0.017843,-1.109603,0.100072,0.008000
8.260000,0.005427,-0.003897,-0.017754,-1.109609,0.099867,0.007960
8.270000,0.005399,-0.003878,-0.017665,-1.109615,0.099663,0.007920
8.280000,0.005373,-0.003858,-0.017577,-1.109621,0.099459,0.007880
8.290000,0.005346,-0.003839,-0.017489,-1.109626,0.099255,0.007841
8.300000,0.005319,-0.003820,-0.017402,-1.109632,0.099052,0.007802
8.310000,0.005293,-0.003801,-0.017315,-1.109638,0.098849,0.007763
8.320000,0.005266,-0.003782,-0.017229,-1.109643,0.098647,0.007724
8.330000,0.005240,-0.003763,-0.017143,-1.109649,0.098445,0.007686
8.340000,0.005214,-0.003744,-0.017058,-1.109655,0.098243,0.007647
8.350000,0.005188,-0.003726,-0.016973,-1.109660,0.098042,0.007609
8.360000,0.005162,-0.003707,-0.016888,-1.109666,0.097842,0.007571
8.370000,0.005136,-0.003689,-0.016804,-1.109671,0.097642,0.007534
8.380000,0.005111,-0.003670,-0.016720,-1.109676,0.097442,0.007496
8.390000,0.005085,-0.003652,-0.016636,-1.109682,0.097243,0.007459
8.400000,0.005060,-0.003634,-0.016554,-1.109687,0.097044,0.007421
8.410000,0.005034,-0.003616,-0.016471,-1.109693,0.096845,0.007384
8.420000,0.005009,-0.003598,-0.016389,-1.109698,0.096647,0.007348
8.430000,0.004984,-0.003580,-0.016307,-1.109703,0.096450,0.007311
8.440000,0.004959,-0.003562,-0.016226,-1.109708,0.096253,0.007274
8.450000,0.004935,-0.003544,-0.016145,-1.109713,0.096056,0.007238
8.460000,0.004910,-0.003526,-0.016064,-1.109719,0.095860,0.007202
8.470000,0.004886,-0.003509,-0.015984,-1.109724,0.095664,0.007166
8.480000,0.004861,-0.003491,-0.015905,-1.109729,0.095468,0.007130
8.490000,0.004837,-0.003474,-0.015825,-1.109734,0.095273,0.007095
8.500000,0.004813,-0.003456,-0.015746,-1.109739,0.095078,0.007059
8.510000,0.004789,-0.003439,-0.015668,-1.109744,0.094884,0.007024
8.520000,0.004765,-0.003422,-0.015590,-1.109749,0.094690,0.006989
8.530000,0.004741,-0.003405,-0.015512,-1.109754,0.094497,0.006954
8.540000,0.004718,-0.003388,-0.015435,-1.109759,0.094304,0.006920
8.550000,0.004694,-0.003371,-0.015358,-1.109763,0.094111,0.006885
8.560000,0.004671,-0.003354,-0.015281,-1.109768,0.093919,0.006851
8.570000,0.004647,-0.003338,-0.015205,-1.109773,0.093727,0.006817
8.580000,0.004624,-0.003321,-0.015129,-1.109778,0.093536,0.006783
8.590000,0.004601,-0.003304,-0.015054,-1.109783,0.093345,0.006749
8.600000,0.004578,-0.003288,-0.014978,-1.109787,0.093155,0.006715
8.610000,0.004555,-0.003271,-0.014904,-1.109792,0.092964,0.006682
8.620000,0.004533,-0.003255,-0.014829,-1.109797,0.092775,0.006648
8.630000,0.004510,-0.003239,-0.014756,-1.109801,0.092585,0.006615
8.640000,0.004487,-0.003223,-0.014682,-1.109806,0.092396,0.006582
8.650000,0.004465,-0.003207,-0.014609,-1.109810,0.092208,0.006549
8.660000,0.004443,-0.003191,-0.014536,-1.109815,0.092020,0.006517
8.670000,0.004421,-0.003175,-0.014463,-1.109819,0.091832,0.006484
8.680000,0.004399,-0.003159,-0.014391,-1.109824,0.091645,0.006452
8.690000,0.004377,-0.003143,-0.014319,-1.109828,0.091458,0.006420
8.700000,0.004355,-0.003128,-0.014248,-1.109833,0.091271,0.006388
8.710000,0.004333,-0.003112,-0.014177,-1.109837,0.091085,0.006356
8.720000,0.004312,-0.003096,-0.014106,-1.109841,0.090899,0.006324
8.730000,0.004290,-0.003081,-0.014036,-1.109846,0.090714,0.006293
8.740000,0.004269,-0.003066,-0.013966,-1.109850,0.090529,0.006261
8.750000,0.004247,-0.003050,-0.013896,-1.109854,0.090344,0.006230
8.760000,0.004226,-0.003035,-0.013827,-1.109858,0.090160,0.006199
8.770000,0.004205,-0.003020,-0.013758,-1.109863,0.089976,0.006168
8.780000,0.004184,-0.003005,-0.013689,-1.109867,0.089793,0.006137
8.790000,0.004163,-0.002990,-0.013621,-1.109871,0.089610,0.006107
8.800000,0.004142,-0.002975,-0.013553,-1.109875,0.089427,0.006076
8.810000,0.004122,-0.002960,-0.013486,-1.109879,0.089245,0.006046
8.820000,0.004101,-0.002945,-0.013418,-1.109883,0.089063,0.006016
8.830000,0.004081,-0.002931,-0.013352,-1.109887,0.088882,0.005986
8.840000,0.004060,-0.002916,-0.013285,-1.109891,0.088701,0.005956
8.850000,0.004040,-0.002902,-0.013219,-1.109895,0.088520,0.005926
8.860000,0.004020,-0.002887,-0.013153,-1.109899,0.088340,0.005896
8.870000,0.004000,-0.002873,-0.013087,-1.109903,0.088160,0.005867
8.880000,0.003980,-0.002858,-0.013022,-1.109907,0.087980,0.005838
8.890000,0.003960,-0.002844,-0.012957,-1.109911,0.087801,0.005809
8.900000,0.003940,-0.002830,-0.012892,-1.109915,0.087622,0.005780
8.910000,0.003921,-0.002816,-0.012828,-1.109919,0.087444,0.005751
8.920000,0.003901,-0.002802,-0.012764,-1.109923,0.087266,0.005722
8.930000,0.003882,-0.002788,-0.012700,-1.109926,0.087088,0.005694
8.940000,0.003862,-0.002774,-0.012637,-1.109930,0.086911,0.005665
8.950000,0.003843,-0.002760,-0.012574,-1.109934,0.086734,0.005637
8.960000,0.003824,-0.002746,-0.012511,-1.109938,0.086558,0.005609
8.970000,0.003805,-0.002733,-0.012449,-1.109941,0.086381,0.005581
8.980000,0.003786,-0.002719,-0.012387,-1.109945,0.086206,0.005553
8.990000,0.003767,-0.002705,-0.012325,-1.109949,0.086030,0.005525
9.000000,0.003748,-0.002692,-0.012264,-1.109952,0.085855,0.005498
9.010000,0.003730,-0.002678,-0.012202,-1.109956,0.085680,0.005470
9.020000,0.003711,-0.002665,-0.012142,-1.109960,0.085506,0.005443
9.030000,0.003692,-0.002652,-0.012081,-1.109963,0.085332,0.005416
9.040000,0.003674,-0.002639,-0.012021,-1.109967,0.085159,0.005389
9.050000,0.003656,-0.002625,-0.011961,-1.109970,0.084985,0.005362
9.060000,0.003637,-0.002612,-0.011901,-1.109974,0.084812,0.005335
9.070000,0.003619,-0.002599,-0.011842,-1.109977,0.084640,0.005309
9.080000,0.003601,-0.002586,-0.011783,-1.109981,0.084468,0.005282
9.090000,0.003583,-0.002573,-0.011724,-1.109984,0.084296,0.005256
9.100000,0.003565,-0.002561,-0.011666,-1.109987,0.084125,0.005230
9.110000,0.003548,-0.002548,-0.011607,-1.109991,0.083954,0.005204
9.120000,0.003530,-0.002535,-0.011550,-1.109994,0.083783,0.005178
9.130000,0.003512,-0.002522,-0.011492,-1.109997,0.083613,0.005152
9.140000,0.003495,-0.002510,-0.011435,-1.110001,0.083443,0.005126
9.150000,0.003477,-0.002497,-0.011378,-1.110004,0.083273,0.005101
9.160000,0.003460,-0.002485,-0.011321,-1.110007,0.083104,0.005075
9.170000,0.003443,-0.002473,-0.011264,-1.110011,0.082935,0.005050
9.180000,0.003426,-0.002460,-0.011208,-1.110014,0.082766,0.005025
9.190000,0.003409,-0.002448,-0.011152,-1.110017,0.082598,0.005000
9.200000,0.003392,-0.002436,-0.011097,-1.110020,0.082430,0.004975
9.210000,0.003375,-0.002424,-0.011041,-1.110023,0.082263,0.004950
9.220000,0.003358,-0.002411,-0.010986,-1.110027,0.082096,0.004925
9.230000,0.003341,-0.002399,-0.010931,-1.110030,0.081929,0.004901
9.240000,0.003324,-0.002387,-0.010877,-1.110033,0.081763,0.004876
9.250000,0.003308,-0.002376,-0.010823,-1.110036,0.081596,0.004852
9.260000,0.003291,-0.002364,-0.010769,-1.110039,0.081431,0.004828
9.270000,0.003275,-0.002352,-0.010715,-1.110042,0.081265,0.004803
9.280000,0.003259,-0.002340,-0.010662,-1.110045,0.081100,0.004780
9.290000,0.003242,-0.002329,-0.010608,-1.110048,0.080936,0.004756
9.300000,0.003226,-0.002317,-0.010556,-1.110051,0.080771,0.004732
9.310000,0.003210,-0.002305,-0.010503,-1.110054,0.080607,0.004708
9.320000,0.003194,-0.002294,-0.010451,-1.110057,0.080444,0.004685
9.330000,0.003178,-0.002282,-0.010398,-1.110060,0.080280,0.004662
9.340000,0.003162,-0.002271,-0.010347,-1.110063,0.080117,0.004638
9.350000,0.003146,-0.002260,-0.010295,-1.110066,0.079955,0.004615
9.360000,0.003131,-0.002248,-0.010244,-1.110068,0.079792,0.004592
9.370000,0.003115,-0.002237,-0.010192,-1.110071,0.079630,0.004569
9.380000,0.003100,-0.002226,-0.010142,-1.110074,0.079469,0.004546
9.390000,0.003084,-0.002215,-0.010091,-1.110077,0.079308,0.004524
9.400000,0.003069,-0.002204,-0.010041,-1.110080,0.079147,0.004501
9.410000,0.003053,-0.002193,-0.009991,-1.110083,0.078986,0.004479
9.420000,0.003038,-0.002182,-0.009941,-1.110085,0.078826,0.004456
9.430000,0.003023,-0.002171,-0.009891,-1.110088,0.078666,0.004434
9.440000,0.003008,-0.002160,-0.009842,-1.110091,0.078506,0.004412
9.450000,0.002993,-0.002150,-0.009793,-1.110094,0.078347,0.004390
9.460000,0.002978,-0.002139,-0.009744,-1.110096,0.078188,0.004368
9.470000,0.002963,-0.002128,-0.009695,-1.110099,0.078029,0.004346
9.480000,0.002948,-0.002118,-0.009647,-1.110102,0.077871,0.004325
9.490000,0.002934,-0.002107,-0.009599,-1.110104,0.077713,0.004303
9.500000,0.002919,-0.002096,-0.009551,-1.110107,0.077556,0.004282
9.510000,0.002905,-0.002086,-0.009503,-1.110109,0.077398,0.004260
9.520000,0.002890,-0.002076,-0.009456,-1.110112,0.077241,0.004239
9.530000,0.002876,-0.002065,-0.009409,-1.110115,0.077085,0.004218
9.540000,0.002861,-0.002055,-0.009362,-1.110117,0.076928,0.004197
9.550000,0.002847,-0.002045,-0.009315,-1.110120,0.076772,0.004176
9.560000,0.002833,-0.002034,-0.009269,-1.110122,0.076617,0.004155
9.570000,0.002819,-0.002024,-0.009223,-1.110125,0.076462,0.004134
9.580000,0.002805,-0.002014,-0.009177,-1.110127,0.076307,0.004114
9.590000,0.002791,-0.002004,-0.009131,-1.110130,0.076152,0.004093
9.600000,0.002777,-0.001994,-0.009085,-1.110132,0.075998,0.004073
9.610000,0.002763,-0.001984,-0.009040,-1.110135,0.075843,0.004053
9.620000,0.002749,-0.001974,-0.008995,-1.110137,0.075690,0.004032
9.630000,0.002735,-0.001965,-0.008950,-1.110139,0.075536,0.004012
9.640000,0.002722,-0.001955,-0.008905,-1.110142,0.075383,0.003992
9.650000,0.002708,-0.001945,-0.008861,-1.110144,0.075231,0.003972
9.660000,0.002695,-0.001935,-0.008817,-1.110147,0.075078,0.003952
9.670000,0.002681,-0.001926,-0.008773,-1.110149,0.074926,0.003933
9.680000,0.002668,-0.001916,-0.008729,-1.110151,0.074774,0.003913
9.690000,0.002655,-0.001906,-0.008686,-1.110154,0.074623,0.003894
9.700000,0.002641,-0.001897,-0.008642,-1.110156,0.074472,0.003874
9.710000,0.002628,-0.001887,-0.008599,-1.110158,0.074321,0.003855
9.720000,0.002615,-0.001878,-0.008556,-1.110160,0.074170,0.003836
9.730000,0.002602,-0.001869,-0.008514,-1.110163,0.074020,0.003817
9.740000,0.002589,-0.001859,-0.008471,-1.110165,0.073870,0.003797
9.750000,0.002576,-0.001850,-0.008429,-1.110167,0.073720,0.003779
9.760000,0.002563,-0.001841,-0.008387,-1.110169,0.073571,0.003760
9.770000,0.002550,-0.001832,-0.008345,-1.110172,0.073422,0.003741
9.780000,0.002538,-0.001823,-0.008303,-1.110174,0.073274,0.003722
9.790000,0.002525,-0.001813,-0.008262,-1.110176,0.073125,0.003704
9.800000,0.002512,-0.001804,-0.008221,-1.110178,0.072977,0.003685
9.810000,0.002500,-0.001795,-0.008180,-1.110180,0.072829,0.003667
9.820000,0.002487,-0.001786,-0.008139,-1.110182,0.072682,0.003649
9.830000,0.002475,-0.001778,-0.008098,-1.110185,0.072535,0.003630
9.840000,0.002463,-0.001769,-0.008058,-1.110187,0.072388,0.003612
9.850000,0.002450,-0.001760,-0.008018,-1.110189,0.072242,0.003594
9.860000,0.002438,-0.001751,-0.007978,-1.110191,0.072095,0.003576
9.870000,0.002426,-0.001742,-0.007938,-1.110193,0.071949,0.003558
9.880000,0.002414,-0.001734,-0.007898,-1.110195,0.071804,0.003541
9.890000,0.002402,-0.001725,-0.007859,-1.110197,0.071658,0.003523
9.900000,0.002390,-0.001716,-0.007820,-1.110199,0.071513,0.003505
9.910000,0.002378,-0.001708,-0.007781,-1.110201,0.071369,0.003488
9.920000,0.002366,-0.001699,-0.007742,-1.110203,0.071224,0.003471
9.930000,0.002354,-0.001691,-0.007703,-1.110205,0.071080,0.003453
9.940000,0.002343,-0.001682,-0.007665,-1.110207,0.070936,0.003436
9.950000,0.002331,-0.001674,-0.007627,-1.110209,0.070793,0.003419
9.960000,0.002319,-0.001666,-0.007589,-1.110211,0.070650,0.003402
9.970000,0.002308,-0.001657,-0.007551,-1.110213,0.070507,0.003385
9.980000,0.002296,-0.001649,-0.007513,-1.110215,0.070364,0.003368
9.990000,0.002285,-0.001641,-0.007476,-1.110217,0.070222,0.003351
10.000000,0.002273,-0.001633,-0.007438,-1.110219,0.070080,0.003335
