0.000000,-0.659788,0.143976,-0.955895,0.851520,0.655726,0.172381
0.010000,-0.653672,0.143228,-0.945209,0.846519,0.653114,0.171471
0.020000,-0.647664,0.142485,-0.934760,0.841508,0.650522,0.170566
0.030000,-0.641760,0.141746,-0.924540,0.836489,0.647949,0.169666
0.040000,-0.635959,0.141011,-0.914541,0.831462,0.645396,0.168771
0.050000,-0.630256,0.140280,-0.904754,0.826426,0.642862,0.167882
0.060000,-0.624648,0.139553,-0.895172,0.821381,0.640347,0.166998
0.070000,-0.619134,0.138830,-0.885789,0.816328,0.637850,0.166119
0.080000,-0.613709,0.138111,-0.876597,0.811267,0.635372,0.165245
0.090000,-0.608373,0.137396,-0.867589,0.806197,0.632913,0.164376
0.100000,-0.603121,0.136686,-0.858760,0.801119,0.630471,0.163512
0.110000,-0.597953,0.135979,-0.850104,0.796034,0.628048,0.162654
0.120000,-0.592865,0.135276,-0.841615,0.790940,0.625641,0.161800
0.130000,-0.587856,0.134577,-0.833287,0.785838,0.623253,0.160951
0.140000,-0.582923,0.133881,-0.825116,0.780729,0.620881,0.160107
0.150000,-0.578065,0.133190,-0.817097,0.775611,0.618527,0.159268
0.160000,-0.573279,0.132502,-0.809225,0.770486,0.616189,0.158433
0.170000,-0.568563,0.131818,-0.801495,0.765354,0.613867,0.157604
0.180000,-0.563916,0.131138,-0.793904,0.760213,0.611562,0.156779
0.190000,-0.559337,0.130462,-0.786446,0.755066,0.609274,0.155959
0.200000,-0.554823,0.129789,-0.779119,0.749911,0.607001,0.155144
0.210000,-0.550372,0.129121,-0.771918,0.744749,0.604744,0.154333
0.220000,-0.545984,0.128455,-0.764840,0.739579,0.602503,0.153527
0.230000,-0.541657,0.127794,-0.757881,0.734403,0.600277,0.152725
0.240000,-0.537389,0.127136,-0.751038,0.729219,0.598066,0.151928
0.250000,-0.533179,0.126481,-0.744307,0.724029,0.595870,0.151136
0.260000,-0.529025,0.125831,-0.737686,0.718832,0.593690,0.150348
0.270000,-0.524927,0.125183,-0.731171,0.713628,0.591524,0.149564
0.280000,-0.520883,0.124540,-0.724761,0.708418,0.589372,0.148785
0.290000,-0.516891,0.123899,-0.718451,0.703200,0.587236,0.148011
0.300000,-0.512951,0.123263,-0.712239,0.697977,0.585113,0.147240
0.310000,-0.509062,0.122629,-0.706123,0.692747,0.583004,0.146474
0.320000,-0.505222,0.122000,-0.700101,0.687511,0.580910,0.145713
0.330000,-0.501430,0.121373,-0.694169,0.682269,0.578829,0.144955
0.340000,-0.497686,0.120750,-0.688326,0.677021,0.576761,0.144202
0.350000,-0.493987,0.120131,-0.682569,0.671766,0.574708,0.143453
0.360000,-0.490335,0.119514,-0.676896,0.666506,0.572667,0.142709
0.370000,-0.486726,0.118901,-0.671306,0.661241,0.570640,0.141968
0.380000,-0.483161,0.118292,-0.665796,0.655969,0.568625,0.141232
0.390000,-0.479638,0.117685,-0.660364,0.650692,0.566624,0.140499
0.400000,-0.476157,0.117082,-0.655008,0.645410,0.564636,0.139771
0.410000,-0.472717,0.116483,-0.649727,0.640122,0.562660,0.139047
0.420000,-0.469317,0.115886,-0.644519,0.634829,0.560696,0.138327
0.430000,-0.465956,0.115293,-0.639383,0.629531,0.558745,0.137611
0.440000,-0.462634,0.114702,-0.634315,0.624228,0.556806,0.136899
0.450000,-0.459350,0.114115,-0.629316,0.618920,0.554879,0.136191
0.460000,-0.456102,0.113532,-0.624383,0.613607,0.552964,0.135486
0.470000,-0.452891,0.112951,-0.619515,0.608290,0.551061,0.134786
0.480000,-0.449715,0.112373,-0.614711,0.602968,0.549170,0.134089
0.490000,-0.446574,0.111799,-0.609969,0.597641,0.547290,0.133397
0.500000,-0.443468,0.111227,-0.605288,0.592311,0.545422,0.132708
0.510000,-0.440395,0.110659,-0.600666,0.586976,0.543565,0.132023
0.520000,-0.437355,0.110094,-0.596103,0.581637,0.541720,0.131342
0.530000,-0.434348,0.109532,-0.591597,0.576294,0.539885,0.130664
0.540000,-0.431373,0.108972,-0.587146,0.570947,0.538062,0.129991
0.550000,-0.428429,0.108416,-0.582751,0.565596,0.536249,0.129320
0.560000,-0.425516,0.107863,-0.578409,0.560242,0.534448,0.128654
0.570000,-0.422633,0.107312,-0.574119,0.554884,0.532657,0.127991
0.580000,-0.419779,0.106765,-0.569881,0.549522,0.530876,0.127332
0.590000,-0.416955,0.106220,-0.565693,0.544158,0.529106,0.126677
0.600000,-0.414160,0.105679,-0.561555,0.538790,0.527347,0.126025
0.610000,-0.411393,0.105140,-0.557465,0.533419,0.525597,0.125376
0.620000,-0.408653,0.104604,-0.553423,0.528046,0.523858,0.124732
0.630000,-0.405941,0.104071,-0.549428,0.522669,0.522129,0.124090
0.640000,-0.403256,0.103541,-0.545478,0.517290,0.520410,0.123452
0.650000,-0.400597,0.103014,-0.541573,0.511909,0.518701,0.122818
0.660000,-0.397964,0.102489,-0.537712,0.506525,0.517001,0.122187
0.670000,-0.395357,0.101967,-0.533894,0.501138,0.515312,0.121560
0.680000,-0.392774,0.101448,-0.530119,0.495750,0.513631,0.120936
0.690000,-0.390217,0.100932,-0.526385,0.490359,0.511961,0.120315
0.700000,-0.387684,0.100418,-0.522692,0.484967,0.510300,0.119698
0.710000,-0.385174,0.099907,-0.519040,0.479572,0.508648,0.119084
0.720000,-0.382689,0.099399,-0.515426,0.474177,0.507005,0.118473
0.730000,-0.380227,0.098894,-0.511852,0.468779,0.505371,0.117866
0.740000,-0.377787,0.098391,-0.508315,0.463380,0.503747,0.117262
0.750000,-0.375370,0.097891,-0.504816,0.457980,0.502132,0.116661
0.760000,-0.372975,0.097393,-0.501354,0.452579,0.500525,0.116063
0.770000,-0.370603,0.096898,-0.497927,0.447177,0.498927,0.115469
0.780000,-0.368251,0.096406,-0.494536,0.441774,0.497338,0.114878
0.790000,-0.365921,0.095917,-0.491181,0.436370,0.495758,0.114290
0.800000,-0.363612,0.095429,-0.487859,0.430965,0.494186,0.113705
0.810000,-0.361324,0.094945,-0.484571,0.425560,0.492623,0.113123
0.820000,-0.359055,0.094463,-0.481316,0.420155,0.491068,0.112545
0.830000,-0.356807,0.093983,-0.478094,0.414749,0.489521,0.111969
0.840000,-0.354579,0.093506,-0.474904,0.409344,0.487983,0.111397
0.850000,-0.352370,0.093032,-0.471745,0.403938,0.486453,0.110828
0.860000,-0.350180,0.092560,-0.468618,0.398533,0.484931,0.110262
0.870000,-0.348009,0.092091,-0.465521,0.393128,0.483417,0.109698
0.880000,-0.345857,0.091624,-0.462454,0.387723,0.481911,0.109138
0.890000,-0.343723,0.091159,-0.459417,0.382319,0.480413,0.108581
0.900000,-0.341607,0.090697,-0.456409,0.376916,0.478923,0.108027
0.910000,-0.339509,0.090237,-0.453430,0.371514,0.477440,0.107475
0.920000,-0.337429,0.089780,-0.450478,0.366112,0.475965,0.106927
0.930000,-0.335367,0.089325,-0.447555,0.360712,0.474498,0.106382
0.940000,-0.333321,0.088872,-0.444659,0.355313,0.473039,0.105839
0.950000,-0.331293,0.088422,-0.441790,0.349915,0.471587,0.105300
0.960000,-0.329281,0.087974,-0.438948,0.344519,0.470142,0.104763
0.970000,-0.327286,0.087529,-0.436132,0.339125,0.468705,0.104229
0.980000,-0.325307,0.087086,-0.433341,0.333732,0.467275,0.103698
0.990000,-0.323344,0.086645,-0.430577,0.328342,0.465852,0.103170
1.000000,-0.321397,0.086206,-0.427837,0.322953,0.464436,0.102644
1.010000,-0.319466,0.085770,-0.425121,0.317567,0.463028,0.102122
1.020000,-0.317550,0.085336,-0.422431,0.312183,0.461627,0.101602
1.030000,-0.315650,0.084904,-0.419764,0.306802,0.460232,0.101085
1.040000,-0.313765,0.084475,-0.417120,0.301423,0.458845,0.100570
1.050000,-0.311895,0.084047,-0.414501,0.296047,0.457464,0.100059
1.060000,-0.310039,0.083622,-0.411904,0.290674,0.456091,0.099550
1.070000,-0.308198,0.083199,-0.409329,0.285304,0.454724,0.099043
1.080000,-0.306372,0.082779,-0.406777,0.279937,0.453364,0.098540
1.090000,-0.304559,0.082360,-0.404248,0.274573,0.452010,0.098039
1.100000,-0.302761,0.081944,-0.401739,0.269213,0.450663,0.097541
1.110000,-0.300976,0.081530,-0.399253,0.263857,0.449323,0.097045
1.120000,-0.299206,0.081118,-0.396787,0.258504,0.447989,0.096552
1.130000,-0.297449,0.080708,-0.394343,0.253155,0.446662,0.096061
1.140000,-0.295705,0.080300,-0.391919,0.247810,0.445341,0.095573
1.150000,-0.293974,0.079895,-0.389515,0.242469,0.444026,0.095088
1.160000,-0.292257,0.079491,-0.387131,0.237133,0.442717,0.094605
1.170000,-0.290553,0.079090,-0.384768,0.231801,0.441415,0.094125
1.180000,-0.288861,0.078690,-0.382423,0.226473,0.440119,0.093647
1.190000,-0.287182,0.078293,-0.380098,0.221150,0.438830,0.093172
1.200000,-0.285515,0.077898,-0.377792,0.215832,0.437546,0.092700
1.210000,-0.283861,0.077505,-0.375505,0.210519,0.436268,0.092229
1.220000,-0.282219,0.077113,-0.373237,0.205211,0.434996,0.091762
1.230000,-0.280589,0.076724,-0.370987,0.199908,0.433731,0.091296
1.240000,-0.278971,0.076337,-0.368755,0.194610,0.432471,0.090833
1.250000,-0.277365,0.075952,-0.366540,0.189318,0.431217,0.090373
1.260000,-0.275771,0.075569,-0.364344,0.184032,0.429969,0.089915
1.270000,-0.274188,0.075188,-0.362165,0.178751,0.428726,0.089459
1.280000,-0.272617,0.074808,-0.360003,0.173476,0.427490,0.089006
1.290000,-0.271057,0.074431,-0.357858,0.168207,0.426259,0.088555
1.300000,-0.269508,0.074056,-0.355730,0.162944,0.425034,0.088106
1.310000,-0.267970,0.073683,-0.353618,0.157688,0.423814,0.087660
1.320000,-0.266443,0.073311,-0.351523,0.152438,0.422600,0.087216
1.330000,-0.264927,0.072942,-0.349445,0.147194,0.421391,0.086775
1.340000,-0.263422,0.072574,-0.347382,0.141957,0.420188,0.086336
1.350000,-0.261927,0.072208,-0.345335,0.136727,0.418990,0.085899
1.360000,-0.260443,0.071844,-0.343304,0.131504,0.417798,0.085464
1.370000,-0.258970,0.071482,-0.341288,0.126287,0.416610,0.085031
1.380000,-0.257506,0.071122,-0.339288,0.121078,0.415429,0.084601
1.390000,-0.256053,0.070764,-0.337302,0.115876,0.414252,0.084173
1.400000,-0.254610,0.070407,-0.335332,0.110682,0.413081,0.083748
1.410000,-0.253177,0.070053,-0.333376,0.105495,0.411915,0.083324
1.420000,-0.251754,0.069700,-0.331435,0.100315,0.410754,0.082903
1.430000,-0.250340,0.069349,-0.329509,0.095144,0.409598,0.082484
1.440000,-0.248936,0.069000,-0.327597,0.089980,0.408447,0.082067
1.450000,-0.247542,0.068653,-0.325698,0.084824,0.407302,0.081652
1.460000,-0.246158,0.068307,-0.323814,0.079677,0.406161,0.081239
1.470000,-0.244782,0.067963,-0.321944,0.074538,0.405025,0.080829
1.480000,-0.243416,0.067621,-0.320087,0.069407,0.403895,0.080421
1.490000,-0.242060,0.067281,-0.318244,0.064284,0.402769,0.080014
1.500000,-0.240712,0.066942,-0.316415,0.059170,0.401648,0.079610
1.510000,-0.239374,0.066605,-0.314598,0.054065,0.400531,0.079208
1.520000,-0.238044,0.066270,-0.312795,0.048968,0.399420,0.078808
1.530000,-0.236723,0.065937,-0.311004,0.043881,0.398313,0.078410
1.540000,-0.235411,0.065605,-0.309227,0.038803,0.397211,0.078014
1.550000,-0.234108,0.065275,-0.307462,0.033733,0.396114,0.077621
1.560000,-0.232814,0.064947,-0.305709,0.028673,0.395021,0.077229
1.570000,-0.231528,0.064620,-0.303969,0.023623,0.393933,0.076839
1.580000,-0.230250,0.064295,-0.302242,0.018582,0.392850,0.076451
1.590000,-0.228981,0.063972,-0.300526,0.013550,0.391771,0.076066
1.600000,-0.227720,0.063650,-0.298823,0.008528,0.390697,0.075682
1.610000,-0.226468,0.063330,-0.297131,0.003517,0.389627,0.075300
1.620000,-0.225223,0.063012,-0.295452,-0.001485,0.388562,0.074920
1.630000,-0.223987,0.062695,-0.293784,-0.006477,0.387501,0.074542
1.640000,-0.222759,0.062380,-0.292127,-0.011459,0.386444,0.074167
1.650000,-0.221538,0.062066,-0.290482,-0.016431,0.385392,0.073793
1.660000,-0.220326,0.061754,-0.288848,-0.021392,0.384344,0.073421
1.670000,-0.219121,0.061444,-0.287226,-0.026343,0.383301,0.073051
1.680000,-0.217924,0.061135,-0.285615,-0.031283,0.382262,0.072682
1.690000,-0.216735,0.060828,-0.284014,-0.036213,0.381227,0.072316
1.700000,-0.215553,0.060523,-0.282425,-0.041132,0.380196,0.071952
1.710000,-0.214379,0.060219,-0.280846,-0.046040,0.379170,0.071589
1.720000,-0.213212,0.059916,-0.279278,-0.050937,0.378147,0.071228
1.730000,-0.212053,0.059615,-0.277721,-0.055823,0.377129,0.070870
1.740000,-0.210901,0.059316,-0.276174,-0.060698,0.376115,0.070513
1.750000,-0.209756,0.059018,-0.274637,-0.065562,0.375105,0.070157
1.760000,-0.208619,0.058721,-0.273111,-0.070414,0.374099,0.069804
1.770000,-0.207488,0.058427,-0.271595,-0.075256,0.373097,0.069453
1.780000,-0.206365,0.058133,-0.270089,-0.080085,0.372099,0.069103
1.790000,-0.205249,0.057841,-0.268593,-0.084903,0.371105,0.068755
1.800000,-0.204140,0.057551,-0.267107,-0.089709,0.370115,0.068409
1.810000,-0.203037,0.057262,-0.265630,-0.094504,0.369129,0.068064
1.820000,-0.201942,0.056974,-0.264164,-0.099287,0.368147,0.067722
1.830000,-0.200853,0.056688,-0.262707,-0.104058,0.367169,0.067381
1.840000,-0.199771,0.056404,-0.261260,-0.108816,0.366195,0.067042
1.850000,-0.198696,0.056121,-0.259822,-0.113563,0.365224,0.066705
1.860000,-0.197628,0.055839,-0.258393,-0.118298,0.364257,0.066369
1.870000,-0.196565,0.055559,-0.256974,-0.123020,0.363294,0.066035
1.880000,-0.195510,0.055280,-0.255564,-0.127730,0.362335,0.065703
1.890000,-0.194461,0.055003,-0.254163,-0.132428,0.361380,0.065372
1.900000,-0.193418,0.054727,-0.252771,-0.137113,0.360428,0.065043
1.910000,-0.192382,0.054452,-0.251388,-0.141785,0.359480,0.064716
1.920000,-0.191352,0.054179,-0.250014,-0.146445,0.358535,0.064391
1.930000,-0.190328,0.053907,-0.248648,-0.151092,0.357595,0.064067
1.940000,-0.189311,0.053637,-0.247292,-0.155727,0.356657,0.063745
1.950000,-0.188299,0.053368,-0.245944,-0.160349,0.355724,0.063424
1.960000,-0.187294,0.053100,-0.244605,-0.164957,0.354794,0.063106
1.970000,-0.186295,0.052834,-0.243274,-0.169553,0.353867,0.062788
1.980000,-0.185302,0.052569,-0.241951,-0.174136,0.352944,0.062473
1.990000,-0.184315,0.052305,-0.240637,-0.178705,0.352025,0.062159
2.000000,-0.183334,0.052043,-0.239331,-0.183261,0.351109,0.061846
2.010000,-0.182358,0.051782,-0.238034,-0.187805,0.350196,0.061536
2.020000,-0.181389,0.051522,-0.236744,-0.192334,0.349287,0.061226
2.030000,-0.180425,0.051264,-0.235463,-0.196851,0.348382,0.060919
2.040000,-0.179467,0.051007,-0.234190,-0.201354,0.347480,0.060613
2.050000,-0.178515,0.050751,-0.232924,-0.205843,0.346581,0.060308
2.060000,-0.177568,0.050497,-0.231667,-0.210319,0.345685,0.060005
2.070000,-0.176627,0.050244,-0.230417,-0.214782,0.344793,0.059704
2.080000,-0.175692,0.049992,-0.229175,-0.219230,0.343904,0.059404
2.090000,-0.174762,0.049741,-0.227941,-0.223665,0.343019,0.059106
2.100000,-0.173837,0.049492,-0.226714,-0.228087,0.342136,0.058809
2.110000,-0.172918,0.049244,-0.225495,-0.232494,0.341257,0.058513
2.120000,-0.172005,0.048997,-0.224283,-0.236888,0.340382,0.058220
2.130000,-0.171096,0.048752,-0.223079,-0.241267,0.339509,0.057927
2.140000,-0.170193,0.048507,-0.221882,-0.245633,0.338640,0.057636
2.150000,-0.169296,0.048264,-0.220693,-0.249985,0.337774,0.057347
2.160000,-0.168403,0.048022,-0.219510,-0.254322,0.336911,0.057059
2.170000,-0.167516,0.047782,-0.218335,-0.258646,0.336051,0.056773
2.180000,-0.166634,0.047542,-0.217167,-0.262955,0.335194,0.056488
2.190000,-0.165757,0.047304,-0.216006,-0.267250,0.334340,0.056204
2.200000,-0.164886,0.047067,-0.214852,-0.271531,0.333490,0.055922
2.210000,-0.164019,0.046832,-0.213705,-0.275797,0.332642,0.055642
2.220000,-0.163157,0.046597,-0.212565,-0.280050,0.331798,0.055362
2.230000,-0.162300,0.046364,-0.211432,-0.284288,0.330956,0.055084
2.240000,-0.161449,0.046131,-0.210306,-0.288511,0.330118,0.054808
2.250000,-0.160602,0.045900,-0.209186,-0.292720,0.329283,0.054533
2.260000,-0.159760,0.045670,-0.208074,-0.296915,0.328450,0.054260
2.270000,-0.158923,0.045442,-0.206967,-0.301095,0.327621,0.053987
2.280000,-0.158090,0.045214,-0.205868,-0.305261,0.326794,0.053717
2.290000,-0.157263,0.044988,-0.204775,-0.309412,0.325971,0.053447
2.300000,-0.156440,0.044762,-0.203688,-0.313548,0.325150,0.053179
2.310000,-0.155622,0.044538,-0.202608,-0.317670,0.324333,0.052912
2.320000,-0.154808,0.044315,-0.201534,-0.321777,0.323518,0.052647
2.330000,-0.153999,0.044093,-0.200467,-0.325870,0.322706,0.052383
2.340000,-0.153195,0.043873,-0.199406,-0.329947,0.321897,0.052120
2.350000,-0.152395,0.043653,-0.198351,-0.334010,0.321090,0.051859
2.360000,-0.151600,0.043434,-0.197302,-0.338059,0.320287,0.051599
2.370000,-0.150810,0.043217,-0.196260,-0.342092,0.319486,0.051340
2.380000,-0.150024,0.043001,-0.195224,-0.346111,0.318688,0.051083
2.390000,-0.149242,0.042785,-0.194193,-0.350115,0.317893,0.050827
2.400000,-0.148465,0.042571,-0.193169,-0.354104,0.317101,0.050572
2.410000,-0.147692,0.042358,-0.192151,-0.358078,0.316311,0.050318
2.420000,-0.146923,0.042146,-0.191138,-0.362037,0.315524,0.050066
2.430000,-0.146159,0.041935,-0.190132,-0.365981,0.314740,0.049815
2.440000,-0.145399,0.041725,-0.189131,-0.369911,0.313959,0.049565
2.450000,-0.144644,0.041516,-0.188137,-0.373825,0.313180,0.049317
2.460000,-0.143892,0.041309,-0.187148,-0.377725,0.312404,0.049070
2.470000,-0.143145,0.041102,-0.186164,-0.381610,0.311630,0.048824
2.480000,-0.142402,0.040896,-0.185187,-0.385479,0.310860,0.048579
2.490000,-0.141663,0.040692,-0.184215,-0.389334,0.310091,0.048336
2.500000,-0.140929,0.040488,-0.183248,-0.393173,0.309326,0.048094
2.510000,-0.140198,0.040285,-0.182288,-0.396998,0.308563,0.047853
2.520000,-0.139472,0.040084,-0.181332,-0.400808,0.307802,0.047613
2.530000,-0.138749,0.039883,-0.180383,-0.404602,0.307045,0.047374
2.540000,-0.138031,0.039684,-0.179438,-0.408382,0.306289,0.047137
2.550000,-0.137316,0.039485,-0.178499,-0.412146,0.305537,0.046901
2.560000,-0.136606,0.039288,-0.177566,-0.415896,0.304786,0.046666
2.570000,-0.135899,0.039091,-0.176638,-0.419630,0.304039,0.046432
2.580000,-0.135197,0.038896,-0.175715,-0.423350,0.303293,0.046200
2.590000,-0.134498,0.038701,-0.174797,-0.427054,0.302551,0.045968
2.600000,-0.133803,0.038507,-0.173884,-0.430744,0.301810,0.045738
2.610000,-0.133112,0.038315,-0.172977,-0.434418,0.301073,0.045509
2.620000,-0.132425,0.038123,-0.172075,-0.438077,0.300337,0.045281
2.630000,-0.131741,0.037932,-0.171178,-0.441721,0.299605,0.045054
2.640000,-0.131061,0.037743,-0.170286,-0.445350,0.298874,0.044829
2.650000,-0.130386,0.037554,-0.169399,-0.448964,0.298146,0.044604
2.660000,-0.129713,0.037366,-0.168517,-0.452563,0.297420,0.044381
2.670000,-0.129045,0.037179,-0.167640,-0.456147,0.296697,0.044159
2.680000,-0.128380,0.036993,-0.166768,-0.459716,0.295976,0.043938
2.690000,-0.127719,0.036808,-0.165901,-0.463270,0.295258,0.043718
2.700000,-0.127061,0.036624,-0.165039,-0.466809,0.294541,0.043499
2.710000,-0.126407,0.036441,-0.164181,-0.470333,0.293828,0.043281
2.720000,-0.125756,0.036259,-0.163329,-0.473842,0.293116,0.043064
2.730000,-0.125110,0.036077,-0.162481,-0.477336,0.292407,0.042849
2.740000,-0.124466,0.035897,-0.161638,-0.480815,0.291700,0.042634
2.750000,-0.123826,0.035718,-0.160800,-0.484279,0.290995,0.042421
2.760000,-0.123190,0.035539,-0.159966,-0.487728,0.290293,0.042208
2.770000,-0.122557,0.035361,-0.159137,-0.491162,0.289593,0.041997
2.780000,-0.121928,0.035184,-0.158313,-0.494581,0.288895,0.041787
2.790000,-0.121302,0.035009,-0.157493,-0.497985,0.288200,0.041578
2.800000,-0.120679,0.034834,-0.156677,-0.501375,0.287506,0.041370
2.810000,-0.120060,0.034659,-0.155867,-0.504749,0.286815,0.041163
2.820000,-0.119444,0.034486,-0.155060,-0.508109,0.286126,0.040957
2.830000,-0.118831,0.034314,-0.154259,-0.511453,0.285440,0.040752
2.840000,-0.118222,0.034142,-0.153461,-0.514783,0.284755,0.040548
2.850000,-0.117616,0.033971,-0.152668,-0.518098,0.284073,0.040345
2.860000,-0.117013,0.033802,-0.151880,-0.521398,0.283393,0.040143
2.870000,-0.116414,0.033633,-0.151096,-0.524684,0.282715,0.039942
2.880000,-0.115817,0.033465,-0.150316,-0.527955,0.282039,0.039742
2.890000,-0.115224,0.033297,-0.149540,-0.531210,0.281365,0.039544
2.900000,-0.114635,0.033131,-0.148769,-0.534452,0.280694,0.039346
2.910000,-0.114048,0.032965,-0.148002,-0.537678,0.280024,0.039149
2.920000,-0.113464,0.032800,-0.147239,-0.540890,0.279357,0.038953
2.930000,-0.112884,0.032637,-0.146480,-0.544087,0.278692,0.038758
2.940000,-0.112307,0.032473,-0.145725,-0.547270,0.278028,0.038564
2.950000,-0.111733,0.032311,-0.144975,-0.550438,0.277367,0.038371
2.960000,-0.111162,0.032150,-0.144229,-0.553591,0.276708,0.038180
2.970000,-0.110594,0.031989,-0.143486,-0.556730,0.276051,0.037989
2.980000,-0.110029,0.031829,-0.142748,-0.559854,0.275396,0.037799
2.990000,-0.109467,0.031670,-0.142014,-0.562964,0.274743,0.037609
3.000000,-0.108908,0.031512,-0.141284,-0.566059,0.274093,0.037421
3.010000,-0.108352,0.031354,-0.140558,-0.569140,0.273444,0.037234
3.020000,-0.107799,0.031198,-0.139836,-0.572206,0.272797,0.037048
3.030000,-0.107249,0.031042,-0.139117,-0.575258,0.272152,0.036863
3.040000,-0.106702,0.030887,-0.138403,-0.578295,0.271509,0.036678
3.050000,-0.106157,0.030732,-0.137692,-0.581319,0.270868,0.036495
3.060000,-0.105616,0.030579,-0.136986,-0.584327,0.270229,0.036312
3.070000,-0.105078,0.030426,-0.136283,-0.587322,0.269592,0.036131
3.080000,-0.104542,0.030274,-0.135584,-0.590302,0.268957,0.035950
3.090000,-0.104009,0.030123,-0.134889,-0.593269,0.268324,0.035770
3.100000,-0.103479,0.029972,-0.134197,-0.596221,0.267693,0.035592
3.110000,-0.102952,0.029822,-0.133509,-0.599158,0.267064,0.035414
3.120000,-0.102428,0.029673,-0.132825,-0.602082,0.266437,0.035237
3.130000,-0.101907,0.029525,-0.132145,-0.604992,0.265811,0.035060
3.140000,-0.101388,0.029378,-0.131468,-0.607887,0.265188,0.034885
3.150000,-0.100872,0.029231,-0.130795,-0.610769,0.264566,0.034711
3.160000,-0.100359,0.029085,-0.130126,-0.613636,0.263947,0.034537
3.170000,-0.099848,0.028939,-0.129460,-0.616490,0.263329,0.034364
3.180000,-0.099340,0.028795,-0.128798,-0.619329,0.262713,0.034193
3.190000,-0.098835,0.028651,-0.128139,-0.622155,0.262099,0.034022
3.200000,-0.098333,0.028508,-0.127484,-0.624967,0.261486,0.033852
3.210000,-0.097833,0.028365,-0.126832,-0.627765,0.260876,0.033682
3.220000,-0.097335,0.028224,-0.126184,-0.630549,0.260267,0.033514
3.230000,-0.096841,0.028083,-0.125539,-0.633320,0.259661,0.033347
3.240000,-0.096349,0.027942,-0.124898,-0.636077,0.259056,0.033180
3.250000,-0.095859,0.027803,-0.124260,-0.638820,0.258452,0.033014
3.260000,-0.095373,0.027664,-0.123626,-0.641550,0.257851,0.032849
3.270000,-0.094888,0.027526,-0.122995,-0.644265,0.257251,0.032685
3.280000,-0.094407,0.027388,-0.122367,-0.646968,0.256654,0.032521
3.290000,-0.093927,0.027252,-0.121743,-0.649657,0.256058,0.032359
3.300000,-0.093451,0.027115,-0.121122,-0.652332,0.255463,0.032197
3.310000,-0.092977,0.026980,-0.120504,-0.654994,0.254871,0.032036
3.320000,-0.092505,0.026845,-0.119890,-0.657643,0.254280,0.031876
3.330000,-0.092036,0.026711,-0.119279,-0.660278,0.253691,0.031717
3.340000,-0.091569,0.026578,-0.118671,-0.662900,0.253104,0.031558
3.350000,-0.091105,0.026445,-0.118066,-0.665508,0.252518,0.031401
3.360000,-0.090643,0.026313,-0.117465,-0.668104,0.251934,0.031244
3.370000,-0.090183,0.026182,-0.116867,-0.670686,0.251352,0.031088
3.380000,-0.089726,0.026051,-0.116272,-0.673255,0.250772,0.030932
3.390000,-0.089272,0.025921,-0.115680,-0.675811,0.250193,0.030778
3.400000,-0.088819,0.025791,-0.115091,-0.678354,0.249616,0.030624
3.410000,-0.088369,0.025662,-0.114505,-0.680884,0.249041,0.030471
3.420000,-0.087922,0.025534,-0.113923,-0.683401,0.248467,0.030319
3.430000,-0.087477,0.025407,-0.113343,-0.685904,0.247895,0.030167
3.440000,-0.087034,0.025280,-0.112767,-0.688395,0.247325,0.030016
3.450000,-0.086593,0.025154,-0.112193,-0.690873,0.246756,0.029866
3.460000,-0.086155,0.025028,-0.111623,-0.693339,0.246189,0.029717
3.470000,-0.085719,0.024903,-0.111056,-0.695791,0.245624,0.029569
3.480000,-0.085285,0.024779,-0.110491,-0.698231,0.245060,0.029421
3.490000,-0.084854,0.024655,-0.109930,-0.700658,0.244498,0.029274
3.500000,-0.084424,0.024532,-0.109371,-0.703073,0.243937,0.029128
3.510000,-0.083997,0.024409,-0.108816,-0.705475,0.243378,0.028982
3.520000,-0.083572,0.024287,-0.108263,-0.707864,0.242821,0.028837
3.530000,-0.083150,0.024166,-0.107714,-0.710241,0.242265,0.028693
3.540000,-0.082729,0.024045,-0.107167,-0.712605,0.241711,0.028550
3.550000,-0.082311,0.023925,-0.106623,-0.714957,0.241158,0.028407
3.560000,-0.081895,0.023806,-0.106082,-0.717296,0.240607,0.028265
3.570000,-0.081481,0.023687,-0.105544,-0.719624,0.240058,0.028124
3.580000,-0.081070,0.023569,-0.105008,-0.721938,0.239510,0.027984
3.590000,-0.080660,0.023451,-0.104476,-0.724241,0.238964,0.027844
3.600000,-0.080252,0.023334,-0.103946,-0.726531,0.238419,0.027705
3.610000,-0.079847,0.023218,-0.103419,-0.728810,0.237876,0.027567
3.620000,-0.079444,0.023102,-0.102895,-0.731076,0.237334,0.027429
3.630000,-0.079043,0.022986,-0.102373,-0.733330,0.236794,0.027292
3.640000,-0.078643,0.022871,-0.101854,-0.735572,0.236256,0.027156
3.650000,-0.078246,0.022757,-0.101338,-0.737802,0.235719,0.027020
3.660000,-0.077851,0.022644,-0.100825,-0.740020,0.235183,0.026885
3.670000,-0.077458,0.022531,-0.100314,-0.742227,0.234649,0.026751
3.680000,-0.077068,0.022418,-0.099806,-0.744421,0.234116,0.026617
3.690000,-0.076679,0.022306,-0.099301,-0.746604,0.233585,0.026484
3.700000,-0.076292,0.022195,-0.098798,-0.748775,0.233056,0.026352
3.710000,-0.075907,0.022084,-0.098298,-0.750934,0.232528,0.026220
3.720000,-0.075524,0.021974,-0.097800,-0.753082,0.232001,0.026089
3.730000,-0.075143,0.021864,-0.097306,-0.755218,0.231476,0.025959
3.740000,-0.074764,0.021755,-0.096813,-0.757342,0.230952,0.025829
3.750000,-0.074387,0.021646,-0.096323,-0.759455,0.230430,0.025700
3.760000,-0.074012,0.021538,-0.095836,-0.761556,0.229909,0.025572
3.770000,-0.073639,0.021431,-0.095351,-0.763646,0.229390,0.025444
3.780000,-0.073268,0.021324,-0.094869,-0.765725,0.228872,0.025317
3.790000,-0.072898,0.021217,-0.094390,-0.767792,0.228356,0.025191
3.800000,-0.072531,0.021111,-0.093912,-0.769848,0.227841,0.025065
3.810000,-0.072165,0.021006,-0.093438,-0.771893,0.227327,0.024940
3.820000,-0.071802,0.020901,-0.092965,-0.773927,0.226815,0.024815
3.830000,-0.071440,0.020797,-0.092496,-0.775949,0.226304,0.024691
3.840000,-0.071080,0.020693,-0.092028,-0.777960,0.225795,0.024568
3.850000,-0.070722,0.020590,-0.091563,-0.779961,0.225287,0.024445
3.860000,-0.070366,0.020487,-0.091101,-0.781950,0.224780,0.024323
3.870000,-0.070011,0.020385,-0.090641,-0.783928,0.224275,0.024202
3.880000,-0.069659,0.020283,-0.090183,-0.785896,0.223771,0.024081
3.890000,-0.069308,0.020182,-0.089727,-0.787852,0.223269,0.023961
3.900000,-0.068959,0.020081,-0.089274,-0.789798,0.222768,0.023841
3.910000,-0.068612,0.019981,-0.088824,-0.791733,0.222268,0.023722
3.920000,-0.068266,0.019881,-0.088375,-0.793657,0.221770,0.023604
3.930000,-0.067923,0.019782,-0.087929,-0.795571,0.221273,0.023486
3.940000,-0.067581,0.019683,-0.087485,-0.797474,0.220777,0.023369
3.950000,-0.067241,0.019585,-0.087044,-0.799366,0.220283,0.023252
3.960000,-0.066902,0.019487,-0.086605,-0.801248,0.219790,0.023136
3.970000,-0.066566,0.019390,-0.086168,-0.803119,0.219298,0.023020
3.980000,-0.066231,0.019293,-0.085733,-0.804980,0.218808,0.022905
3.990000,-0.065898,0.019197,-0.085301,-0.806831,0.218319,0.022791
4.000000,-0.065566,0.019101,-0.084871,-0.808671,0.217832,0.022677
4.010000,-0.065236,0.019006,-0.084443,-0.810500,0.217345,0.022564
4.020000,-0.064908,0.018911,-0.084017,-0.812320,0.216860,0.022451
4.030000,-0.064582,0.018816,-0.083593,-0.814129,0.216377,0.022339
4.040000,-0.064257,0.018722,-0.083172,-0.815929,0.215894,0.022228
4.050000,-0.063934,0.018629,-0.082753,-0.817718,0.215413,0.022117
4.060000,-0.063612,0.018536,-0.082336,-0.819497,0.214934,0.022006
4.070000,-0.063293,0.018443,-0.081921,-0.821265,0.214455,0.021896
4.080000,-0.062974,0.018351,-0.081508,-0.823024,0.213978,0.021787
4.090000,-0.062658,0.018260,-0.081097,-0.824773,0.213502,0.021678
4.100000,-0.062343,0.018169,-0.080689,-0.826513,0.213027,0.021570
4.110000,-0.062030,0.018078,-0.080282,-0.828242,0.212554,0.021462
4.120000,-0.061718,0.017988,-0.079878,-0.829961,0.212082,0.021355
4.130000,-0.061408,0.017898,-0.079476,-0.831671,0.211611,0.021249
4.140000,-0.061099,0.017809,-0.079075,-0.833371,0.211141,0.021143
4.150000,-0.060792,0.017720,-0.078677,-0.835061,0.210673,0.021037
4.160000,-0.060487,0.017631,-0.078281,-0.836742,0.210206,0.020932
4.170000,-0.060183,0.017543,-0.077887,-0.838413,0.209740,0.020828
4.180000,-0.059880,0.017456,-0.077495,-0.840075,0.209275,0.020724
4.190000,-0.059580,0.017369,-0.077105,-0.841727,0.208812,0.020620
4.200000,-0.059280,0.017282,-0.076717,-0.843370,0.208350,0.020517
4.210000,-0.058983,0.017196,-0.076331,-0.845003,0.207889,0.020415
4.220000,-0.058687,0.017110,-0.075947,-0.846627,0.207429,0.020313
4.230000,-0.058392,0.017025,-0.075564,-0.848242,0.206970,0.020211
4.240000,-0.058099,0.016940,-0.075184,-0.849847,0.206513,0.020111
4.250000,-0.057807,0.016855,-0.074806,-0.851443,0.206057,0.020010
4.260000,-0.057517,0.016771,-0.074430,-0.853030,0.205602,0.019910
4.270000,-0.057228,0.016687,-0.074055,-0.854608,0.205148,0.019811
4.280000,-0.056941,0.016604,-0.073683,-0.856177,0.204695,0.019712
4.290000,-0.056655,0.016521,-0.073312,-0.857737,0.204244,0.019614
4.300000,-0.056370,0.016439,-0.072944,-0.859288,0.203794,0.019516
4.310000,-0.056088,0.016357,-0.072577,-0.860830,0.203345,0.019418
4.320000,-0.055806,0.016275,-0.072212,-0.862363,0.202897,0.019321
4.330000,-0.055526,0.016194,-0.071849,-0.863887,0.202450,0.019225
4.340000,-0.055247,0.016113,-0.071488,-0.865402,0.202005,0.019129
4.350000,-0.054970,0.016033,-0.071128,-0.866908,0.201560,0.019034
4.360000,-0.054694,0.015953,-0.070771,-0.868406,0.201117,0.018939
4.370000,-0.054420,0.015873,-0.070415,-0.869895,0.200675,0.018844
4.380000,-0.054147,0.015794,-0.070061,-0.871376,0.200234,0.018750
4.390000,-0.053875,0.015715,-0.069709,-0.872847,0.199794,0.018656
4.400000,-0.053605,0.015637,-0.069359,-0.874311,0.199356,0.018563
4.410000,-0.053336,0.015559,-0.069011,-0.875765,0.198918,0.018471
4.420000,-0.053069,0.015481,-0.068664,-0.877212,0.198482,0.018378
4.430000,-0.052802,0.015404,-0.068319,-0.878650,0.198047,0.018287
4.440000,-0.052538,0.015327,-0.067976,-0.880079,0.197613,0.018195
4.450000,-0.052274,0.015250,-0.067634,-0.881500,0.197180,0.018105
4.460000,-0.052012,0.015174,-0.067295,-0.882913,0.196748,0.018014
4.470000,-0.051751,0.015099,-0.066957,-0.884318,0.196317,0.017924
4.480000,-0.051492,0.015023,-0.066620,-0.885714,0.195887,0.017835
4.490000,-0.051234,0.014948,-0.066286,-0.887102,0.195459,0.017746
4.500000,-0.050977,0.014874,-0.065953,-0.888482,0.195031,0.017657
4.510000,-0.050721,0.014799,-0.065622,-0.889854,0.194605,0.017569
4.520000,-0.050467,0.014726,-0.065292,-0.891218,0.194180,0.017482
4.530000,-0.050214,0.014652,-0.064965,-0.892574,0.193755,0.017394
4.540000,-0.049962,0.014579,-0.064639,-0.893922,0.193332,0.017308
4.550000,-0.049712,0.014506,-0.064314,-0.895262,0.192910,0.017221
4.560000,-0.049463,0.014434,-0.063991,-0.896594,0.192489,0.017135
4.570000,-0.049215,0.014362,-0.063670,-0.897918,0.192069,0.017050
4.580000,-0.048968,0.014290,-0.063351,-0.899235,0.191651,0.016965
4.590000,-0.048723,0.014219,-0.063033,-0.900543,0.191233,0.016880
4.600000,-0.048479,0.014148,-0.062716,-0.901844,0.190816,0.016796
4.610000,-0.048236,0.014077,-0.062402,-0.903138,0.190400,0.016712
4.620000,-0.047994,0.014007,-0.062089,-0.904423,0.189986,0.016629
4.630000,-0.047754,0.013937,-0.061777,-0.905701,0.189572,0.016546
4.640000,-0.047514,0.013868,-0.061467,-0.906972,0.189160,0.016463
4.650000,-0.047276,0.013798,-0.061159,-0.908235,0.188748,0.016381
4.660000,-0.047039,0.013730,-0.060852,-0.909490,0.188338,0.016299
4.670000,-0.046804,0.013661,-0.060547,-0.910738,0.187929,0.016218
4.680000,-0.046569,0.013593,-0.060243,-0.911979,0.187520,0.016137
4.690000,-0.046336,0.013525,-0.059941,-0.913212,0.187113,0.016056
4.700000,-0.046104,0.013458,-0.059640,-0.914438,0.186707,0.015976
4.710000,-0.045873,0.013391,-0.059341,-0.915657,0.186302,0.015896
4.720000,-0.045643,0.013324,-0.059044,-0.916868,0.185897,0.015817
4.730000,-0.045415,0.013257,-0.058748,-0.918073,0.185494,0.015738
4.740000,-0.045187,0.013191,-0.058453,-0.919270,0.185092,0.015660
4.750000,-0.044961,0.013125,-0.058160,-0.920459,0.184691,0.015582
4.760000,-0.044736,0.013060,-0.057869,-0.921642,0.184290,0.015504
4.770000,-0.044512,0.012995,-0.057578,-0.922818,0.183891,0.015426
4.780000,-0.044289,0.012930,-0.057290,-0.923987,0.183493,0.015349
4.790000,-0.044067,0.012865,-0.057003,-0.925149,0.183096,0.015273
4.800000,-0.043847,0.012801,-0.056717,-0.926303,0.182700,0.015197
4.810000,-0.043627,0.012737,-0.056433,-0.927451,0.182304,0.015121
4.820000,-0.043409,0.012674,-0.056150,-0.928592,0.181910,0.015045
4.830000,-0.043191,0.012610,-0.055868,-0.929727,0.181517,0.014970
4.840000,-0.042975,0.012548,-0.055588,-0.930854,0.181125,0.014896
4.850000,-0.042760,0.012485,-0.055310,-0.931975,0.180733,0.014821
4.860000,-0.042546,0.012423,-0.055033,-0.933089,0.180343,0.014747
4.870000,-0.042333,0.012361,-0.054757,-0.934196,0.179954,0.014674
4.880000,-0.042121,0.012299,-0.054483,-0.935296,0.179565,0.014601
4.890000,-0.041910,0.012238,-0.054210,-0.936390,0.179178,0.014528
4.900000,-0.041701,0.012177,-0.053938,-0.937478,0.178791,0.014455
4.910000,-0.041492,0.012116,-0.053668,-0.938559,0.178406,0.014383
4.920000,-0.041284,0.012055,-0.053399,-0.939633,0.178021,0.014311
4.930000,-0.041078,0.011995,-0.053131,-0.940701,0.177637,0.014240
4.940000,-0.040872,0.011935,-0.052865,-0.941763,0.177255,0.014169
4.950000,-0.040667,0.011876,-0.052601,-0.942818,0.176873,0.014098
4.960000,-0.040464,0.011817,-0.052337,-0.943866,0.176492,0.014028
4.970000,-0.040262,0.011758,-0.052075,-0.944909,0.176112,0.013958
4.980000,-0.040060,0.011699,-0.051814,-0.945945,0.175733,0.013888
4.990000,-0.039860,0.011641,-0.051555,-0.946975,0.175355,0.013819
5.000000,-0.039660,0.011583,-0.051296,-0.947999,0.174978,0.013750
5.010000,-0.039462,0.011525,-0.051040,-0.949016,0.174602,0.013681
5.020000,-0.039264,0.011467,-0.050784,-0.950027,0.174227,0.013613
5.030000,-0.039068,0.011410,-0.050530,-0.951033,0.173853,0.013545
5.040000,-0.038872,0.011353,-0.050277,-0.952032,0.173479,0.013478
5.050000,-0.038678,0.011297,-0.050025,-0.953025,0.173107,0.013410
5.060000,-0.038485,0.011240,-0.049775,-0.954012,0.172735,0.013343
5.070000,-0.038292,0.011184,-0.049525,-0.954993,0.172365,0.013277
5.080000,-0.038100,0.011128,-0.049277,-0.955968,0.171995,0.013211
5.090000,-0.037910,0.011073,-0.049031,-0.956937,0.171626,0.013145
5.100000,-0.037720,0.011018,-0.048785,-0.957900,0.171258,0.013079
5.110000,-0.037532,0.010963,-0.048541,-0.958858,0.170891,0.013014
5.120000,-0.037344,0.010908,-0.048298,-0.959810,0.170525,0.012949
5.130000,-0.037157,0.010853,-0.048056,-0.960755,0.170160,0.012884
5.140000,-0.036971,0.010799,-0.047816,-0.961696,0.169795,0.012820
5.150000,-0.036786,0.010745,-0.047576,-0.962630,0.169432,0.012756
5.160000,-0.036602,0.010692,-0.047338,-0.963559,0.169069,0.012692
5.170000,-0.036419,0.010639,-0.047101,-0.964482,0.168707,0.012629
5.180000,-0.036237,0.010585,-0.046866,-0.965399,0.168346,0.012566
5.190000,-0.036056,0.010533,-0.046631,-0.966311,0.167986,0.012503
5.200000,-0.035876,0.010480,-0.046398,-0.967217,0.167627,0.012441
5.210000,-0.035696,0.010428,-0.046166,-0.968118,0.167269,0.012379
5.220000,-0.035518,0.010376,-0.045935,-0.969013,0.166912,0.012317
5.230000,-0.035340,0.010324,-0.045705,-0.969903,0.166555,0.012256
5.240000,-0.035164,0.010273,-0.045476,-0.970788,0.166199,0.012195
5.250000,-0.034988,0.010221,-0.045249,-0.971667,0.165845,0.012134
5.260000,-0.034813,0.010170,-0.045022,-0.972540,0.165491,0.012073
5.270000,-0.034639,0.010120,-0.044797,-0.973408,0.165138,0.012013
5.280000,-0.034466,0.010069,-0.044573,-0.974271,0.164785,0.011953
5.290000,-0.034293,0.010019,-0.044350,-0.975129,0.164434,0.011893
5.300000,-0.034122,0.009969,-0.044128,-0.975982,0.164083,0.011834
5.310000,-0.033951,0.009919,-0.043907,-0.976829,0.163734,0.011775
5.320000,-0.033782,0.009870,-0.043688,-0.977671,0.163385,0.011716
5.330000,-0.033613,0.009820,-0.043469,-0.978508,0.163037,0.011658
5.340000,-0.033445,0.009771,-0.043252,-0.979339,0.162689,0.011600
5.350000,-0.033278,0.009723,-0.043035,-0.980166,0.162343,0.011542
5.360000,-0.033111,0.009674,-0.042820,-0.980988,0.161997,0.011484
5.370000,-0.032946,0.009626,-0.042606,-0.981804,0.161653,0.011427
5.380000,-0.032781,0.009578,-0.042393,-0.982616,0.161309,0.011370
5.390000,-0.032617,0.009530,-0.042181,-0.983422,0.160966,0.011313
5.400000,-0.032454,0.009483,-0.041970,-0.984224,0.160623,0.011257
5.410000,-0.032292,0.009435,-0.041760,-0.985020,0.160282,0.011201
5.420000,-0.032131,0.009388,-0.041551,-0.985812,0.159941,0.011145
5.430000,-0.031970,0.009341,-0.041343,-0.986599,0.159601,0.011089
5.440000,-0.031810,0.009295,-0.041137,-0.987381,0.159262,0.011034
5.450000,-0.031651,0.009248,-0.040931,-0.988158,0.158924,0.010979
5.460000,-0.031493,0.009202,-0.040726,-0.988931,0.158587,0.010924
5.470000,-0.031336,0.009156,-0.040523,-0.989698,0.158250,0.010870
5.480000,-0.031179,0.009111,-0.040320,-0.990461,0.157914,0.010815
5.490000,-0.031023,0.009065,-0.040118,-0.991220,0.157579,0.010761
5.500000,-0.030868,0.009020,-0.039918,-0.991973,0.157245,0.010708
5.510000,-0.030714,0.008975,-0.039718,-0.992722,0.156911,0.010654
5.520000,-0.030561,0.008930,-0.039520,-0.993466,0.156579,0.010601
5.530000,-0.030408,0.008886,-0.039322,-0.994206,0.156247,0.010548
5.540000,-0.030256,0.008841,-0.039125,-0.994941,0.155916,0.010496
5.550000,-0.030105,0.008797,-0.038930,-0.995672,0.155585,0.010443
5.560000,-0.029954,0.008753,-0.038735,-0.996398,0.155256,0.010391
5.570000,-0.029805,0.008710,-0.038542,-0.997120,0.154927,0.010339
5.580000,-0.029656,0.008666,-0.038349,-0.997837,0.154599,0.010288
5.590000,-0.029508,0.008623,-0.038157,-0.998549,0.154272,0.010236
5.600000,-0.029360,0.008580,-0.037967,-0.999258,0.153946,0.010185
5.610000,-0.029213,0.008537,-0.037777,-0.999962,0.153620,0.010135
5.620000,-0.029068,0.008495,-0.037588,-1.000661,0.153295,0.010084
5.630000,-0.028922,0.008452,-0.037400,-1.001356,0.152971,0.010034
5.640000,-0.028778,0.008410,-0.037213,-1.002047,0.152647,0.009984
5.650000,-0.028634,0.008368,-0.037027,-1.002734,0.152325,0.009934
5.660000,-0.028491,0.008326,-0.036842,-1.003416,0.152003,0.009884
5.670000,-0.028349,0.008285,-0.036658,-1.004095,0.151682,0.009835
5.680000,-0.028207,0.008244,-0.036475,-1.004769,0.151361,0.009786
5.690000,-0.028066,0.008202,-0.036292,-1.005438,0.151042,0.009737
5.700000,-0.027926,0.008162,-0.036111,-1.006104,0.150723,0.009688
5.710000,-0.027786,0.008121,-0.035931,-1.006766,0.150405,0.009640
5.720000,-0.027648,0.008080,-0.035751,-1.007423,0.150087,0.009592
5.730000,-0.027510,0.008040,-0.035572,-1.008076,0.149771,0.009544
5.740000,-0.027372,0.008000,-0.035395,-1.008726,0.149455,0.009497
5.750000,-0.027235,0.007960,-0.035218,-1.009371,0.149140,0.009449
5.760000,-0.027099,0.007920,-0.035042,-1.010012,0.148825,0.009402
5.770000,-0.026964,0.007881,-0.034867,-1.010649,0.148512,0.009355
5.780000,-0.026829,0.007842,-0.034692,-1.011283,0.148199,0.009309
5.790000,-0.026695,0.007802,-0.034519,-1.011912,0.147886,0.009262
5.800000,-0.026562,0.007763,-0.034347,-1.012537,0.147575,0.009216
5.810000,-0.026429,0.007725,-0.034175,-1.013159,0.147264,0.009170
5.820000,-0.026297,0.007686,-0.034004,-1.013777,0.146954,0.009124
5.830000,-0.026166,0.007648,-0.033834,-1.014390,0.146645,0.009079
5.840000,-0.026035,0.007610,-0.033665,-1.015000,0.146336,0.009033
5.850000,-0.025905,0.007572,-0.033497,-1.015607,0.146028,0.008988
5.860000,-0.025776,0.007534,-0.033330,-1.016209,0.145721,0.008943
5.870000,-0.025647,0.007496,-0.033163,-1.016808,0.145414,0.008899
5.880000,-0.025519,0.007459,-0.032998,-1.017403,0.145108,0.008854
5.890000,-0.025392,0.007422,-0.032833,-1.017994,0.144803,0.008810
5.900000,-0.025265,0.007385,-0.032669,-1.018581,0.144499,0.008766
5.910000,-0.025139,0.007348,-0.032505,-1.019165,0.144195,0.008723
5.920000,-0.025013,0.007311,-0.032343,-1.019745,0.143892,0.008679
5.930000,-0.024888,0.007275,-0.032181,-1.020322,0.143590,0.008636
5.940000,-0.024764,0.007239,-0.032021,-1.020895,0.143288,0.008593
5.950000,-0.024640,0.007202,-0.031861,-1.021465,0.142988,0.008550
5.960000,-0.024517,0.007167,-0.031702,-1.022030,0.142687,0.008507
5.970000,-0.024395,0.007131,-0.031543,-1.022593,0.142388,0.008465
5.980000,-0.024273,0.007095,-0.031386,-1.023152,0.142089,0.008423
5.990000,-0.024152,0.007060,-0.031229,-1.023707,0.141791,0.008381
6.000000,-0.024031,0.007025,-0.031073,-1.024259,0.141493,0.008339
6.010000,-0.023911,0.006990,-0.030918,-1.024807,0.141197,0.008297
6.020000,-0.023792,0.006955,-0.030763,-1.025352,0.140901,0.008256
6.030000,-0.023673,0.006920,-0.030610,-1.025894,0.140605,0.008215
6.040000,-0.023555,0.006885,-0.030457,-1.026432,0.140310,0.008174
6.050000,-0.023437,0.006851,-0.030305,-1.026967,0.140016,0.008133
6.060000,-0.023320,0.006817,-0.030153,-1.027498,0.139723,0.008092
6.070000,-0.023204,0.006783,-0.030003,-1.028026,0.139430,0.008052
6.080000,-0.023088,0.006749,-0.029853,-1.028551,0.139138,0.008012
6.090000,-0.022973,0.006715,-0.029704,-1.029073,0.138847,0.007972
6.100000,-0.022858,0.006682,-0.029555,-1.029591,0.138556,0.007932
6.110000,-0.022744,0.006649,-0.029408,-1.030106,0.138266,0.007892
6.120000,-0.022630,0.006615,-0.029261,-1.030618,0.137977,0.007853
6.130000,-0.022517,0.006582,-0.029115,-1.031127,0.137688,0.007814
6.140000,-0.022405,0.006550,-0.028969,-1.031632,0.137400,0.007775
6.150000,-0.022293,0.006517,-0.028825,-1.032134,0.137113,0.007736
6.160000,-0.022182,0.006484,-0.028681,-1.032633,0.136826,0.007698
6.170000,-0.022071,0.006452,-0.028538,-1.033129,0.136540,0.007659
6.180000,-0.021961,0.006420,-0.028395,-1.033622,0.136254,0.007621
6.190000,-0.021851,0.006388,-0.028253,-1.034112,0.135970,0.007583
6.200000,-0.021742,0.006356,-0.028112,-1.034599,0.135685,0.007545
6.210000,-0.021634,0.006324,-0.027972,-1.035082,0.135402,0.007507
6.220000,-0.021526,0.006293,-0.027832,-1.035563,0.135119,0.007470
6.230000,-0.021418,0.006261,-0.027693,-1.036041,0.134837,0.007433
6.240000,-0.021311,0.006230,-0.027555,-1.036515,0.134555,0.007396
6.250000,-0.021205,0.006199,-0.027417,-1.036987,0.134274,0.007359
6.260000,-0.021099,0.006168,-0.027280,-1.037455,0.133994,0.007322
6.270000,-0.020994,0.006137,-0.027144,-1.037921,0.133714,0.007286
6.280000,-0.020889,0.006107,-0.027009,-1.038384,0.133435,0.007249
6.290000,-0.020785,0.006076,-0.026874,-1.038844,0.133157,0.007213
6.300000,-0.020681,0.006046,-0.026740,-1.039301,0.132879,0.007177
6.310000,-0.020578,0.006016,-0.026606,-1.039755,0.132602,0.007141
6.320000,-0.020475,0.005986,-0.026473,-1.040206,0.132326,0.007106
6.330000,-0.020373,0.005956,-0.026341,-1.040654,0.132050,0.007070
6.340000,-0.020271,0.005926,-0.026210,-1.041100,0.131774,0.007035
6.350000,-0.020170,0.005897,-0.026079,-1.041543,0.131500,0.007000
6.360000,-0.020069,0.005867,-0.025948,-1.041983,0.131226,0.006965
6.370000,-0.019969,0.005838,-0.025819,-1.042420,0.130952,0.006930
6.380000,-0.019869,0.005809,-0.025690,-1.042854,0.130680,0.006896
6.390000,-0.019770,0.005780,-0.025562,-1.043286,0.130407,0.006861
6.400000,-0.019671,0.005751,-0.025434,-1.043715,0.130136,0.006827
6.410000,-0.019573,0.005722,-0.025307,-1.044141,0.129865,0.006793
6.420000,-0.019475,0.005694,-0.025181,-1.044565,0.129594,0.006759
6.430000,-0.019378,0.005666,-0.025055,-1.044986,0.129325,0.006725
6.440000,-0.019282,0.005637,-0.024930,-1.045404,0.129056,0.006692
6.450000,-0.019185,0.005609,-0.024806,-1.045820,0.128787,0.006658
6.460000,-0.019090,0.005581,-0.024682,-1.046233,0.128519,0.006625
6.470000,-0.018994,0.005553,-0.024558,-1.046643,0.128252,0.006592
6.480000,-0.018899,0.005526,-0.024436,-1.047051,0.127985,0.006559
6.490000,-0.018805,0.005498,-0.024314,-1.047456,0.127719,0.006527
6.500000,-0.018711,0.005471,-0.024193,-1.047859,0.127453,0.006494
6.510000,-0.018618,0.005443,-0.024072,-1.048259,0.127189,0.006462
6.520000,-0.018525,0.005416,-0.023952,-1.048657,0.126924,0.006429
6.530000,-0.018433,0.005389,-0.023832,-1.049052,0.126660,0.006397
6.540000,-0.018341,0.005362,-0.023713,-1.049444,0.126397,0.006365
6.550000,-0.018249,0.005336,-0.023595,-1.049834,0.126135,0.006334
6.560000,-0.018158,0.005309,-0.023477,-1.050222,0.125873,0.006302
6.570000,-0.018067,0.005282,-0.023360,-1.050607,0.125611,0.006271
6.580000,-0.017977,0.005256,-0.023243,-1.050990,0.125350,0.006239
6.590000,-0.017887,0.005230,-0.023127,-1.051371,0.125090,0.006208
6.600000,-0.017798,0.005204,-0.023012,-1.051748,0.124831,0.006177
6.610000,-0.017709,0.005178,-0.022897,-1.052124,0.124572,0.006146
6.620000,-0.017621,0.005152,-0.022782,-1.052497,0.124313,0.006116
6.630000,-0.017533,0.005126,-0.022669,-1.052868,0.124055,0.006085
6.640000,-0.017446,0.005101,-0.022556,-1.053237,0.123798,0.006055
6.650000,-0.017358,0.005075,-0.022443,-1.053603,0.123541,0.006025
6.660000,-0.017272,0.005050,-0.022331,-1.053967,0.123285,0.005995
6.670000,-0.017186,0.005025,-0.022220,-1.054328,0.123029,0.005965
6.680000,-0.017100,0.005000,-0.022109,-1.054687,0.122774,0.005935
6.690000,-0.017015,0.004975,-0.021998,-1.055044,0.122520,0.005905
6.700000,-0.016930,0.004950,-0.021889,-1.055399,0.122266,0.005876
6.710000,-0.016845,0.004925,-0.021779,-1.055752,0.122012,0.005847
6.720000,-0.016761,0.004901,-0.021671,-1.056102,0.121760,0.005818
6.730000,-0.016677,0.004876,-0.021562,-1.056450,0.121507,0.005789
6.740000,-0.016594,0.004852,-0.021455,-1.056796,0.121256,0.005760
6.750000,-0.016511,0.004828,-0.021348,-1.057139,0.121004,0.005731
6.760000,-0.016429,0.004804,-0.021241,-1.057481,0.120754,0.005702
6.770000,-0.016347,0.004780,-0.021135,-1.057820,0.120504,0.005674
6.780000,-0.016265,0.004756,-0.021030,-1.058157,0.120254,0.005646
6.790000,-0.016184,0.004732,-0.020925,-1.058492,0.120006,0.005617
6.800000,-0.016104,0.004709,-0.020820,-1.058825,0.119757,0.005589
6.810000,-0.016023,0.004685,-0.020716,-1.059156,0.119509,0.005562
6.820000,-0.015943,0.004662,-0.020613,-1.059485,0.119262,0.005534
6.830000,-0.015864,0.004638,-0.020510,-1.059811,0.119015,0.005506
6.840000,-0.015784,0.004615,-0.020408,-1.060136,0.118769,0.005479
6.850000,-0.015706,0.004592,-0.020306,-1.060458,0.118524,0.005451
6.860000,-0.015627,0.004569,-0.020205,-1.060779,0.118279,0.005424
6.870000,-0.015549,0.004547,-0.020104,-1.061097,0.118034,0.005397
6.880000,-0.015472,0.004524,-0.020003,-1.061413,0.117790,0.005370
6.890000,-0.015395,0.004501,-0.019904,-1.061728,0.117547,0.005343
6.900000,-0.015318,0.004479,-0.019804,-1.062040,0.117304,0.005317
6.910000,-0.015241,0.004457,-0.019705,-1.062351,0.117061,0.005290
6.920000,-0.015165,0.004434,-0.019607,-1.062659,0.116819,0.005264
6.930000,-0.015090,0.004412,-0.019509,-1.062965,0.116578,0.005238
6.940000,-0.015014,0.004390,-0.019412,-1.063270,0.116337,0.005212
6.950000,-0.014939,0.004368,-0.019315,-1.063573,0.116097,0.005186
6.960000,-0.014865,0.004347,-0.019219,-1.063873,0.115857,0.005160
6.970000,-0.014791,0.004325,-0.019123,-1.064172,0.115618,0.005134
6.980000,-0.014717,0.004303,-0.019027,-1.064469,0.115379,0.005108
6.990000,-0.014643,0.004282,-0.018932,-1.064764,0.115141,0.005083
7.000000,-0.014570,0.004261,-0.018838,-1.065057,0.114904,0.005057
7.010000,-0.014498,0.004239,-0.018744,-1.065348,0.114666,0.005032
7.020000,-0.014425,0.004218,-0.018650,-1.065637,0.114430,0.005007
7.030000,-0.014353,0.004197,-0.018557,-1.065925,0.114194,0.004982
7.040000,-0.014282,0.004176,-0.018465,-1.066211,0.113958,0.004957
7.050000,-0.014210,0.004155,-0.018372,-1.066495,0.113723,0.004933
7.060000,-0.014140,0.004135,-0.018281,-1.066777,0.113489,0.004908
7.070000,-0.014069,0.004114,-0.018190,-1.067057,0.113255,0.004884
7.080000,-0.013999,0.004093,-0.018099,-1.067336,0.113021,0.004859
7.090000,-0.013929,0.004073,-0.018008,-1.067612,0.112788,0.004835
7.100000,-0.013859,0.004053,-0.017919,-1.067887,0.112556,0.004811
7.110000,-0.013790,0.004032,-0.017829,-1.068160,0.112324,0.004787
7.120000,-0.013722,0.004012,-0.017740,-1.068432,0.112092,0.004763
7.130000,-0.013653,0.003992,-0.017652,-1.068702,0.111861,0.004739
7.140000,-0.013585,0.003972,-0.017564,-1.068970,0.111631,0.004716
7.150000,-0.013517,0.003953,-0.017476,-1.069236,0.111401,0.004692
7.160000,-0.013450,0.003933,-0.017389,-1.069501,0.111171,0.004669
7.170000,-0.013383,0.003913,-0.017302,-1.069764,0.110942,0.004645
7.180000,-0.013316,0.003894,-0.017216,-1.070025,0.110714,0.004622
7.190000,-0.013249,0.003874,-0.017130,-1.070285,0.110486,0.004599
7.200000,-0.013183,0.003855,-0.017044,-1.070543,0.110259,0.004576
7.210000,-0.013118,0.003836,-0.016959,-1.070799,0.110032,0.004553
7.220000,-0.013052,0.003817,-0.016875,-1.071054,0.109805,0.004531
7.230000,-0.012987,0.003798,-0.016790,-1.071307,0.109579,0.004508
7.240000,-0.012922,0.003779,-0.016707,-1.071558,0.109354,0.004486
7.250000,-0.012858,0.003760,-0.016623,-1.071808,0.109129,0.004463
7.260000,-0.012794,0.003741,-0.016540,-1.072056,0.108904,0.004441
7.270000,-0.012730,0.003722,-0.016458,-1.072303,0.108680,0.004419
7.280000,-0.012666,0.003704,-0.016376,-1.072548,0.108457,0.004397
7.290000,-0.012603,0.003685,-0.016294,-1.072792,0.108234,0.004375
7.300000,-0.012540,0.003667,-0.016213,-1.073034,0.108011,0.004353
7.310000,-0.012478,0.003649,-0.016132,-1.073274,0.107789,0.004331
7.320000,-0.012415,0.003631,-0.016051,-1.073513,0.107567,0.004310
7.330000,-0.012353,0.003612,-0.015971,-1.073751,0.107346,0.004288
7.340000,-0.012292,0.003594,-0.015892,-1.073987,0.107126,0.004267
7.350000,-0.012230,0.003576,-0.015812,-1.074221,0.106906,0.004246
7.360000,-0.012169,0.003559,-0.015733,-1.074454,0.106686,0.004224
7.370000,-0.012109,0.003541,-0.015655,-1.074685,0.106467,0.004203
7.380000,-0.012048,0.003523,-0.015577,-1.074915,0.106248,0.004182
7.390000,-0.011988,0.003506,-0.015499,-1.075144,0.106030,0.004161
7.400000,-0.011928,0.003488,-0.015422,-1.075371,0.105812,0.004141
7.410000,-0.011869,0.003471,-0.015345,-1.075596,0.105595,0.004120
7.420000,-0.011810,0.003453,-0.015268,-1.075820,0.105378,0.004099
7.430000,-0.011751,0.003436,-0.015192,-1.076043,0.105161,0.004079
7.440000,-0.011692,0.003419,-0.015116,-1.076264,0.104946,0.004059
7.450000,-0.011634,0.003402,-0.015041,-1.076484,0.104730,0.004038
7.460000,-0.011576,0.003385,-0.014966,-1.076703,0.104515,0.004018
7.470000,-0.011518,0.003368,-0.014891,-1.076920,0.104301,0.003998
7.480000,-0.011461,0.003351,-0.014817,-1.077135,0.104087,0.003978
7.490000,-0.011403,0.003335,-0.014743,-1.077350,0.103873,0.003958
7.500000,-0.011346,0.003318,-0.014669,-1.077563,0.103660,0.003939
7.510000,-0.011290,0.003302,-0.014596,-1.077774,0.103447,0.003919
7.520000,-0.011234,0.003285,-0.014523,-1.077984,0.103235,0.003900
7.530000,-0.011177,0.003269,-0.014451,-1.078193,0.103023,0.003880
7.540000,-0.011122,0.003252,-0.014379,-1.078401,0.102812,0.003861
7.550000,-0.011066,0.003236,-0.014307,-1.078607,0.102601,0.003841
7.560000,-0.011011,0.003220,-0.014236,-1.078812,0.102391,0.003822
7.570000,-0.010956,0.003204,-0.014165,-1.079016,0.102181,0.003803
7.580000,-0.010901,0.003188,-0.014094,-1.079218,0.101972,0.003784
7.590000,-0.010847,0.003172,-0.014024,-1.079419,0.101763,0.003765
7.600000,-0.010793,0.003156,-0.013954,-1.079619,0.101554,0.003747
7.610000,-0.010739,0.003140,-0.013884,-1.079817,0.101346,0.003728
7.620000,-0.010686,0.003125,-0.013815,-1.080014,0.101138,0.003709
7.630000,-0.010632,0.003109,-0.013746,-1.080210,0.100931,0.003691
7.640000,-0.010579,0.003094,-0.013677,-1.080405,0.100724,0.003672
7.650000,-0.010526,0.003078,-0.013609,-1.080598,0.100518,0.003654
7.660000,-0.010474,0.003063,-0.013541,-1.080791,0.100312,0.003636
7.670000,-0.010422,0.003048,-0.013474,-1.080981,0.100107,0.003618
7.680000,-0.010370,0.003032,-0.013406,-1.081171,0.099902,0.003600
7.690000,-0.010318,0.003017,-0.013339,-1.081360,0.099697,0.003582
7.700000,-0.010266,0.003002,-0.013273,-1.081547,0.099493,0.003564
7.710000,-0.010215,0.002987,-0.013207,-1.081733,0.099289,0.003546
7.720000,-0.010164,0.002972,-0.013141,-1.081918,0.099086,0.003528
7.730000,-0.010114,0.002958,-0.013075,-1.082102,0.098883,0.003511
7.740000,-0.010063,0.002943,-0.013010,-1.082284,0.098681,0.003493
7.750000,-0.010013,0.002928,-0.012945,-1.082466,0.098479,0.003476
7.760000,-0.009963,0.002914,-0.012881,-1.082646,0.098277,0.003459
7.770000,-0.009913,0.002899,-0.012816,-1.082825,0.098076,0.003441
7.780000,-0.009864,0.002885,-0.012752,-1.083003,0.097876,0.003424
7.790000,-0.009815,0.002870,-0.012689,-1.083180,0.097675,0.003407
7.800000,-0.009766,0.002856,-0.012625,-1.083356,0.097476,0.003390
7.810000,-0.009717,0.002842,-0.012562,-1.083530,0.097276,0.003373
7.820000,-0.009668,0.002827,-0.012500,-1.083704,0.097077,0.003356
7.830000,-0.009620,0.002813,-0.012437,-1.083876,0.096879,0.003340
7.840000,-0.009572,0.002799,-0.012375,-1.084047,0.096681,0.003323
7.850000,-0.009525,0.002785,-0.012314,-1.084217,0.096483,0.003306
7.860000,-0.009477,0.002771,-0.012252,-1.084386,0.096286,0.003290
7.870000,-0.009430,0.002758,-0.012191,-1.084554,0.096089,0.003273
7.880000,-0.009383,0.002744,-0.012130,-1.084721,0.095893,0.003257
7.890000,-0.009336,0.002730,-0.012070,-1.084887,0.095697,0.003241
7.900000,-0.009289,0.002717,-0.012010,-1.085052,0.095501,0.003225
7.910000,-0.009243,0.002703,-0.011950,-1.085216,0.095306,0.003209
7.920000,-0.009197,0.002690,-0.011890,-1.085378,0.095111,0.003193
7.930000,-0.009151,0.002676,-0.011831,-1.085540,0.094917,0.003177
7.940000,-0.009105,0.002663,-0.011772,-1.085700,0.094723,0.003161
7.950000,-0.009060,0.002650,-0.011713,-1.085860,0.094530,0.003145
7.960000,-0.009015,0.002636,-0.011655,-1.086018,0.094336,0.003129
7.970000,-0.008970,0.002623,-0.011596,-1.086176,0.094144,0.003114
7.980000,-0.008925,0.002610,-0.011539,-1.086332,0.093952,0.003098
7.990000,-0.008880,0.002597,-0.011481,-1.086488,0.093760,0.003083
8.000000,-0.008836,0.002584,-0.011424,-1.086643,0.093568,0.003067
8.010000,-0.008792,0.002571,-0.011367,-1.086796,0.093377,0.003052
8.020000,-0.008748,0.002558,-0.011310,-1.086949,0.093187,0.003037
8.030000,-0.008705,0.002546,-0.011254,-1.087100,0.092996,0.003022
8.040000,-0.008661,0.002533,-0.011197,-1.087251,0.092807,0.003007
8.050000,-0.008618,0.002520,-0.011142,-1.087400,0.092617,0.002992
8.060000,-0.008575,0.002508,-0.011086,-1.087549,0.092428,0.002977
8.070000,-0.008532,0.002495,-0.011031,-1.087697,0.092240,0.002962
8.080000,-0.008490,0.002483,-0.010976,-1.087843,0.092051,0.002947
8.090000,-0.008447,0.002470,-0.010921,-1.087989,0.091864,0.002932
8.100000,-0.008405,0.002458,-0.010866,-1.088134,0.091676,0.002918
8.110000,-0.008363,0.002446,-0.010812,-1.088278,0.091489,0.002903
8.120000,-0.008322,0.002434,-0.010758,-1.088421,0.091303,0.002889
8.130000,-0.008280,0.002421,-0.010705,-1.088563,0.091116,0.002874
8.140000,-0.008239,0.002409,-0.010651,-1.088705,0.090931,0.002860
8.150000,-0.008198,0.002397,-0.010598,-1.088845,0.090745,0.002846
8.160000,-0.008157,0.002385,-0.010545,-1.088984,0.090560,0.002832
8.170000,-0.008116,0.002374,-0.010493,-1.089123,0.090376,0.002818
8.180000,-0.008076,0.002362,-0.010440,-1.089260,0.090191,0.002803
8.190000,-0.008035,0.002350,-0.010388,-1.089397,0.090007,0.002789
8.200000,-0.007995,0.002338,-0.010336,-1.089533,0.089824,0.002776
8.210000,-0.007955,0.002327,-0.010285,-1.089668,0.089641,0.002762
8.220000,-0.007916,0.002315,-0.010234,-1.089802,0.089458,0.002748
8.230000,-0.007876,0.002303,-0.010183,-1.089935,0.089276,0.002734
8.240000,-0.007837,0.002292,-0.010132,-1.090068,0.089094,0.002721
8.250000,-0.007798,0.002280,-0.010081,-1.090199,0.088912,0.002707
8.260000,-0.007759,0.002269,-0.010031,-1.090330,0.088731,0.002694
8.270000,-0.007720,0.002258,-0.009981,-1.090460,0.088551,0.002680
8.280000,-0.007682,0.002247,-0.009931,-1.090589,0.088370,0.002667
8.290000,-0.007643,0.002235,-0.009882,-1.090717,0.088190,0.002653
8.300000,-0.007605,0.002224,-0.009832,-1.090845,0.088011,0.002640
8.310000,-0.007567,0.002213,-0.009783,-1.090971,0.087831,0.002627
8.320000,-0.007530,0.002202,-0.009734,-1.091097,0.087652,0.002614
8.330000,-0.007492,0.002191,-0.009686,-1.091222,0.087474,0.002601
8.340000,-0.007455,0.002180,-0.009638,-1.091346,0.087296,0.002588
8.350000,-0.007417,0.002169,-0.009589,-1.091470,0.087118,0.002575
8.360000,-0.007380,0.002158,-0.009542,-1.091592,0.086941,0.002562
8.370000,-0.007344,0.002148,-0.009494,-1.091714,0.086764,0.002549
8.380000,-0.007307,0.002137,-0.009447,-1.091835,0.086587,0.002537
8.390000,-0.007271,0.002126,-0.009400,-1.091955,0.086411,0.002524
8.400000,-0.007234,0.002116,-0.009353,-1.092075,0.086235,0.002511
8.410000,-0.007198,0.002105,-0.009306,-1.092193,0.086060,0.002499
8.420000,-0.007162,0.002095,-0.009260,-1.092311,0.085885,0.002486
8.430000,-0.007127,0.002084,-0.009213,-1.092428,0.085710,0.002474
8.440000,-0.007091,0.002074,-0.009167,-1.092545,0.085535,0.002462
8.450000,-0.007056,0.002063,-0.009122,-1.092660,0.085361,0.002449
8.460000,-0.007020,0.002053,-0.009076,-1.092775,0.085188,0.002437
8.470000,-0.006985,0.002043,-0.009031,-1.092890,0.085014,0.002425
8.480000,-0.006951,0.002033,-0.008986,-1.093003,0.084842,0.002413
8.490000,-0.006916,0.002023,-0.008941,-1.093116,0.084669,0.002401
8.500000,-0.006881,0.002012,-0.008896,-1.093228,0.084497,0.002389
8.510000,-0.006847,0.002002,-0.008852,-1.093339,0.084325,0.002377
8.520000,-0.006813,0.001992,-0.008808,-1.093450,0.084154,0.002365
8.530000,-0.006779,0.001983,-0.008764,-1.093560,0.083982,0.002353
8.540000,-0.006745,0.001973,-0.008720,-1.093669,0.083812,0.002342
8.550000,-0.006712,0.001963,-0.008677,-1.093777,0.083641,0.002330
8.560000,-0.006678,0.001953,-0.008633,-1.093885,0.083471,0.002318
8.570000,-0.006645,0.001943,-0.008590,-1.093992,0.083302,0.002307
8.580000,-0.006612,0.001934,-0.008548,-1.094098,0.083132,0.002295
8.590000,-0.006579,0.001924,-0.008505,-1.094204,0.082963,0.002284
8.600000,-0.006546,0.001914,-0.008463,-1.094309,0.082795,0.002272
8.610000,-0.006513,0.001905,-0.008420,-1.094413,0.082626,0.002261
8.620000,-0.006481,0.001895,-0.008378,-1.094517,0.082459,0.002250
8.630000,-0.006448,0.001886,-0.008337,-1.094620,0.082291,0.002239
8.640000,-0.006416,0.001876,-0.008295,-1.094723,0.082124,0.002227
8.650000,-0.006384,0.001867,-0.008254,-1.094824,0.081957,0.002216
8.660000,-0.006352,0.001858,-0.008212,-1.094925,0.081791,0.002205
8.670000,-0.006321,0.001848,-0.008171,-1.095026,0.081624,0.002194
8.680000,-0.006289,0.001839,-0.008131,-1.095125,0.081459,0.002183
8.690000,-0.006258,0.001830,-0.008090,-1.095224,0.081293,0.002172
8.700000,-0.006227,0.001821,-0.008050,-1.095323,0.081128,0.002162
8.710000,-0.006195,0.001812,-0.008010,-1.095421,0.080963,0.002151
8.720000,-0.006165,0.001803,-0.007970,-1.095518,0.080799,0.002140
8.730000,-0.006134,0.001794,-0.007930,-1.095615,0.080635,0.002129
8.740000,-0.006103,0.001785,-0.007890,-1.095711,0.080471,0.002119
8.750000,-0.006073,0.001776,-0.007851,-1.095806,0.080308,0.002108
8.760000,-0.006042,0.001767,-0.007812,-1.095901,0.080145,0.002098
8.770000,-0.006012,0.001758,-0.007773,-1.095995,0.079982,0.002087
8.780000,-0.005982,0.001750,-0.007734,-1.096088,0.079820,0.002077
8.790000,-0.005953,0.001741,-0.007696,-1.096181,0.079658,0.002066
8.800000,-0.005923,0.001732,-0.007657,-1.096273,0.079496,0.002056
8.810000,-0.005893,0.001724,-0.007619,-1.096365,0.079335,0.002046
8.820000,-0.005864,0.001715,-0.007581,-1.096456,0.079174,0.002036
8.830000,-0.005835,0.001706,-0.007543,-1.096547,0.079013,0.002026
8.840000,-0.005806,0.001698,-0.007505,-1.096637,0.078853,0.002015
8.850000,-0.005777,0.001689,-0.007468,-1.096726,0.078693,0.002005
8.860000,-0.005748,0.001681,-0.007431,-1.096815,0.078533,0.001995
8.870000,-0.005719,0.001673,-0.007394,-1.096903,0.078374,0.001985
8.880000,-0.005691,0.001664,-0.007357,-1.096991,0.078215,0.001976
8.890000,-0.005662,0.001656,-0.007320,-1.097078,0.078056,0.001966
8.900000,-0.005634,0.001648,-0.007284,-1.097165,0.077898,0.001956
8.910000,-0.005606,0.001639,-0.007247,-1.097251,0.077740,0.001946
8.920000,-0.005578,0.001631,-0.007211,-1.097336,0.077582,0.001936
8.930000,-0.005550,0.001623,-0.007175,-1.097421,0.077425,0.001927
8.940000,-0.005522,0.001615,-0.007139,-1.097505,0.077268,0.001917
8.950000,-0.005495,0.001607,-0.007104,-1.097589,0.077111,0.001908
8.960000,-0.005467,0.001599,-0.007068,-1.097672,0.076955,0.001898
8.970000,-0.005440,0.001591,-0.007033,-1.097755,0.076799,0.001889
8.980000,-0.005413,0.001583,-0.006998,-1.097837,0.076643,0.001879
8.990000,-0.005386,0.001575,-0.006963,-1.097919,0.076488,0.001870
9.000000,-0.005359,0.001567,-0.006928,-1.098000,0.076333,0.001861
9.010000,-0.005332,0.001560,-0.006894,-1.098081,0.076178,0.001851
9.020000,-0.005306,0.001552,-0.006859,-1.098161,0.076024,0.001842
9.030000,-0.005279,0.001544,-0.006825,-1.098241,0.075869,0.001833
9.040000,-0.005253,0.001536,-0.006791,-1.098320,0.075716,0.001824
9.050000,-0.005227,0.001529,-0.006757,-1.098398,0.075562,0.001815
9.060000,-0.005201,0.001521,-0.006724,-1.098476,0.075409,0.001806
9.070000,-0.005175,0.001513,-0.006690,-1.098554,0.075256,0.001797
9.080000,-0.005149,0.001506,-0.006657,-1.098631,0.075104,0.001788
9.090000,-0.005123,0.001498,-0.006624,-1.098707,0.074952,0.001779
9.100000,-0.005098,0.001491,-0.006590,-1.098784,0.074800,0.001770
9.110000,-0.005072,0.001483,-0.006558,-1.098859,0.074648,0.001761
9.120000,-0.005047,0.001476,-0.006525,-1.098934,0.074497,0.001752
9.130000,-0.005022,0.001469,-0.006492,-1.099009,0.074346,0.001743
9.140000,-0.004997,0.001461,-0.006460,-1.099083,0.074196,0.001735
9.150000,-0.004972,0.001454,-0.006428,-1.099157,0.074045,0.001726
9.160000,-0.004947,0.001447,-0.006396,-1.099230,0.073895,0.001717
9.170000,-0.004922,0.001440,-0.006364,-1.099303,0.073746,0.001709
9.180000,-0.004898,0.001432,-0.006332,-1.099375,0.073596,0.001700
9.190000,-0.004873,0.001425,-0.006300,-1.099447,0.073447,0.001692
9.200000,-0.004849,0.001418,-0.006269,-1.099518,0.073299,0.001683
9.210000,-0.004825,0.001411,-0.006238,-1.099589,0.073150,0.001675
9.220000,-0.004801,0.001404,-0.006207,-1.099659,0.073002,0.001667
9.230000,-0.004777,0.001397,-0.006176,-1.099729,0.072854,0.001658
9.240000,-0.004753,0.001390,-0.006145,-1.099799,0.072707,0.001650
9.250000,-0.004729,0.001383,-0.006114,-1.099868,0.072560,0.001642
9.260000,-0.004706,0.001376,-0.006084,-1.099936,0.072413,0.001634
9.270000,-0.004682,0.001369,-0.006053,-1.100004,0.072266,0.001626
9.280000,-0.004659,0.001363,-0.006023,-1.100072,0.072120,0.001617
9.290000,-0.004636,0.001356,-0.005993,-1.100140,0.071974,0.001609
9.300000,-0.004613,0.001349,-0.005963,-1.100206,0.071828,0.001601
9.310000,-0.004590,0.001342,-0.005934,-1.100273,0.071683,0.001593
9.320000,-0.004567,0.001336,-0.005904,-1.100339,0.071538,0.001585
9.330000,-0.004544,0.001329,-0.005874,-1.100404,0.071393,0.001578
9.340000,-0.004521,0.001322,-0.005845,-1.100470,0.071249,0.001570
9.350000,-0.004499,0.001316,-0.005816,-1.100534,0.071105,0.001562
9.360000,-0.004476,0.001309,-0.005787,-1.100599,0.070961,0.001554
9.370000,-0.004454,0.001303,-0.005758,-1.100663,0.070817,0.001546
9.380000,-0.004432,0.001296,-0.005729,-1.100726,0.070674,0.001539
9.390000,-0.004410,0.001290,-0.005701,-1.100789,0.070531,0.001531
9.400000,-0.004388,0.001283,-0.005672,-1.100852,0.070388,0.001523
9.410000,-0.004366,0.001277,-0.005644,-1.100914,0.070246,0.001516
9.420000,-0.004344,0.001270,-0.005616,-1.100976,0.070104,0.001508
9.430000,-0.004322,0.001264,-0.005588,-1.101037,0.069962,0.001501
9.440000,-0.004301,0.001258,-0.005560,-1.101099,0.069820,0.001493
9.450000,-0.004279,0.001252,-0.005532,-1.101159,0.069679,0.001486
9.460000,-0.004258,0.001245,-0.005505,-1.101220,0.069538,0.001478
9.470000,-0.004237,0.001239,-0.005477,-1.101279,0.069398,0.001471
9.480000,-0.004216,0.001233,-0.005450,-1.101339,0.069257,0.001464
9.490000,-0.004195,0.001227,-0.005423,-1.101398,0.069117,0.001456
9.500000,-0.004174,0.001221,-0.005396,-1.101457,0.068978,0.001449
9.510000,-0.004153,0.001215,-0.005369,-1.101515,0.068838,0.001442
9.520000,-0.004132,0.001208,-0.005342,-1.101573,0.068699,0.001435
9.530000,-0.004112,0.001202,-0.005315,-1.101631,0.068560,0.001427
9.540000,-0.004091,0.001196,-0.005289,-1.101688,0.068422,0.001420
9.550000,-0.004071,0.001190,-0.005263,-1.101745,0.068283,0.001413
9.560000,-0.004050,0.001185,-0.005236,-1.101802,0.068145,0.001406
9.570000,-0.004030,0.001179,-0.005210,-1.101858,0.068008,0.001399
9.580000,-0.004010,0.001173,-0.005184,-1.101914,0.067870,0.001392
9.590000,-0.003990,0.001167,-0.005158,-1.101969,0.067733,0.001385
9.600000,-0.003970,0.001161,-0.005133,-1.102024,0.067596,0.001378
9.610000,-0.003950,0.001155,-0.005107,-1.102079,0.067460,0.001371
9.620000,-0.003931,0.001150,-0.005082,-1.102133,0.067323,0.001365
9.630000,-0.003911,0.001144,-0.005056,-1.102187,0.067187,0.001358
9.640000,-0.003891,0.001138,-0.005031,-1.102241,0.067051,0.001351
9.650000,-0.003872,0.001132,-0.005006,-1.102294,0.066916,0.001344
9.660000,-0.003853,0.001127,-0.004981,-1.102347,0.066781,0.001338
9.670000,-0.003834,0.001121,-0.004956,-1.102400,0.066646,0.001331
9.680000,-0.003814,0.001116,-0.004931,-1.102452,0.066511,0.001324
9.690000,-0.003795,0.001110,-0.004907,-1.102504,0.066377,0.001318
9.700000,-0.003776,0.001104,-0.004882,-1.102556,0.066243,0.001311
9.710000,-0.003758,0.001099,-0.004858,-1.102607,0.066109,0.001305
9.720000,-0.003739,0.001093,-0.004834,-1.102658,0.065975,0.001298
9.730000,-0.003720,0.001088,-0.004810,-1.102709,0.065842,0.001292
9.740000,-0.003702,0.001083,-0.004786,-1.102759,0.065709,0.001285
9.750000,-0.003683,0.001077,-0.004762,-1.102809,0.065577,0.001279
9.760000,-0.003665,0.001072,-0.004738,-1.102859,0.065444,0.001272
9.770000,-0.003647,0.001066,-0.004714,-1.102908,0.065312,0.001266
9.780000,-0.003628,0.001061,-0.004691,-1.102957,0.065180,0.001260
9.790000,-0.003610,0.001056,-0.004667,-1.103006,0.065048,0.001253
9.800000,-0.003592,0.001051,-0.004644,-1.103054,0.064917,0.001247
9.810000,-0.003574,0.001045,-0.004621,-1.103102,0.064786,0.001241
9.820000,-0.003557,0.001040,-0.004598,-1.103150,0.064655,0.001235
9.830000,-0.003539,0.001035,-0.004575,-1.103198,0.064525,0.001229
9.840000,-0.003521,0.001030,-0.004552,-1.103245,0.064394,0.001222
9.850000,-0.003504,0.001025,-0.004529,-1.103292,0.064265,0.001216
9.860000,-0.003486,0.001020,-0.004507,-1.103338,0.064135,0.001210
9.870000,-0.003469,0.001014,-0.004484,-1.103384,0.064005,0.001204
9.880000,-0.003451,0.001009,-0.004462,-1.103430,0.063876,0.001198
9.890000,-0.003434,0.001004,-0.004440,-1.103476,0.063747,0.001192
9.900000,-0.003417,0.000999,-0.004418,-1.103521,0.063619,0.001186
9.910000,-0.003400,0.000994,-0.004396,-1.103567,0.063490,0.001180
9.920000,-0.003383,0.000989,-0.004374,-1.103611,0.063362,0.001175
9.930000,-0.003366,0.000984,-0.004352,-1.103656,0.063234,0.001169
9.940000,-0.003349,0.000980,-0.004330,-1.103700,0.063107,0.001163
9.950000,-0.003333,0.000975,-0.004309,-1.103744,0.062979,0.001157
9.960000,-0.003316,0.000970,-0.004287,-1.103788,0.062852,0.001151
9.970000,-0.003300,0.000965,-0.004266,-1.103831,0.062725,0.001146
9.980000,-0.003283,0.000960,-0.004244,-1.103874,0.062599,0.001140
9.990000,-0.003267,0.000955,-0.004223,-1.103917,0.062473,0.001134
10.000000,-0.003250,0.000951,-0.004202,-1.103960,0.062346,0.001128
