0.000000,-0.073282,-0.133071,0.884709,0.305387,0.571859,0.027401
0.010000,-0.072912,-0.132384,0.880865,0.300009,0.569837,0.027264
0.020000,-0.072545,-0.131701,0.877032,0.294634,0.567828,0.027128
0.030000,-0.072179,-0.131021,0.873211,0.289262,0.565832,0.026992
0.040000,-0.071815,-0.130345,0.869401,0.283893,0.563848,0.026857
0.050000,-0.071453,-0.129674,0.865602,0.278526,0.561877,0.026723
0.060000,-0.071094,-0.129005,0.861815,0.273164,0.559919,0.026590
0.070000,-0.070735,-0.128341,0.858040,0.267805,0.557972,0.026457
0.080000,-0.070379,-0.127680,0.854276,0.262449,0.556038,0.026325
0.090000,-0.070025,-0.127022,0.850525,0.257097,0.554116,0.026193
0.100000,-0.069672,-0.126369,0.846784,0.251749,0.552206,0.026063
0.110000,-0.069321,-0.125718,0.843056,0.246406,0.550308,0.025932
0.120000,-0.068972,-0.125072,0.839339,0.241066,0.548421,0.025803
0.130000,-0.068625,-0.124429,0.835634,0.235731,0.546546,0.025674
0.140000,-0.068279,-0.123789,0.831941,0.230400,0.544682,0.025546
0.150000,-0.067936,-0.123153,0.828260,0.225073,0.542830,0.025418
0.160000,-0.067594,-0.122520,0.824591,0.219752,0.540989,0.025291
0.170000,-0.067254,-0.121891,0.820933,0.214435,0.539159,0.025165
0.180000,-0.066915,-0.121265,0.817288,0.209123,0.537340,0.025039
0.190000,-0.066578,-0.120643,0.813654,0.203816,0.535532,0.024914
0.200000,-0.066243,-0.120024,0.810033,0.198515,0.533734,0.024790
0.210000,-0.065910,-0.119408,0.806423,0.193219,0.531947,0.024666
0.220000,-0.065579,-0.118796,0.802826,0.187928,0.530171,0.024543
0.230000,-0.065249,-0.118187,0.799241,0.182643,0.528405,0.024420
0.240000,-0.064921,-0.117581,0.795667,0.177364,0.526650,0.024298
0.250000,-0.064594,-0.116978,0.792106,0.172090,0.524905,0.024177
0.260000,-0.064269,-0.116379,0.788557,0.166823,0.523169,0.024056
0.270000,-0.063946,-0.115783,0.785020,0.161562,0.521444,0.023936
0.280000,-0.063625,-0.115190,0.781495,0.156307,0.519729,0.023817
0.290000,-0.063305,-0.114601,0.777982,0.151059,0.518024,0.023698
0.300000,-0.062986,-0.114014,0.774481,0.145817,0.516328,0.023579
0.310000,-0.062670,-0.113431,0.770993,0.140582,0.514642,0.023462
0.320000,-0.062355,-0.112851,0.767516,0.135353,0.512966,0.023345
0.330000,-0.062041,-0.112274,0.764052,0.130132,0.511299,0.023228
0.340000,-0.061730,-0.111700,0.760600,0.124917,0.509642,0.023112
0.350000,-0.061419,-0.111129,0.757160,0.119710,0.507993,0.022997
0.360000,-0.061111,-0.110561,0.753733,0.114510,0.506354,0.022882
0.370000,-0.060804,-0.109996,0.750317,0.109317,0.504724,0.022768
0.380000,-0.060498,-0.109435,0.746914,0.104132,0.503104,0.022654
0.390000,-0.060194,-0.108876,0.743523,0.098955,0.501492,0.022541
0.400000,-0.059892,-0.108320,0.740144,0.093786,0.499889,0.022428
0.410000,-0.059591,-0.107767,0.736778,0.088624,0.498294,0.022316
0.420000,-0.059292,-0.107217,0.733424,0.083470,0.496709,0.022205
0.430000,-0.058994,-0.106670,0.730082,0.078325,0.495132,0.022094
0.440000,-0.058698,-0.106126,0.726752,0.073188,0.493563,0.021984
0.450000,-0.058403,-0.105585,0.723434,0.068059,0.492003,0.021874
0.460000,-0.058110,-0.105047,0.720129,0.062939,0.490452,0.021765
0.470000,-0.057818,-0.104512,0.716836,0.057827,0.488908,0.021656
0.480000,-0.057528,-0.103979,0.713555,0.052724,0.487373,0.021548
0.490000,-0.057239,-0.103449,0.710286,0.047630,0.485847,0.021440
0.500000,-0.056952,-0.102923,0.707029,0.042545,0.484328,0.021333
0.510000,-0.056666,-0.102398,0.703785,0.037469,0.482817,0.021227
0.520000,-0.056381,-0.101877,0.700553,0.032402,0.481314,0.021121
0.530000,-0.056098,-0.101359,0.697333,0.027345,0.479819,0.021016
0.540000,-0.055817,-0.100843,0.694125,0.022297,0.478332,0.020911
0.550000,-0.055537,-0.100330,0.690929,0.017258,0.476853,0.020806
0.560000,-0.055258,-0.099819,0.687746,0.012229,0.475381,0.020702
0.570000,-0.054981,-0.099312,0.684575,0.007210,0.473917,0.020599
0.580000,-0.054705,-0.098807,0.681416,0.002201,0.472460,0.020496
0.590000,-0.054430,-0.098304,0.678269,-0.002799,0.471011,0.020394
0.600000,-0.054157,-0.097805,0.675134,-0.007788,0.469569,0.020292
0.610000,-0.053886,-0.097308,0.672011,-0.012767,0.468135,0.020191
0.620000,-0.053615,-0.096813,0.668900,-0.017736,0.466708,0.020090
0.630000,-0.053346,-0.096321,0.665802,-0.022695,0.465288,0.019990
0.640000,-0.053079,-0.095832,0.662715,-0.027643,0.463876,0.019890
0.650000,-0.052813,-0.095345,0.659641,-0.032580,0.462470,0.019791
0.660000,-0.052548,-0.094861,0.656578,-0.037507,0.461071,0.019692
0.670000,-0.052284,-0.094380,0.653528,-0.042423,0.459680,0.019594
0.680000,-0.052022,-0.093901,0.650490,-0.047328,0.458295,0.019496
0.690000,-0.051761,-0.093424,0.647463,-0.052223,0.456917,0.019399
0.700000,-0.051502,-0.092950,0.644449,-0.057106,0.455546,0.019302
0.710000,-0.051243,-0.092479,0.641447,-0.061978,0.454182,0.019205
0.720000,-0.050986,-0.092010,0.638456,-0.066839,0.452825,0.019110
0.730000,-0.050731,-0.091543,0.635478,-0.071688,0.451474,0.019014
0.740000,-0.050477,-0.091079,0.632511,-0.076526,0.450129,0.018919
0.750000,-0.050224,-0.090617,0.629556,-0.081353,0.448792,0.018825
0.760000,-0.049972,-0.090158,0.626614,-0.086168,0.447460,0.018731
0.770000,-0.049721,-0.089701,0.623683,-0.090971,0.446136,0.018637
0.780000,-0.049472,-0.089246,0.620764,-0.095762,0.444817,0.018544
0.790000,-0.049224,-0.088794,0.617856,-0.100542,0.443505,0.018452
0.800000,-0.048977,-0.088344,0.614961,-0.105310,0.442199,0.018360
0.810000,-0.048732,-0.087897,0.612077,-0.110065,0.440899,0.018268
0.820000,-0.048488,-0.087452,0.609205,-0.114809,0.439606,0.018177
0.830000,-0.048245,-0.087009,0.606345,-0.119540,0.438318,0.018086
0.840000,-0.048003,-0.086569,0.603497,-0.124259,0.437037,0.017996
0.850000,-0.047763,-0.086130,0.600660,-0.128966,0.435762,0.017906
0.860000,-0.047523,-0.085695,0.597835,-0.133661,0.434492,0.017817
0.870000,-0.047285,-0.085261,0.595021,-0.138342,0.433229,0.017728
0.880000,-0.047048,-0.084830,0.592219,-0.143012,0.431972,0.017639
0.890000,-0.046813,-0.084400,0.589429,-0.147668,0.430720,0.017551
0.900000,-0.046578,-0.083974,0.586650,-0.152312,0.429474,0.017464
0.910000,-0.046345,-0.083549,0.583883,-0.156943,0.428234,0.017377
0.920000,-0.046113,-0.083126,0.581127,-0.161561,0.427000,0.017290
0.930000,-0.045882,-0.082706,0.578383,-0.166167,0.425771,0.017204
0.940000,-0.045652,-0.082288,0.575651,-0.170759,0.424548,0.017118
0.950000,-0.045423,-0.081872,0.572929,-0.175338,0.423330,0.017032
0.960000,-0.045196,-0.081458,0.570219,-0.179904,0.422118,0.016947
0.970000,-0.044970,-0.081047,0.567521,-0.184457,0.420912,0.016863
0.980000,-0.044744,-0.080637,0.564834,-0.188997,0.419711,0.016779
0.990000,-0.044520,-0.080230,0.562158,-0.193523,0.418515,0.016695
1.000000,-0.044297,-0.079825,0.559494,-0.198036,0.417325,0.016612
1.010000,-0.044076,-0.079421,0.556840,-0.202535,0.416140,0.016529
1.020000,-0.043855,-0.079020,0.554199,-0.207021,0.414960,0.016446
1.030000,-0.043635,-0.078621,0.551568,-0.211494,0.413786,0.016364
1.040000,-0.043417,-0.078224,0.548948,-0.215953,0.412617,0.016282
1.050000,-0.043200,-0.077830,0.546340,-0.220398,0.411453,0.016201
1.060000,-0.042983,-0.077437,0.543743,-0.224829,0.410294,0.016120
1.070000,-0.042768,-0.077046,0.541157,-0.229247,0.409140,0.016040
1.080000,-0.042554,-0.076657,0.538582,-0.233650,0.407991,0.015960
1.090000,-0.042341,-0.076270,0.536018,-0.238040,0.406848,0.015880
1.100000,-0.042129,-0.075886,0.533465,-0.242416,0.405709,0.015801
1.110000,-0.041918,-0.075503,0.530923,-0.246778,0.404575,0.015722
1.120000,-0.041708,-0.075122,0.528392,-0.251126,0.403446,0.015644
1.130000,-0.041500,-0.074743,0.525872,-0.255460,0.402322,0.015566
1.140000,-0.041292,-0.074366,0.523363,-0.259780,0.401203,0.015488
1.150000,-0.041085,-0.073991,0.520865,-0.264085,0.400089,0.015411
1.160000,-0.040880,-0.073618,0.518377,-0.268377,0.398979,0.015334
1.170000,-0.040675,-0.073247,0.515900,-0.272654,0.397875,0.015257
1.180000,-0.040472,-0.072878,0.513435,-0.276917,0.396774,0.015181
1.190000,-0.040269,-0.072511,0.510979,-0.281165,0.395679,0.015105
1.200000,-0.040068,-0.072145,0.508535,-0.285399,0.394588,0.015030
1.210000,-0.039867,-0.071782,0.506101,-0.289619,0.393502,0.014955
1.220000,-0.039668,-0.071420,0.503678,-0.293824,0.392421,0.014880
1.230000,-0.039469,-0.071060,0.501266,-0.298015,0.391343,0.014806
1.240000,-0.039272,-0.070702,0.498864,-0.302192,0.390271,0.014732
1.250000,-0.039075,-0.070346,0.496473,-0.306353,0.389203,0.014659
1.260000,-0.038880,-0.069992,0.494092,-0.310501,0.388139,0.014586
1.270000,-0.038685,-0.069639,0.491722,-0.314633,0.387080,0.014513
1.280000,-0.038492,-0.069289,0.489362,-0.318751,0.386025,0.014440
1.290000,-0.038299,-0.068940,0.487012,-0.322854,0.384975,0.014368
1.300000,-0.038108,-0.068593,0.484673,-0.326943,0.383929,0.014297
1.310000,-0.037917,-0.068247,0.482345,-0.331017,0.382887,0.014225
1.320000,-0.037727,-0.067904,0.480026,-0.335076,0.381850,0.014154
1.330000,-0.037539,-0.067562,0.477718,-0.339120,0.380816,0.014084
1.340000,-0.037351,-0.067222,0.475420,-0.343150,0.379787,0.014013
1.350000,-0.037164,-0.066884,0.473133,-0.347165,0.378763,0.013944
1.360000,-0.036978,-0.066547,0.470855,-0.351165,0.377742,0.013874
1.370000,-0.036793,-0.066212,0.468588,-0.355150,0.376725,0.013805
1.380000,-0.036609,-0.065879,0.466331,-0.359120,0.375713,0.013736
1.390000,-0.036426,-0.065548,0.464084,-0.363075,0.374704,0.013667
1.400000,-0.036244,-0.065218,0.461847,-0.367016,0.373700,0.013599
1.410000,-0.036063,-0.064890,0.459620,-0.370941,0.372700,0.013531
1.420000,-0.035883,-0.064564,0.457403,-0.374852,0.371704,0.013464
1.430000,-0.035703,-0.064239,0.455196,-0.378748,0.370711,0.013397
1.440000,-0.035525,-0.063916,0.452999,-0.382628,0.369723,0.013330
1.450000,-0.035347,-0.063595,0.450812,-0.386494,0.368738,0.013263
1.460000,-0.035170,-0.063275,0.448635,-0.390345,0.367758,0.013197
1.470000,-0.034994,-0.062957,0.446467,-0.394180,0.366781,0.013131
1.480000,-0.034820,-0.062640,0.444310,-0.398001,0.365808,0.013066
1.490000,-0.034645,-0.062326,0.442162,-0.401807,0.364839,0.013001
1.500000,-0.034472,-0.062012,0.440023,-0.405597,0.363874,0.012936
1.510000,-0.034300,-0.061701,0.437895,-0.409373,0.362912,0.012871
1.520000,-0.034128,-0.061391,0.435776,-0.413134,0.361955,0.012807
1.530000,-0.033958,-0.061082,0.433667,-0.416879,0.361001,0.012743
1.540000,-0.033788,-0.060775,0.431567,-0.420610,0.360050,0.012679
1.550000,-0.033619,-0.060470,0.429477,-0.424325,0.359104,0.012616
1.560000,-0.033451,-0.060166,0.427396,-0.428026,0.358161,0.012553
1.570000,-0.033284,-0.059864,0.425325,-0.431711,0.357221,0.012491
1.580000,-0.033118,-0.059563,0.423263,-0.435381,0.356286,0.012428
1.590000,-0.032952,-0.059264,0.421211,-0.439036,0.355354,0.012366
1.600000,-0.032787,-0.058966,0.419168,-0.442677,0.354425,0.012305
1.610000,-0.032623,-0.058670,0.417135,-0.446302,0.353500,0.012243
1.620000,-0.032460,-0.058376,0.415110,-0.449912,0.352578,0.012182
1.630000,-0.032298,-0.058083,0.413095,-0.453507,0.351660,0.012121
1.640000,-0.032137,-0.057791,0.411090,-0.457087,0.350746,0.012061
1.650000,-0.031976,-0.057501,0.409093,-0.460652,0.349835,0.012001
1.660000,-0.031816,-0.057212,0.407106,-0.464202,0.348927,0.011941
1.670000,-0.031657,-0.056925,0.405128,-0.467737,0.348023,0.011881
1.680000,-0.031499,-0.056639,0.403158,-0.471257,0.347122,0.011822
1.690000,-0.031342,-0.056355,0.401198,-0.474762,0.346224,0.011763
1.700000,-0.031185,-0.056072,0.399247,-0.478252,0.345330,0.011704
1.710000,-0.031029,-0.055791,0.397305,-0.481727,0.344439,0.011646
1.720000,-0.030874,-0.055511,0.395372,-0.485187,0.343552,0.011588
1.730000,-0.030720,-0.055232,0.393448,-0.488632,0.342667,0.011530
1.740000,-0.030566,-0.054955,0.391533,-0.492062,0.341786,0.011473
1.750000,-0.030414,-0.054679,0.389626,-0.495478,0.340909,0.011415
1.760000,-0.030262,-0.054405,0.387729,-0.498878,0.340034,0.011358
1.770000,-0.030110,-0.054132,0.385840,-0.502263,0.339163,0.011302
1.780000,-0.029960,-0.053860,0.383960,-0.505634,0.338295,0.011245
1.790000,-0.029810,-0.053590,0.382089,-0.508989,0.337430,0.011189
1.800000,-0.029661,-0.053321,0.380226,-0.512330,0.336568,0.011133
1.810000,-0.029513,-0.053054,0.378372,-0.515656,0.335710,0.011078
1.820000,-0.029366,-0.052788,0.376527,-0.518967,0.334854,0.011023
1.830000,-0.029219,-0.052523,0.374690,-0.522264,0.334002,0.010968
1.840000,-0.029073,-0.052260,0.372862,-0.525545,0.333152,0.010913
1.850000,-0.028928,-0.051998,0.371043,-0.528812,0.332306,0.010858
1.860000,-0.028783,-0.051737,0.369231,-0.532064,0.331463,0.010804
1.870000,-0.028639,-0.051478,0.367429,-0.535301,0.330623,0.010750
1.880000,-0.028496,-0.051219,0.365634,-0.538524,0.329786,0.010697
1.890000,-0.028354,-0.050963,0.363849,-0.541732,0.328951,0.010643
1.900000,-0.028212,-0.050707,0.362071,-0.544925,0.328120,0.010590
1.910000,-0.028071,-0.050453,0.360302,-0.548104,0.327292,0.010537
1.920000,-0.027931,-0.050200,0.358541,-0.551268,0.326467,0.010485
1.930000,-0.027792,-0.049948,0.356788,-0.554417,0.325644,0.010433
1.940000,-0.027653,-0.049698,0.355044,-0.557552,0.324825,0.010381
1.950000,-0.027515,-0.049449,0.353307,-0.560673,0.324008,0.010329
1.960000,-0.027377,-0.049201,0.351579,-0.563779,0.323195,0.010277
1.970000,-0.027241,-0.048955,0.349859,-0.566870,0.322384,0.010226
1.980000,-0.027105,-0.048709,0.348147,-0.569947,0.321576,0.010175
1.990000,-0.026969,-0.048465,0.346444,-0.573010,0.320771,0.010124
2.000000,-0.026834,-0.048222,0.344748,-0.576058,0.319968,0.010074
2.010000,-0.026700,-0.047981,0.343060,-0.579091,0.319169,0.010023
2.020000,-0.026567,-0.047740,0.341380,-0.582111,0.318372,0.009973
2.030000,-0.026434,-0.047501,0.339708,-0.585116,0.317578,0.009924
2.040000,-0.026302,-0.047263,0.338044,-0.588107,0.316787,0.009874
2.050000,-0.026171,-0.047026,0.336388,-0.591084,0.315998,0.009825
2.060000,-0.026040,-0.046791,0.334739,-0.594046,0.315212,0.009776
2.070000,-0.025910,-0.046556,0.333099,-0.596994,0.314429,0.009727
2.080000,-0.025781,-0.046323,0.331466,-0.599928,0.313649,0.009679
2.090000,-0.025652,-0.046091,0.329841,-0.602848,0.312871,0.009630
2.100000,-0.025524,-0.045860,0.328223,-0.605754,0.312096,0.009582
2.110000,-0.025397,-0.045631,0.326613,-0.608646,0.311324,0.009534
2.120000,-0.025270,-0.045402,0.325011,-0.611524,0.310554,0.009487
2.130000,-0.025143,-0.045175,0.323417,-0.614388,0.309787,0.009440
2.140000,-0.025018,-0.044949,0.321830,-0.617238,0.309022,0.009392
2.150000,-0.024893,-0.044724,0.320250,-0.620074,0.308260,0.009346
2.160000,-0.024769,-0.044500,0.318678,-0.622896,0.307501,0.009299
2.170000,-0.024645,-0.044277,0.317114,-0.625704,0.306744,0.009253
2.180000,-0.024522,-0.044055,0.315557,-0.628498,0.305990,0.009206
2.190000,-0.024399,-0.043834,0.314007,-0.631279,0.305238,0.009161
2.200000,-0.024278,-0.043615,0.312465,-0.634046,0.304489,0.009115
2.210000,-0.024156,-0.043397,0.310930,-0.636799,0.303742,0.009069
2.220000,-0.024036,-0.043179,0.309402,-0.639539,0.302998,0.009024
2.230000,-0.023916,-0.042963,0.307882,-0.642265,0.302256,0.008979
2.240000,-0.023796,-0.042748,0.306369,-0.644977,0.301517,0.008934
2.250000,-0.023678,-0.042534,0.304863,-0.647676,0.300780,0.008890
2.260000,-0.023559,-0.042321,0.303364,-0.650361,0.300046,0.008845
2.270000,-0.023442,-0.042110,0.301872,-0.653033,0.299314,0.008801
2.280000,-0.023325,-0.041899,0.300388,-0.655692,0.298584,0.008757
2.290000,-0.023208,-0.041689,0.298911,-0.658337,0.297857,0.008714
2.300000,-0.023092,-0.041480,0.297440,-0.660968,0.297132,0.008670
2.310000,-0.022977,-0.041273,0.295977,-0.663587,0.296410,0.008627
2.320000,-0.022862,-0.041066,0.294521,-0.666192,0.295690,0.008584
2.330000,-0.022748,-0.040861,0.293071,-0.668784,0.294973,0.008541
2.340000,-0.022635,-0.040656,0.291629,-0.671363,0.294257,0.008499
2.350000,-0.022522,-0.040453,0.290194,-0.673928,0.293544,0.008456
2.360000,-0.022409,-0.040250,0.288765,-0.676481,0.292834,0.008414
2.370000,-0.022297,-0.040049,0.287343,-0.679020,0.292126,0.008372
2.380000,-0.022186,-0.039849,0.285928,-0.681547,0.291420,0.008330
2.390000,-0.022075,-0.039649,0.284520,-0.684060,0.290716,0.008289
2.400000,-0.021965,-0.039451,0.283119,-0.686560,0.290014,0.008247
2.410000,-0.021855,-0.039254,0.281724,-0.689048,0.289315,0.008206
2.420000,-0.021746,-0.039057,0.280336,-0.691523,0.288618,0.008165
2.430000,-0.021638,-0.038862,0.278955,-0.693985,0.287924,0.008125
2.440000,-0.021530,-0.038667,0.277580,-0.696434,0.287231,0.008084
2.450000,-0.021422,-0.038474,0.276212,-0.698870,0.286541,0.008044
2.460000,-0.021315,-0.038282,0.274851,-0.701294,0.285853,0.008004
2.470000,-0.021209,-0.038090,0.273496,-0.703705,0.285167,0.007964
2.480000,-0.021103,-0.037899,0.272148,-0.706104,0.284484,0.007924
2.490000,-0.020998,-0.037710,0.270806,-0.708490,0.283802,0.007884
2.500000,-0.020893,-0.037521,0.269471,-0.710863,0.283123,0.007845
2.510000,-0.020788,-0.037334,0.268142,-0.713224,0.282446,0.007806
2.520000,-0.020685,-0.037147,0.266819,-0.715573,0.281771,0.007767
2.530000,-0.020581,-0.036961,0.265503,-0.717909,0.281098,0.007728
2.540000,-0.020479,-0.036776,0.264193,-0.720233,0.280427,0.007690
2.550000,-0.020376,-0.036592,0.262889,-0.722545,0.279759,0.007651
2.560000,-0.020275,-0.036409,0.261592,-0.724844,0.279092,0.007613
2.570000,-0.020174,-0.036227,0.260301,-0.727132,0.278428,0.007575
2.580000,-0.020073,-0.036046,0.259017,-0.729407,0.277765,0.007537
2.590000,-0.019973,-0.035866,0.257738,-0.731670,0.277105,0.007500
2.600000,-0.019873,-0.035687,0.256466,-0.733921,0.276447,0.007462
2.610000,-0.019774,-0.035508,0.255200,-0.736160,0.275791,0.007425
2.620000,-0.019675,-0.035331,0.253939,-0.738386,0.275136,0.007388
2.630000,-0.019577,-0.035154,0.252685,-0.740602,0.274484,0.007351
2.640000,-0.019479,-0.034978,0.251438,-0.742805,0.273834,0.007315
2.650000,-0.019382,-0.034803,0.250196,-0.744996,0.273186,0.007278
2.660000,-0.019285,-0.034629,0.248960,-0.747176,0.272540,0.007242
2.670000,-0.019189,-0.034456,0.247730,-0.749344,0.271896,0.007206
2.680000,-0.019093,-0.034284,0.246506,-0.751500,0.271254,0.007170
2.690000,-0.018998,-0.034113,0.245288,-0.753644,0.270614,0.007134
2.700000,-0.018903,-0.033942,0.244076,-0.755777,0.269976,0.007098
2.710000,-0.018809,-0.033772,0.242870,-0.757898,0.269340,0.007063
2.720000,-0.018715,-0.033604,0.241670,-0.760008,0.268705,0.007028
2.730000,-0.018621,-0.033436,0.240475,-0.762107,0.268073,0.006993
2.740000,-0.018529,-0.033268,0.239286,-0.764194,0.267443,0.006958
2.750000,-0.018436,-0.033102,0.238103,-0.766269,0.266814,0.006923
2.760000,-0.018344,-0.032937,0.236926,-0.768334,0.266188,0.006889
2.770000,-0.018252,-0.032772,0.235755,-0.770387,0.265563,0.006854
2.780000,-0.018161,-0.032608,0.234589,-0.772429,0.264940,0.006820
2.790000,-0.018071,-0.032445,0.233429,-0.774459,0.264320,0.006786
2.800000,-0.017981,-0.032283,0.232274,-0.776479,0.263701,0.006752
2.810000,-0.017891,-0.032122,0.231125,-0.778487,0.263084,0.006719
2.820000,-0.017802,-0.031961,0.229982,-0.780485,0.262468,0.006685
2.830000,-0.017713,-0.031802,0.228844,-0.782471,0.261855,0.006652
2.840000,-0.017624,-0.031643,0.227712,-0.784446,0.261243,0.006618
2.850000,-0.017536,-0.031484,0.226586,-0.786411,0.260634,0.006585
2.860000,-0.017449,-0.031327,0.225464,-0.788365,0.260026,0.006553
2.870000,-0.017362,-0.031171,0.224349,-0.790308,0.259420,0.006520
2.880000,-0.017275,-0.031015,0.223238,-0.792240,0.258816,0.006487
2.890000,-0.017189,-0.030860,0.222134,-0.794161,0.258213,0.006455
2.900000,-0.017103,-0.030706,0.221034,-0.796072,0.257612,0.006423
2.910000,-0.017018,-0.030552,0.219940,-0.797972,0.257014,0.006391
2.920000,-0.016933,-0.030400,0.218851,-0.799862,0.256416,0.006359
2.930000,-0.016848,-0.030248,0.217768,-0.801741,0.255821,0.006327
2.940000,-0.016764,-0.030096,0.216689,-0.803609,0.255228,0.006296
2.950000,-0.016681,-0.029946,0.215616,-0.805467,0.254636,0.006264
2.960000,-0.016597,-0.029796,0.214549,-0.807315,0.254046,0.006233
2.970000,-0.016515,-0.029648,0.213486,-0.809153,0.253457,0.006202
2.980000,-0.016432,-0.029499,0.212429,-0.810980,0.252871,0.006171
2.990000,-0.016350,-0.029352,0.211377,-0.812797,0.252286,0.006140
3.000000,-0.016269,-0.029205,0.210330,-0.814603,0.251703,0.006110
3.010000,-0.016187,-0.029060,0.209288,-0.816400,0.251121,0.006079
3.020000,-0.016107,-0.028914,0.208251,-0.818186,0.250542,0.006049
3.030000,-0.016026,-0.028770,0.207219,-0.819963,0.249964,0.006019
3.040000,-0.015946,-0.028626,0.206193,-0.821729,0.249387,0.005989
3.050000,-0.015867,-0.028483,0.205171,-0.823485,0.248812,0.005959
3.060000,-0.015787,-0.028341,0.204154,-0.825232,0.248239,0.005929
3.070000,-0.015709,-0.028199,0.203143,-0.826968,0.247668,0.005899
3.080000,-0.015630,-0.028058,0.202136,-0.828695,0.247098,0.005870
3.090000,-0.015552,-0.027918,0.201134,-0.830412,0.246530,0.005841
3.100000,-0.015475,-0.027779,0.200137,-0.832119,0.245964,0.005812
3.110000,-0.015397,-0.027640,0.199145,-0.833816,0.245399,0.005783
3.120000,-0.015321,-0.027502,0.198158,-0.835504,0.244836,0.005754
3.130000,-0.015244,-0.027365,0.197175,-0.837182,0.244275,0.005725
3.140000,-0.015168,-0.027228,0.196198,-0.838851,0.243715,0.005697
3.150000,-0.015092,-0.027092,0.195225,-0.840510,0.243156,0.005668
3.160000,-0.015017,-0.026957,0.194257,-0.842160,0.242600,0.005640
3.170000,-0.014942,-0.026822,0.193294,-0.843800,0.242045,0.005612
3.180000,-0.014868,-0.026688,0.192335,-0.845431,0.241491,0.005584
3.190000,-0.014793,-0.026555,0.191381,-0.847053,0.240939,0.005556
3.200000,-0.014720,-0.026422,0.190432,-0.848665,0.240389,0.005528
3.210000,-0.014646,-0.026290,0.189488,-0.850268,0.239840,0.005501
3.220000,-0.014573,-0.026159,0.188548,-0.851862,0.239293,0.005473
3.230000,-0.014500,-0.026028,0.187613,-0.853446,0.238747,0.005446
3.240000,-0.014428,-0.025898,0.186682,-0.855022,0.238203,0.005419
3.250000,-0.014356,-0.025769,0.185756,-0.856588,0.237660,0.005392
3.260000,-0.014284,-0.025640,0.184834,-0.858146,0.237119,0.005365
3.270000,-0.014213,-0.025512,0.183917,-0.859694,0.236580,0.005338
3.280000,-0.014142,-0.025385,0.183005,-0.861233,0.236042,0.005311
3.290000,-0.014072,-0.025258,0.182097,-0.862764,0.235505,0.005285
3.300000,-0.014001,-0.025132,0.181193,-0.864286,0.234970,0.005259
3.310000,-0.013932,-0.025006,0.180294,-0.865799,0.234437,0.005232
3.320000,-0.013862,-0.024881,0.179399,-0.867303,0.233905,0.005206
3.330000,-0.013793,-0.024757,0.178509,-0.868798,0.233375,0.005180
3.340000,-0.013724,-0.024634,0.177623,-0.870285,0.232846,0.005154
3.350000,-0.013656,-0.024511,0.176741,-0.871763,0.232318,0.005129
3.360000,-0.013588,-0.024388,0.175864,-0.873233,0.231792,0.005103
3.370000,-0.013520,-0.024266,0.174991,-0.874694,0.231267,0.005078
3.380000,-0.013452,-0.024145,0.174122,-0.876146,0.230744,0.005052
3.390000,-0.013385,-0.024025,0.173258,-0.877591,0.230223,0.005027
3.400000,-0.013318,-0.023905,0.172398,-0.879026,0.229702,0.005002
3.410000,-0.013252,-0.023785,0.171542,-0.880453,0.229184,0.004977
3.420000,-0.013186,-0.023667,0.170690,-0.881872,0.228666,0.004952
3.430000,-0.013120,-0.023548,0.169843,-0.883283,0.228151,0.004928
3.440000,-0.013055,-0.023431,0.168999,-0.884685,0.227636,0.004903
3.450000,-0.012989,-0.023314,0.168160,-0.886080,0.227123,0.004879
3.460000,-0.012925,-0.023197,0.167325,-0.887466,0.226611,0.004854
3.470000,-0.012860,-0.023082,0.166494,-0.888844,0.226101,0.004830
3.480000,-0.012796,-0.022966,0.165667,-0.890213,0.225592,0.004806
3.490000,-0.012732,-0.022852,0.164845,-0.891575,0.225085,0.004782
3.500000,-0.012669,-0.022738,0.164026,-0.892929,0.224579,0.004758
3.510000,-0.012605,-0.022624,0.163211,-0.894275,0.224074,0.004734
3.520000,-0.012543,-0.022511,0.162400,-0.895613,0.223571,0.004711
3.530000,-0.012480,-0.022399,0.161594,-0.896943,0.223069,0.004687
3.540000,-0.012418,-0.022287,0.160791,-0.898265,0.222569,0.004664
3.550000,-0.012356,-0.022176,0.159992,-0.899579,0.222070,0.004641
3.560000,-0.012294,-0.022065,0.159197,-0.900886,0.221572,0.004617
3.570000,-0.012233,-0.021955,0.158406,-0.902185,0.221075,0.004594
3.580000,-0.012172,-0.021845,0.157619,-0.903476,0.220580,0.004572
3.590000,-0.012111,-0.021736,0.156836,-0.904760,0.220087,0.004549
3.600000,-0.012051,-0.021628,0.156057,-0.906036,0.219594,0.004526
3.610000,-0.011990,-0.021520,0.155282,-0.907305,0.219103,0.004503
3.620000,-0.011931,-0.021412,0.154510,-0.908566,0.218614,0.004481
3.630000,-0.011871,-0.021305,0.153742,-0.909819,0.218125,0.004459
3.640000,-0.011812,-0.021199,0.152978,-0.911065,0.217638,0.004436
3.650000,-0.011753,-0.021093,0.152218,-0.912304,0.217152,0.004414
3.660000,-0.011694,-0.020988,0.151461,-0.913535,0.216668,0.004392
3.670000,-0.011636,-0.020883,0.150709,-0.914759,0.216185,0.004370
3.680000,-0.011578,-0.020779,0.149960,-0.915976,0.215703,0.004349
3.690000,-0.011520,-0.020675,0.149214,-0.917186,0.215222,0.004327
3.700000,-0.011463,-0.020572,0.148473,-0.918388,0.214743,0.004305
3.710000,-0.011406,-0.020469,0.147735,-0.919583,0.214265,0.004284
3.720000,-0.011349,-0.020367,0.147000,-0.920771,0.213788,0.004262
3.730000,-0.011292,-0.020265,0.146269,-0.921952,0.213313,0.004241
3.740000,-0.011236,-0.020164,0.145542,-0.923126,0.212839,0.004220
3.750000,-0.011180,-0.020064,0.144819,-0.924293,0.212366,0.004199
3.760000,-0.011124,-0.019963,0.144099,-0.925453,0.211894,0.004178
3.770000,-0.011068,-0.019864,0.143382,-0.926606,0.211424,0.004157
3.780000,-0.011013,-0.019765,0.142670,-0.927752,0.210955,0.004136
3.790000,-0.010958,-0.019666,0.141960,-0.928891,0.210487,0.004116
3.800000,-0.010904,-0.019568,0.141254,-0.930024,0.210020,0.004095
3.810000,-0.010849,-0.019470,0.140552,-0.931149,0.209555,0.004075
3.820000,-0.010795,-0.019373,0.139853,-0.932268,0.209091,0.004055
3.830000,-0.010741,-0.019276,0.139158,-0.933380,0.208628,0.004034
3.840000,-0.010688,-0.019180,0.138466,-0.934486,0.208166,0.004014
3.850000,-0.010634,-0.019084,0.137777,-0.935585,0.207706,0.003994
3.860000,-0.010581,-0.018989,0.137092,-0.936677,0.207246,0.003974
3.870000,-0.010528,-0.018894,0.136410,-0.937763,0.206788,0.003954
3.880000,-0.010476,-0.018800,0.135732,-0.938842,0.206331,0.003935
3.890000,-0.010424,-0.018706,0.135057,-0.939915,0.205876,0.003915
3.900000,-0.010372,-0.018613,0.134385,-0.940981,0.205421,0.003896
3.910000,-0.010320,-0.018520,0.133717,-0.942041,0.204968,0.003876
3.920000,-0.010268,-0.018427,0.133052,-0.943094,0.204516,0.003857
3.930000,-0.010217,-0.018336,0.132390,-0.944141,0.204065,0.003838
3.940000,-0.010166,-0.018244,0.131731,-0.945182,0.203615,0.003818
3.950000,-0.010116,-0.018153,0.131076,-0.946216,0.203167,0.003799
3.960000,-0.010065,-0.018062,0.130424,-0.947245,0.202719,0.003780
3.970000,-0.010015,-0.017972,0.129775,-0.948267,0.202273,0.003762
3.980000,-0.009965,-0.017883,0.129130,-0.949282,0.201828,0.003743
3.990000,-0.009915,-0.017793,0.128487,-0.950292,0.201384,0.003724
4.000000,-0.009866,-0.017704,0.127848,-0.951296,0.200941,0.003706
4.010000,-0.009816,-0.017616,0.127212,-0.952293,0.200500,0.003687
4.020000,-0.009768,-0.017528,0.126579,-0.953285,0.200059,0.003669
4.030000,-0.009719,-0.017441,0.125949,-0.954270,0.199620,0.003650
4.040000,-0.009670,-0.017354,0.125323,-0.955250,0.199182,0.003632
4.050000,-0.009622,-0.017267,0.124699,-0.956223,0.198745,0.003614
4.060000,-0.009574,-0.017181,0.124079,-0.957191,0.198309,0.003596
4.070000,-0.009526,-0.017095,0.123461,-0.958153,0.197874,0.003578
4.080000,-0.009479,-0.017010,0.122847,-0.959109,0.197440,0.003560
4.090000,-0.009432,-0.016925,0.122236,-0.960059,0.197008,0.003543
4.100000,-0.009384,-0.016841,0.121627,-0.961003,0.196576,0.003525
4.110000,-0.009338,-0.016756,0.121022,-0.961942,0.196146,0.003507
4.120000,-0.009291,-0.016673,0.120420,-0.962875,0.195717,0.003490
4.130000,-0.009245,-0.016590,0.119821,-0.963802,0.195289,0.003472
4.140000,-0.009199,-0.016507,0.119224,-0.964723,0.194862,0.003455
4.150000,-0.009153,-0.016424,0.118631,-0.965639,0.194436,0.003438
4.160000,-0.009107,-0.016343,0.118041,-0.966550,0.194011,0.003421
4.170000,-0.009062,-0.016261,0.117453,-0.967455,0.193587,0.003404
4.180000,-0.009016,-0.016180,0.116869,-0.968354,0.193164,0.003387
4.190000,-0.008971,-0.016099,0.116287,-0.969248,0.192743,0.003370
4.200000,-0.008927,-0.016019,0.115708,-0.970136,0.192322,0.003353
4.210000,-0.008882,-0.015939,0.115132,-0.971019,0.191903,0.003336
4.220000,-0.008838,-0.015859,0.114559,-0.971897,0.191484,0.003320
4.230000,-0.008794,-0.015780,0.113989,-0.972769,0.191067,0.003303
4.240000,-0.008750,-0.015701,0.113421,-0.973636,0.190651,0.003287
4.250000,-0.008706,-0.015623,0.112857,-0.974497,0.190235,0.003270
4.260000,-0.008663,-0.015545,0.112295,-0.975354,0.189821,0.003254
4.270000,-0.008620,-0.015468,0.111736,-0.976205,0.189408,0.003238
4.280000,-0.008577,-0.015390,0.111180,-0.977051,0.188996,0.003221
4.290000,-0.008534,-0.015314,0.110626,-0.977891,0.188585,0.003205
4.300000,-0.008491,-0.015237,0.110076,-0.978727,0.188175,0.003189
4.310000,-0.008449,-0.015161,0.109528,-0.979557,0.187766,0.003173
4.320000,-0.008407,-0.015085,0.108982,-0.980382,0.187358,0.003158
4.330000,-0.008365,-0.015010,0.108440,-0.981203,0.186951,0.003142
4.340000,-0.008323,-0.014935,0.107900,-0.982018,0.186545,0.003126
4.350000,-0.008282,-0.014861,0.107363,-0.982828,0.186141,0.003111
4.360000,-0.008240,-0.014787,0.106828,-0.983633,0.185737,0.003095
4.370000,-0.008199,-0.014713,0.106296,-0.984434,0.185334,0.003080
4.380000,-0.008158,-0.014639,0.105767,-0.985229,0.184932,0.003064
4.390000,-0.008118,-0.014566,0.105241,-0.986019,0.184531,0.003049
4.400000,-0.008077,-0.014494,0.104717,-0.986805,0.184132,0.003034
4.410000,-0.008037,-0.014421,0.104195,-0.987586,0.183733,0.003019
4.420000,-0.007997,-0.014349,0.103676,-0.988362,0.183335,0.003004
4.430000,-0.007957,-0.014278,0.103160,-0.989133,0.182938,0.002989
4.440000,-0.007917,-0.014207,0.102646,-0.989899,0.182542,0.002974
4.450000,-0.007878,-0.014136,0.102135,-0.990661,0.182147,0.002959
4.460000,-0.007838,-0.014065,0.101627,-0.991418,0.181754,0.002944
4.470000,-0.007799,-0.013995,0.101121,-0.992170,0.181361,0.002929
4.480000,-0.007760,-0.013925,0.100617,-0.992918,0.180969,0.002915
4.490000,-0.007722,-0.013856,0.100116,-0.993661,0.180578,0.002900
4.500000,-0.007683,-0.013787,0.099618,-0.994400,0.180188,0.002886
4.510000,-0.007645,-0.013718,0.099121,-0.995134,0.179799,0.002871
4.520000,-0.007607,-0.013649,0.098628,-0.995863,0.179411,0.002857
4.530000,-0.007569,-0.013581,0.098137,-0.996588,0.179024,0.002843
4.540000,-0.007531,-0.013513,0.097648,-0.997308,0.178638,0.002829
4.550000,-0.007493,-0.013446,0.097162,-0.998024,0.178253,0.002815
4.560000,-0.007456,-0.013379,0.096678,-0.998736,0.177868,0.002801
4.570000,-0.007419,-0.013312,0.096196,-0.999443,0.177485,0.002787
4.580000,-0.007382,-0.013246,0.095717,-1.000146,0.177103,0.002773
4.590000,-0.007345,-0.013180,0.095240,-1.000844,0.176722,0.002759
4.600000,-0.007308,-0.013114,0.094766,-1.001539,0.176341,0.002745
4.610000,-0.007272,-0.013049,0.094294,-1.002228,0.175962,0.002731
4.620000,-0.007236,-0.012983,0.093824,-1.002914,0.175583,0.002718
4.630000,-0.007200,-0.012919,0.093357,-1.003595,0.175205,0.002704
4.640000,-0.007164,-0.012854,0.092892,-1.004272,0.174829,0.002691
4.650000,-0.007128,-0.012790,0.092429,-1.004945,0.174453,0.002677
4.660000,-0.007092,-0.012726,0.091969,-1.005614,0.174078,0.002664
4.670000,-0.007057,-0.012663,0.091511,-1.006278,0.173704,0.002651
4.680000,-0.007022,-0.012600,0.091055,-1.006939,0.173331,0.002637
4.690000,-0.006987,-0.012537,0.090601,-1.007595,0.172959,0.002624
4.700000,-0.006952,-0.012474,0.090150,-1.008247,0.172588,0.002611
4.710000,-0.006917,-0.012412,0.089701,-1.008896,0.172218,0.002598
4.720000,-0.006883,-0.012350,0.089254,-1.009540,0.171848,0.002585
4.730000,-0.006848,-0.012288,0.088810,-1.010180,0.171480,0.002572
4.740000,-0.006814,-0.012227,0.088367,-1.010816,0.171112,0.002560
4.750000,-0.006780,-0.012166,0.087927,-1.011448,0.170745,0.002547
4.760000,-0.006746,-0.012105,0.087489,-1.012077,0.170379,0.002534
4.770000,-0.006713,-0.012045,0.087053,-1.012701,0.170015,0.002521
4.780000,-0.006679,-0.011985,0.086620,-1.013322,0.169651,0.002509
4.790000,-0.006646,-0.011925,0.086188,-1.013938,0.169287,0.002496
4.800000,-0.006613,-0.011866,0.085759,-1.014551,0.168925,0.002484
4.810000,-0.006580,-0.011806,0.085331,-1.015160,0.168564,0.002472
4.820000,-0.006547,-0.011748,0.084906,-1.015765,0.168203,0.002459
4.830000,-0.006514,-0.011689,0.084483,-1.016367,0.167844,0.002447
4.840000,-0.006482,-0.011631,0.084062,-1.016964,0.167485,0.002435
4.850000,-0.006450,-0.011573,0.083644,-1.017558,0.167127,0.002423
4.860000,-0.006417,-0.011515,0.083227,-1.018149,0.166770,0.002410
4.870000,-0.006385,-0.011457,0.082812,-1.018735,0.166414,0.002398
4.880000,-0.006354,-0.011400,0.082400,-1.019318,0.166058,0.002386
4.890000,-0.006322,-0.011343,0.081989,-1.019897,0.165704,0.002375
4.900000,-0.006290,-0.011287,0.081581,-1.020473,0.165350,0.002363
4.910000,-0.006259,-0.011230,0.081174,-1.021045,0.164997,0.002351
4.920000,-0.006228,-0.011174,0.080770,-1.021614,0.164645,0.002339
4.930000,-0.006197,-0.011119,0.080367,-1.022179,0.164294,0.002328
4.940000,-0.006166,-0.011063,0.079967,-1.022740,0.163944,0.002316
4.950000,-0.006135,-0.011008,0.079568,-1.023298,0.163595,0.002304
4.960000,-0.006104,-0.010953,0.079172,-1.023852,0.163246,0.002293
4.970000,-0.006074,-0.010898,0.078777,-1.024403,0.162898,0.002281
4.980000,-0.006044,-0.010844,0.078385,-1.024951,0.162551,0.002270
4.990000,-0.006013,-0.010790,0.077994,-1.025495,0.162205,0.002259
5.000000,-0.005983,-0.010736,0.077606,-1.026036,0.161860,0.002248
5.010000,-0.005954,-0.010683,0.077219,-1.026573,0.161516,0.002236
5.020000,-0.005924,-0.010629,0.076834,-1.027107,0.161172,0.002225
5.030000,-0.005894,-0.010576,0.076451,-1.027638,0.160829,0.002214
5.040000,-0.005865,-0.010524,0.076070,-1.028165,0.160487,0.002203
5.050000,-0.005836,-0.010471,0.075691,-1.028689,0.160146,0.002192
5.060000,-0.005807,-0.010419,0.075314,-1.029209,0.159806,0.002181
5.070000,-0.005778,-0.010367,0.074939,-1.029727,0.159466,0.002170
5.080000,-0.005749,-0.010315,0.074565,-1.030241,0.159128,0.002159
5.090000,-0.005720,-0.010264,0.074194,-1.030752,0.158790,0.002149
5.100000,-0.005692,-0.010212,0.073824,-1.031260,0.158453,0.002138
5.110000,-0.005663,-0.010162,0.073456,-1.031764,0.158116,0.002127
5.120000,-0.005635,-0.010111,0.073090,-1.032266,0.157781,0.002117
5.130000,-0.005607,-0.010060,0.072726,-1.032764,0.157446,0.002106
5.140000,-0.005579,-0.010010,0.072363,-1.033259,0.157112,0.002096
5.150000,-0.005551,-0.009960,0.072003,-1.033751,0.156779,0.002085
5.160000,-0.005523,-0.009911,0.071644,-1.034240,0.156447,0.002075
5.170000,-0.005496,-0.009861,0.071287,-1.034726,0.156115,0.002064
5.180000,-0.005468,-0.009812,0.070932,-1.035209,0.155784,0.002054
5.190000,-0.005441,-0.009763,0.070578,-1.035689,0.155454,0.002044
5.200000,-0.005414,-0.009714,0.070226,-1.036166,0.155125,0.002034
5.210000,-0.005387,-0.009666,0.069876,-1.036639,0.154797,0.002023
5.220000,-0.005360,-0.009618,0.069528,-1.037110,0.154469,0.002013
5.230000,-0.005333,-0.009570,0.069182,-1.037578,0.154142,0.002003
5.240000,-0.005307,-0.009522,0.068837,-1.038043,0.153816,0.001993
5.250000,-0.005280,-0.009474,0.068494,-1.038505,0.153491,0.001983
5.260000,-0.005254,-0.009427,0.068152,-1.038964,0.153166,0.001974
5.270000,-0.005228,-0.009380,0.067813,-1.039420,0.152842,0.001964
5.280000,-0.005202,-0.009333,0.067475,-1.039874,0.152519,0.001954
5.290000,-0.005176,-0.009287,0.067138,-1.040324,0.152197,0.001944
5.300000,-0.005150,-0.009240,0.066804,-1.040772,0.151875,0.001934
5.310000,-0.005124,-0.009194,0.066471,-1.041216,0.151554,0.001925
5.320000,-0.005099,-0.009148,0.066140,-1.041658,0.151234,0.001915
5.330000,-0.005073,-0.009103,0.065810,-1.042098,0.150915,0.001906
5.340000,-0.005048,-0.009057,0.065482,-1.042534,0.150596,0.001896
5.350000,-0.005023,-0.009012,0.065155,-1.042968,0.150278,0.001887
5.360000,-0.004998,-0.008967,0.064831,-1.043399,0.149961,0.001877
5.370000,-0.004973,-0.008923,0.064508,-1.043827,0.149645,0.001868
5.380000,-0.004948,-0.008878,0.064186,-1.044253,0.149329,0.001859
5.390000,-0.004923,-0.008834,0.063866,-1.044676,0.149015,0.001849
5.400000,-0.004899,-0.008790,0.063548,-1.045096,0.148700,0.001840
5.410000,-0.004874,-0.008746,0.063231,-1.045513,0.148387,0.001831
5.420000,-0.004850,-0.008702,0.062916,-1.045928,0.148074,0.001822
5.430000,-0.004826,-0.008659,0.062602,-1.046341,0.147762,0.001813
5.440000,-0.004802,-0.008616,0.062290,-1.046751,0.147451,0.001804
5.450000,-0.004778,-0.008573,0.061980,-1.047158,0.147141,0.001795
5.460000,-0.004754,-0.008530,0.061671,-1.047562,0.146831,0.001786
5.470000,-0.004730,-0.008487,0.061363,-1.047964,0.146522,0.001777
5.480000,-0.004707,-0.008445,0.061058,-1.048364,0.146213,0.001768
5.490000,-0.004683,-0.008403,0.060753,-1.048761,0.145906,0.001759
5.500000,-0.004660,-0.008361,0.060450,-1.049155,0.145599,0.001750
5.510000,-0.004637,-0.008319,0.060149,-1.049547,0.145293,0.001742
5.520000,-0.004614,-0.008278,0.059849,-1.049937,0.144987,0.001733
5.530000,-0.004590,-0.008236,0.059551,-1.050324,0.144682,0.001724
5.540000,-0.004568,-0.008195,0.059254,-1.050708,0.144378,0.001716
5.550000,-0.004545,-0.008155,0.058959,-1.051090,0.144075,0.001707
5.560000,-0.004522,-0.008114,0.058665,-1.051470,0.143772,0.001699
5.570000,-0.004500,-0.008073,0.058372,-1.051847,0.143470,0.001690
5.580000,-0.004477,-0.008033,0.058081,-1.052222,0.143169,0.001682
5.590000,-0.004455,-0.007993,0.057792,-1.052595,0.142868,0.001673
5.600000,-0.004433,-0.007953,0.057504,-1.052965,0.142568,0.001665
5.610000,-0.004410,-0.007913,0.057217,-1.053333,0.142269,0.001657
5.620000,-0.004388,-0.007874,0.056932,-1.053699,0.141970,0.001648
5.630000,-0.004367,-0.007835,0.056648,-1.054062,0.141673,0.001640
5.640000,-0.004345,-0.007796,0.056366,-1.054423,0.141375,0.001632
5.650000,-0.004323,-0.007757,0.056085,-1.054782,0.141079,0.001624
5.660000,-0.004302,-0.007718,0.055805,-1.055138,0.140783,0.001616
5.670000,-0.004280,-0.007680,0.055527,-1.055492,0.140488,0.001608
5.680000,-0.004259,-0.007641,0.055250,-1.055844,0.140193,0.001600
5.690000,-0.004238,-0.007603,0.054975,-1.056194,0.139900,0.001592
5.700000,-0.004216,-0.007565,0.054701,-1.056541,0.139607,0.001584
5.710000,-0.004195,-0.007527,0.054428,-1.056886,0.139314,0.001576
5.720000,-0.004174,-0.007490,0.054156,-1.057229,0.139022,0.001568
5.730000,-0.004154,-0.007453,0.053886,-1.057570,0.138731,0.001560
5.740000,-0.004133,-0.007415,0.053618,-1.057909,0.138441,0.001552
5.750000,-0.004112,-0.007378,0.053351,-1.058246,0.138151,0.001545
5.760000,-0.004092,-0.007342,0.053085,-1.058580,0.137862,0.001537
5.770000,-0.004071,-0.007305,0.052820,-1.058912,0.137573,0.001529
5.780000,-0.004051,-0.007269,0.052557,-1.059243,0.137286,0.001522
5.790000,-0.004031,-0.007232,0.052295,-1.059571,0.136999,0.001514
5.800000,-0.004011,-0.007196,0.052034,-1.059897,0.136712,0.001507
5.810000,-0.003991,-0.007160,0.051774,-1.060221,0.136426,0.001499
5.820000,-0.003971,-0.007125,0.051516,-1.060543,0.136141,0.001492
5.830000,-0.003951,-0.007089,0.051260,-1.060863,0.135857,0.001484
5.840000,-0.003931,-0.007054,0.051004,-1.061180,0.135573,0.001477
5.850000,-0.003912,-0.007019,0.050750,-1.061496,0.135289,0.001469
5.860000,-0.003892,-0.006984,0.050497,-1.061810,0.135007,0.001462
5.870000,-0.003873,-0.006949,0.050245,-1.062122,0.134725,0.001455
5.880000,-0.003854,-0.006914,0.049994,-1.062432,0.134444,0.001447
5.890000,-0.003834,-0.006880,0.049745,-1.062740,0.134163,0.001440
5.900000,-0.003815,-0.006845,0.049497,-1.063046,0.133883,0.001433
5.910000,-0.003796,-0.006811,0.049250,-1.063350,0.133603,0.001426
5.920000,-0.003777,-0.006777,0.049005,-1.063652,0.133325,0.001419
5.930000,-0.003758,-0.006743,0.048760,-1.063952,0.133046,0.001412
5.940000,-0.003740,-0.006710,0.048517,-1.064250,0.132769,0.001405
5.950000,-0.003721,-0.006676,0.048275,-1.064547,0.132492,0.001398
5.960000,-0.003702,-0.006643,0.048035,-1.064841,0.132216,0.001391
5.970000,-0.003684,-0.006610,0.047795,-1.065134,0.131940,0.001384
5.980000,-0.003666,-0.006577,0.047557,-1.065424,0.131665,0.001377
5.990000,-0.003647,-0.006544,0.047320,-1.065713,0.131391,0.001370
6.000000,-0.003629,-0.006511,0.047084,-1.066000,0.131117,0.001363
6.010000,-0.003611,-0.006479,0.046849,-1.066286,0.130844,0.001356
6.020000,-0.003593,-0.006447,0.046616,-1.066569,0.130571,0.001350
6.030000,-0.003575,-0.006414,0.046383,-1.066851,0.130299,0.001343
6.040000,-0.003557,-0.006382,0.046152,-1.067130,0.130028,0.001336
6.050000,-0.003539,-0.006351,0.045922,-1.067408,0.129757,0.001330
6.060000,-0.003522,-0.006319,0.045693,-1.067685,0.129487,0.001323
6.070000,-0.003504,-0.006287,0.045465,-1.067959,0.129218,0.001316
6.080000,-0.003487,-0.006256,0.045238,-1.068232,0.128949,0.001310
6.090000,-0.003469,-0.006225,0.045013,-1.068503,0.128680,0.001303
6.100000,-0.003452,-0.006194,0.044788,-1.068772,0.128413,0.001297
6.110000,-0.003435,-0.006163,0.044565,-1.069040,0.128146,0.001290
6.120000,-0.003418,-0.006132,0.044343,-1.069306,0.127879,0.001284
6.130000,-0.003401,-0.006102,0.044122,-1.069570,0.127613,0.001277
6.140000,-0.003384,-0.006071,0.043902,-1.069833,0.127348,0.001271
6.150000,-0.003367,-0.006041,0.043683,-1.070093,0.127083,0.001265
6.160000,-0.003350,-0.006011,0.043465,-1.070353,0.126819,0.001258
6.170000,-0.003333,-0.005981,0.043248,-1.070610,0.126556,0.001252
6.180000,-0.003317,-0.005951,0.043033,-1.070866,0.126293,0.001246
6.190000,-0.003300,-0.005921,0.042818,-1.071120,0.126030,0.001240
6.200000,-0.003284,-0.005892,0.042605,-1.071373,0.125769,0.001233
6.210000,-0.003267,-0.005862,0.042392,-1.071624,0.125508,0.001227
6.220000,-0.003251,-0.005833,0.042181,-1.071874,0.125247,0.001221
6.230000,-0.003235,-0.005804,0.041971,-1.072121,0.124987,0.001215
6.240000,-0.003219,-0.005775,0.041761,-1.072368,0.124728,0.001209
6.250000,-0.003203,-0.005746,0.041553,-1.072612,0.124469,0.001203
6.260000,-0.003187,-0.005718,0.041346,-1.072856,0.124210,0.001197
6.270000,-0.003171,-0.005689,0.041140,-1.073097,0.123953,0.001191
6.280000,-0.003155,-0.005661,0.040935,-1.073337,0.123696,0.001185
6.290000,-0.003139,-0.005632,0.040730,-1.073576,0.123439,0.001179
6.300000,-0.003124,-0.005604,0.040527,-1.073813,0.123183,0.001173
6.310000,-0.003108,-0.005576,0.040325,-1.074048,0.122928,0.001167
6.320000,-0.003092,-0.005549,0.040124,-1.074282,0.122673,0.001162
6.330000,-0.003077,-0.005521,0.039924,-1.074515,0.122419,0.001156
6.340000,-0.003062,-0.005493,0.039725,-1.074746,0.122165,0.001150
6.350000,-0.003046,-0.005466,0.039527,-1.074975,0.121912,0.001144
6.360000,-0.003031,-0.005439,0.039330,-1.075203,0.121659,0.001139
6.370000,-0.003016,-0.005412,0.039134,-1.075430,0.121407,0.001133
6.380000,-0.003001,-0.005385,0.038939,-1.075655,0.121156,0.001127
6.390000,-0.002986,-0.005358,0.038744,-1.075879,0.120905,0.001122
6.400000,-0.002971,-0.005331,0.038551,-1.076101,0.120654,0.001116
6.410000,-0.002956,-0.005304,0.038359,-1.076322,0.120405,0.001111
6.420000,-0.002942,-0.005278,0.038168,-1.076542,0.120155,0.001105
6.430000,-0.002927,-0.005252,0.037977,-1.076760,0.119907,0.001099
6.440000,-0.002912,-0.005225,0.037788,-1.076977,0.119659,0.001094
6.450000,-0.002898,-0.005199,0.037600,-1.077192,0.119411,0.001089
6.460000,-0.002883,-0.005173,0.037412,-1.077406,0.119164,0.001083
6.470000,-0.002869,-0.005148,0.037226,-1.077618,0.118917,0.001078
6.480000,-0.002855,-0.005122,0.037040,-1.077830,0.118671,0.001072
6.490000,-0.002840,-0.005096,0.036855,-1.078040,0.118426,0.001067
6.500000,-0.002826,-0.005071,0.036672,-1.078248,0.118181,0.001062
6.510000,-0.002812,-0.005046,0.036489,-1.078455,0.117937,0.001056
6.520000,-0.002798,-0.005020,0.036307,-1.078661,0.117693,0.001051
6.530000,-0.002784,-0.004995,0.036126,-1.078866,0.117450,0.001046
6.540000,-0.002770,-0.004971,0.035946,-1.079069,0.117207,0.001041
6.550000,-0.002757,-0.004946,0.035766,-1.079271,0.116965,0.001035
6.560000,-0.002743,-0.004921,0.035588,-1.079472,0.116723,0.001030
6.570000,-0.002729,-0.004897,0.035410,-1.079671,0.116482,0.001025
6.580000,-0.002715,-0.004872,0.035234,-1.079869,0.116242,0.001020
6.590000,-0.002702,-0.004848,0.035058,-1.080066,0.116002,0.001015
6.600000,-0.002688,-0.004824,0.034883,-1.080262,0.115762,0.001010
6.610000,-0.002675,-0.004800,0.034709,-1.080456,0.115523,0.001005
6.620000,-0.002662,-0.004776,0.034536,-1.080649,0.115285,0.001000
6.630000,-0.002648,-0.004752,0.034364,-1.080841,0.115047,0.000995
6.640000,-0.002635,-0.004728,0.034193,-1.081031,0.114809,0.000990
6.650000,-0.002622,-0.004705,0.034022,-1.081221,0.114572,0.000985
6.660000,-0.002609,-0.004681,0.033853,-1.081409,0.114336,0.000980
6.670000,-0.002596,-0.004658,0.033684,-1.081596,0.114100,0.000975
6.680000,-0.002583,-0.004634,0.033516,-1.081782,0.113865,0.000970
6.690000,-0.002570,-0.004611,0.033349,-1.081967,0.113630,0.000965
6.700000,-0.002557,-0.004588,0.033182,-1.082150,0.113395,0.000961
6.710000,-0.002545,-0.004565,0.033017,-1.082332,0.113162,0.000956
6.720000,-0.002532,-0.004543,0.032852,-1.082513,0.112928,0.000951
6.730000,-0.002519,-0.004520,0.032688,-1.082693,0.112696,0.000946
6.740000,-0.002507,-0.004498,0.032525,-1.082872,0.112463,0.000942
6.750000,-0.002494,-0.004475,0.032363,-1.083050,0.112232,0.000937
6.760000,-0.002482,-0.004453,0.032202,-1.083226,0.112000,0.000932
6.770000,-0.002469,-0.004431,0.032041,-1.083402,0.111770,0.000928
6.780000,-0.002457,-0.004408,0.031881,-1.083576,0.111539,0.000923
6.790000,-0.002445,-0.004386,0.031722,-1.083749,0.111310,0.000918
6.800000,-0.002433,-0.004365,0.031564,-1.083921,0.111080,0.000914
6.810000,-0.002420,-0.004343,0.031407,-1.084092,0.110852,0.000909
6.820000,-0.002408,-0.004321,0.031250,-1.084262,0.110623,0.000905
6.830000,-0.002396,-0.004300,0.031094,-1.084431,0.110396,0.000900
6.840000,-0.002384,-0.004278,0.030939,-1.084598,0.110168,0.000896
6.850000,-0.002373,-0.004257,0.030785,-1.084765,0.109942,0.000891
6.860000,-0.002361,-0.004236,0.030632,-1.084930,0.109715,0.000887
6.870000,-0.002349,-0.004214,0.030479,-1.085095,0.109489,0.000882
6.880000,-0.002337,-0.004193,0.030327,-1.085258,0.109264,0.000878
6.890000,-0.002326,-0.004173,0.030176,-1.085421,0.109039,0.000874
6.900000,-0.002314,-0.004152,0.030025,-1.085582,0.108815,0.000869
6.910000,-0.002302,-0.004131,0.029875,-1.085742,0.108591,0.000865
6.920000,-0.002291,-0.004110,0.029726,-1.085902,0.108368,0.000861
6.930000,-0.002280,-0.004090,0.029578,-1.086060,0.108145,0.000856
6.940000,-0.002268,-0.004070,0.029431,-1.086217,0.107923,0.000852
6.950000,-0.002257,-0.004049,0.029284,-1.086373,0.107701,0.000848
6.960000,-0.002246,-0.004029,0.029138,-1.086529,0.107479,0.000844
6.970000,-0.002234,-0.004009,0.028993,-1.086683,0.107259,0.000839
6.980000,-0.002223,-0.003989,0.028848,-1.086836,0.107038,0.000835
6.990000,-0.002212,-0.003969,0.028704,-1.086989,0.106818,0.000831
7.000000,-0.002201,-0.003949,0.028561,-1.087140,0.106599,0.000827
7.010000,-0.002190,-0.003930,0.028419,-1.087290,0.106380,0.000823
7.020000,-0.002179,-0.003910,0.028277,-1.087440,0.106161,0.000819
7.030000,-0.002168,-0.003890,0.028136,-1.087588,0.105943,0.000815
7.040000,-0.002158,-0.003871,0.027995,-1.087735,0.105725,0.000810
7.050000,-0.002147,-0.003852,0.027856,-1.087882,0.105508,0.000806
7.060000,-0.002136,-0.003833,0.027717,-1.088027,0.105292,0.000802
7.070000,-0.002125,-0.003813,0.027579,-1.088172,0.105076,0.000798
7.080000,-0.002115,-0.003794,0.027441,-1.088316,0.104860,0.000794
7.090000,-0.002104,-0.003775,0.027304,-1.088459,0.104645,0.000790
7.100000,-0.002094,-0.003757,0.027168,-1.088601,0.104430,0.000786
7.110000,-0.002083,-0.003738,0.027033,-1.088742,0.104216,0.000783
7.120000,-0.002073,-0.003719,0.026898,-1.088882,0.104002,0.000779
7.130000,-0.002063,-0.003701,0.026764,-1.089021,0.103788,0.000775
7.140000,-0.002052,-0.003682,0.026630,-1.089159,0.103575,0.000771
7.150000,-0.002042,-0.003664,0.026497,-1.089296,0.103363,0.000767
7.160000,-0.002032,-0.003646,0.026365,-1.089433,0.103151,0.000763
7.170000,-0.002022,-0.003627,0.026234,-1.089569,0.102939,0.000759
7.180000,-0.002012,-0.003609,0.026103,-1.089703,0.102728,0.000756
7.190000,-0.002002,-0.003591,0.025973,-1.089837,0.102518,0.000752
7.200000,-0.001992,-0.003573,0.025843,-1.089970,0.102307,0.000748
7.210000,-0.001982,-0.003556,0.025714,-1.090102,0.102098,0.000744
7.220000,-0.001972,-0.003538,0.025586,-1.090234,0.101888,0.000741
7.230000,-0.001962,-0.003520,0.025459,-1.090364,0.101680,0.000737
7.240000,-0.001952,-0.003503,0.025332,-1.090494,0.101471,0.000733
7.250000,-0.001942,-0.003485,0.025205,-1.090623,0.101263,0.000730
7.260000,-0.001933,-0.003468,0.025080,-1.090751,0.101056,0.000726
7.270000,-0.001923,-0.003450,0.024955,-1.090878,0.100849,0.000722
7.280000,-0.001914,-0.003433,0.024830,-1.091004,0.100642,0.000719
7.290000,-0.001904,-0.003416,0.024706,-1.091130,0.100436,0.000715
7.300000,-0.001895,-0.003399,0.024583,-1.091255,0.100230,0.000712
7.310000,-0.001885,-0.003382,0.024460,-1.091379,0.100025,0.000708
7.320000,-0.001876,-0.003365,0.024338,-1.091502,0.099820,0.000705
7.330000,-0.001866,-0.003349,0.024217,-1.091624,0.099616,0.000701
7.340000,-0.001857,-0.003332,0.024096,-1.091746,0.099412,0.000698
7.350000,-0.001848,-0.003315,0.023976,-1.091867,0.099208,0.000694
7.360000,-0.001839,-0.003299,0.023857,-1.091987,0.099005,0.000691
7.370000,-0.001829,-0.003282,0.023738,-1.092106,0.098803,0.000687
7.380000,-0.001820,-0.003266,0.023619,-1.092224,0.098600,0.000684
7.390000,-0.001811,-0.003250,0.023501,-1.092342,0.098399,0.000680
7.400000,-0.001802,-0.003233,0.023384,-1.092459,0.098197,0.000677
7.410000,-0.001793,-0.003217,0.023268,-1.092575,0.097996,0.000674
7.420000,-0.001784,-0.003201,0.023152,-1.092691,0.097796,0.000670
7.430000,-0.001775,-0.003185,0.023036,-1.092806,0.097596,0.000667
7.440000,-0.001766,-0.003169,0.022921,-1.092920,0.097396,0.000664
7.450000,-0.001758,-0.003154,0.022807,-1.093033,0.097197,0.000660
7.460000,-0.001749,-0.003138,0.022693,-1.093145,0.096998,0.000657
7.470000,-0.001740,-0.003122,0.022580,-1.093257,0.096800,0.000654
7.480000,-0.001731,-0.003107,0.022467,-1.093368,0.096602,0.000650
7.490000,-0.001723,-0.003091,0.022355,-1.093479,0.096405,0.000647
7.500000,-0.001714,-0.003076,0.022244,-1.093588,0.096207,0.000644
7.510000,-0.001706,-0.003060,0.022133,-1.093697,0.096011,0.000641
7.520000,-0.001697,-0.003045,0.022023,-1.093806,0.095815,0.000638
7.530000,-0.001689,-0.003030,0.021913,-1.093913,0.095619,0.000634
7.540000,-0.001680,-0.003015,0.021803,-1.094020,0.095423,0.000631
7.550000,-0.001672,-0.003000,0.021695,-1.094126,0.095228,0.000628
7.560000,-0.001664,-0.002985,0.021586,-1.094232,0.095034,0.000625
7.570000,-0.001655,-0.002970,0.021479,-1.094337,0.094840,0.000622
7.580000,-0.001647,-0.002955,0.021372,-1.094441,0.094646,0.000619
7.590000,-0.001639,-0.002940,0.021265,-1.094544,0.094453,0.000616
7.600000,-0.001631,-0.002926,0.021159,-1.094647,0.094260,0.000613
7.610000,-0.001623,-0.002911,0.021054,-1.094749,0.094067,0.000609
7.620000,-0.001614,-0.002897,0.020949,-1.094851,0.093875,0.000606
7.630000,-0.001606,-0.002882,0.020844,-1.094952,0.093684,0.000603
7.640000,-0.001598,-0.002868,0.020740,-1.095052,0.093492,0.000600
7.650000,-0.001590,-0.002853,0.020637,-1.095151,0.093301,0.000597
7.660000,-0.001582,-0.002839,0.020534,-1.095250,0.093111,0.000594
7.670000,-0.001575,-0.002825,0.020431,-1.095349,0.092921,0.000591
7.680000,-0.001567,-0.002811,0.020329,-1.095446,0.092731,0.000589
7.690000,-0.001559,-0.002797,0.020228,-1.095543,0.092542,0.000586
7.700000,-0.001551,-0.002783,0.020127,-1.095640,0.092353,0.000583
7.710000,-0.001543,-0.002769,0.020027,-1.095736,0.092165,0.000580
7.720000,-0.001536,-0.002755,0.019927,-1.095831,0.091977,0.000577
7.730000,-0.001528,-0.002742,0.019828,-1.095925,0.091789,0.000574
7.740000,-0.001520,-0.002728,0.019729,-1.096019,0.091602,0.000571
7.750000,-0.001513,-0.002714,0.019630,-1.096113,0.091415,0.000568
7.760000,-0.001505,-0.002701,0.019532,-1.096206,0.091229,0.000565
7.770000,-0.001498,-0.002687,0.019435,-1.096298,0.091042,0.000563
7.780000,-0.001490,-0.002674,0.019338,-1.096389,0.090857,0.000560
7.790000,-0.001483,-0.002660,0.019242,-1.096480,0.090672,0.000557
7.800000,-0.001475,-0.002647,0.019146,-1.096571,0.090487,0.000554
7.810000,-0.001468,-0.002634,0.019050,-1.096660,0.090302,0.000551
7.820000,-0.001461,-0.002621,0.018955,-1.096750,0.090118,0.000549
7.830000,-0.001453,-0.002608,0.018861,-1.096838,0.089934,0.000546
7.840000,-0.001446,-0.002595,0.018767,-1.096926,0.089751,0.000543
7.850000,-0.001439,-0.002582,0.018673,-1.097014,0.089568,0.000541
7.860000,-0.001432,-0.002569,0.018580,-1.097101,0.089386,0.000538
7.870000,-0.001425,-0.002556,0.018487,-1.097187,0.089204,0.000535
7.880000,-0.001418,-0.002543,0.018395,-1.097273,0.089022,0.000532
7.890000,-0.001411,-0.002531,0.018303,-1.097359,0.088840,0.000530
7.900000,-0.001403,-0.002518,0.018212,-1.097443,0.088659,0.000527
7.910000,-0.001396,-0.002506,0.018121,-1.097527,0.088479,0.000525
7.920000,-0.001390,-0.002493,0.018031,-1.097611,0.088299,0.000522
7.930000,-0.001383,-0.002481,0.017941,-1.097694,0.088119,0.000519
7.940000,-0.001376,-0.002468,0.017851,-1.097777,0.087939,0.000517
7.950000,-0.001369,-0.002456,0.017762,-1.097859,0.087760,0.000514
7.960000,-0.001362,-0.002444,0.017674,-1.097940,0.087581,0.000512
7.970000,-0.001355,-0.002432,0.017586,-1.098021,0.087403,0.000509
7.980000,-0.001348,-0.002419,0.017498,-1.098102,0.087225,0.000507
7.990000,-0.001342,-0.002407,0.017411,-1.098182,0.087048,0.000504
8.000000,-0.001335,-0.002395,0.017324,-1.098261,0.086870,0.000501
8.010000,-0.001328,-0.002383,0.017237,-1.098340,0.086694,0.000499
8.020000,-0.001322,-0.002371,0.017151,-1.098419,0.086517,0.000496
8.030000,-0.001315,-0.002360,0.017066,-1.098497,0.086341,0.000494
8.040000,-0.001309,-0.002348,0.016981,-1.098574,0.086165,0.000492
8.050000,-0.001302,-0.002336,0.016896,-1.098651,0.085990,0.000489
8.060000,-0.001296,-0.002325,0.016812,-1.098728,0.085815,0.000487
8.070000,-0.001289,-0.002313,0.016728,-1.098803,0.085640,0.000484
8.080000,-0.001283,-0.002301,0.016645,-1.098879,0.085466,0.000482
8.090000,-0.001276,-0.002290,0.016562,-1.098954,0.085292,0.000479
8.100000,-0.001270,-0.002278,0.016479,-1.099028,0.085119,0.000477
8.110000,-0.001264,-0.002267,0.016397,-1.099102,0.084946,0.000475
8.120000,-0.001257,-0.002256,0.016315,-1.099176,0.084773,0.000472
8.130000,-0.001251,-0.002245,0.016234,-1.099249,0.084600,0.000470
8.140000,-0.001245,-0.002233,0.016153,-1.099322,0.084428,0.000468
8.150000,-0.001239,-0.002222,0.016072,-1.099394,0.084257,0.000465
8.160000,-0.001232,-0.002211,0.015992,-1.099465,0.084085,0.000463
8.170000,-0.001226,-0.002200,0.015912,-1.099537,0.083914,0.000461
8.180000,-0.001220,-0.002189,0.015833,-1.099607,0.083744,0.000458
8.190000,-0.001214,-0.002178,0.015754,-1.099678,0.083574,0.000456
8.200000,-0.001208,-0.002167,0.015675,-1.099747,0.083404,0.000454
8.210000,-0.001202,-0.002157,0.015597,-1.099817,0.083234,0.000452
8.220000,-0.001196,-0.002146,0.015519,-1.099886,0.083065,0.000449
8.230000,-0.001190,-0.002135,0.015442,-1.099954,0.082896,0.000447
8.240000,-0.001184,-0.002124,0.015365,-1.100022,0.082728,0.000445
8.250000,-0.001178,-0.002114,0.015288,-1.100090,0.082560,0.000443
8.260000,-0.001172,-0.002103,0.015212,-1.100157,0.082392,0.000440
8.270000,-0.001166,-0.002093,0.015136,-1.100224,0.082225,0.000438
8.280000,-0.001161,-0.002082,0.015061,-1.100290,0.082057,0.000436
8.290000,-0.001155,-0.002072,0.014986,-1.100356,0.081891,0.000434
8.300000,-0.001149,-0.002062,0.014911,-1.100422,0.081724,0.000432
8.310000,-0.001143,-0.002051,0.014836,-1.100487,0.081558,0.000429
8.320000,-0.001138,-0.002041,0.014762,-1.100551,0.081393,0.000427
8.330000,-0.001132,-0.002031,0.014689,-1.100615,0.081227,0.000425
8.340000,-0.001126,-0.002021,0.014616,-1.100679,0.081063,0.000423
8.350000,-0.001121,-0.002011,0.014543,-1.100743,0.080898,0.000421
8.360000,-0.001115,-0.002001,0.014470,-1.100806,0.080734,0.000419
8.370000,-0.001110,-0.001991,0.014398,-1.100868,0.080570,0.000417
8.380000,-0.001104,-0.001981,0.014326,-1.100930,0.080406,0.000415
8.390000,-0.001099,-0.001971,0.014255,-1.100992,0.080243,0.000413
8.400000,-0.001093,-0.001961,0.014184,-1.101054,0.080080,0.000411
8.410000,-0.001088,-0.001951,0.014113,-1.101115,0.079917,0.000409
8.420000,-0.001082,-0.001942,0.014042,-1.101175,0.079755,0.000406
8.430000,-0.001077,-0.001932,0.013972,-1.101235,0.079593,0.000404
8.440000,-0.001071,-0.001922,0.013903,-1.101295,0.079432,0.000402
8.450000,-0.001066,-0.001913,0.013833,-1.101355,0.079271,0.000400
8.460000,-0.001061,-0.001903,0.013764,-1.101414,0.079110,0.000398
8.470000,-0.001055,-0.001894,0.013696,-1.101472,0.078949,0.000396
8.480000,-0.001050,-0.001884,0.013627,-1.101531,0.078789,0.000394
8.490000,-0.001045,-0.001875,0.013560,-1.101588,0.078629,0.000393
8.500000,-0.001040,-0.001865,0.013492,-1.101646,0.078470,0.000391
8.510000,-0.001035,-0.001856,0.013425,-1.101703,0.078310,0.000389
8.520000,-0.001029,-0.001847,0.013358,-1.101760,0.078152,0.000387
8.530000,-0.001024,-0.001838,0.013291,-1.101816,0.077993,0.000385
8.540000,-0.001019,-0.001829,0.013225,-1.101872,0.077835,0.000383
8.550000,-0.001014,-0.001819,0.013159,-1.101928,0.077677,0.000381
8.560000,-0.001009,-0.001810,0.013093,-1.101983,0.077520,0.000379
8.570000,-0.001004,-0.001801,0.013028,-1.102038,0.077362,0.000377
8.580000,-0.000999,-0.001792,0.012963,-1.102093,0.077205,0.000375
8.590000,-0.000994,-0.001783,0.012898,-1.102147,0.077049,0.000373
8.600000,-0.000989,-0.001774,0.012834,-1.102201,0.076893,0.000372
8.610000,-0.000984,-0.001766,0.012770,-1.102255,0.076737,0.000370
8.620000,-0.000979,-0.001757,0.012706,-1.102308,0.076581,0.000368
8.630000,-0.000974,-0.001748,0.012643,-1.102361,0.076426,0.000366
8.640000,-0.000969,-0.001739,0.012580,-1.102414,0.076271,0.000364
8.650000,-0.000965,-0.001731,0.012517,-1.102466,0.076116,0.000362
8.660000,-0.000960,-0.001722,0.012455,-1.102518,0.075962,0.000361
8.670000,-0.000955,-0.001713,0.012393,-1.102569,0.075808,0.000359
8.680000,-0.000950,-0.001705,0.012331,-1.102621,0.075655,0.000357
8.690000,-0.000946,-0.001696,0.012269,-1.102671,0.075501,0.000355
8.700000,-0.000941,-0.001688,0.012208,-1.102722,0.075348,0.000353
8.710000,-0.000936,-0.001680,0.012147,-1.102772,0.075196,0.000352
8.720000,-0.000931,-0.001671,0.012087,-1.102822,0.075043,0.000350
8.730000,-0.000927,-0.001663,0.012026,-1.102872,0.074891,0.000348
8.740000,-0.000922,-0.001655,0.011966,-1.102921,0.074740,0.000346
8.750000,-0.000918,-0.001646,0.011907,-1.102970,0.074588,0.000345
8.760000,-0.000913,-0.001638,0.011847,-1.103019,0.074437,0.000343
8.770000,-0.000908,-0.001630,0.011788,-1.103067,0.074286,0.000341
8.780000,-0.000904,-0.001622,0.011729,-1.103115,0.074136,0.000340
8.790000,-0.000899,-0.001614,0.011671,-1.103163,0.073986,0.000338
8.800000,-0.000895,-0.001606,0.011613,-1.103210,0.073836,0.000336
8.810000,-0.000890,-0.001598,0.011555,-1.103257,0.073686,0.000334
8.820000,-0.000886,-0.001590,0.011497,-1.103304,0.073537,0.000333
8.830000,-0.000882,-0.001582,0.011440,-1.103350,0.073388,0.000331
8.840000,-0.000877,-0.001574,0.011383,-1.103397,0.073240,0.000330
8.850000,-0.000873,-0.001566,0.011326,-1.103442,0.073091,0.000328
8.860000,-0.000868,-0.001558,0.011269,-1.103488,0.072943,0.000326
8.870000,-0.000864,-0.001550,0.011213,-1.103533,0.072796,0.000325
8.880000,-0.000860,-0.001543,0.011157,-1.103578,0.072648,0.000323
8.890000,-0.000856,-0.001535,0.011102,-1.103623,0.072501,0.000321
8.900000,-0.000851,-0.001527,0.011046,-1.103668,0.072354,0.000320
8.910000,-0.000847,-0.001520,0.010991,-1.103712,0.072208,0.000318
8.920000,-0.000843,-0.001512,0.010936,-1.103756,0.072062,0.000317
8.930000,-0.000839,-0.001505,0.010882,-1.103799,0.071916,0.000315
8.940000,-0.000834,-0.001497,0.010828,-1.103842,0.071770,0.000313
8.950000,-0.000830,-0.001490,0.010774,-1.103885,0.071625,0.000312
8.960000,-0.000826,-0.001482,0.010720,-1.103928,0.071480,0.000310
8.970000,-0.000822,-0.001475,0.010666,-1.103971,0.071336,0.000309
8.980000,-0.000818,-0.001467,0.010613,-1.104013,0.071191,0.000307
8.990000,-0.000814,-0.001460,0.010560,-1.104055,0.071047,0.000306
9.000000,-0.000810,-0.001453,0.010508,-1.104096,0.070904,0.000304
9.010000,-0.000806,-0.001446,0.010455,-1.104138,0.070760,0.000303
9.020000,-0.000802,-0.001438,0.010403,-1.104179,0.070617,0.000301
9.030000,-0.000798,-0.001431,0.010351,-1.104220,0.070474,0.000300
9.040000,-0.000794,-0.001424,0.010299,-1.104260,0.070332,0.000298
9.050000,-0.000790,-0.001417,0.010248,-1.104301,0.070189,0.000297
9.060000,-0.000786,-0.001410,0.010197,-1.104341,0.070047,0.000295
9.070000,-0.000782,-0.001403,0.010146,-1.104381,0.069906,0.000294
9.080000,-0.000778,-0.001396,0.010096,-1.104420,0.069764,0.000292
9.090000,-0.000774,-0.001389,0.010045,-1.104459,0.069623,0.000291
9.100000,-0.000770,-0.001382,0.009995,-1.104498,0.069482,0.000289
9.110000,-0.000766,-0.001375,0.009945,-1.104537,0.069342,0.000288
9.120000,-0.000763,-0.001368,0.009896,-1.104576,0.069202,0.000286
9.130000,-0.000759,-0.001361,0.009846,-1.104614,0.069062,0.000285
9.140000,-0.000755,-0.001355,0.009797,-1.104652,0.068922,0.000284
9.150000,-0.000751,-0.001348,0.009748,-1.104690,0.068783,0.000282
9.160000,-0.000747,-0.001341,0.009700,-1.104727,0.068644,0.000281
9.170000,-0.000744,-0.001334,0.009651,-1.104765,0.068505,0.000279
9.180000,-0.000740,-0.001328,0.009603,-1.104802,0.068367,0.000278
9.190000,-0.000736,-0.001321,0.009555,-1.104839,0.068228,0.000277
9.200000,-0.000733,-0.001315,0.009508,-1.104875,0.068091,0.000275
9.210000,-0.000729,-0.001308,0.009460,-1.104912,0.067953,0.000274
9.220000,-0.000725,-0.001301,0.009413,-1.104948,0.067816,0.000272
9.230000,-0.000722,-0.001295,0.009366,-1.104984,0.067679,0.000271
9.240000,-0.000718,-0.001289,0.009319,-1.105019,0.067542,0.000270
9.250000,-0.000715,-0.001282,0.009273,-1.105055,0.067405,0.000268
9.260000,-0.000711,-0.001276,0.009227,-1.105090,0.067269,0.000267
9.270000,-0.000707,-0.001269,0.009181,-1.105125,0.067133,0.000266
9.280000,-0.000704,-0.001263,0.009135,-1.105160,0.066998,0.000264
9.290000,-0.000700,-0.001257,0.009089,-1.105194,0.066862,0.000263
9.300000,-0.000697,-0.001250,0.009044,-1.105229,0.066727,0.000262
9.310000,-0.000693,-0.001244,0.008999,-1.105263,0.066592,0.000260
9.320000,-0.000690,-0.001238,0.008954,-1.105296,0.066458,0.000259
9.330000,-0.000687,-0.001232,0.008909,-1.105330,0.066324,0.000258
9.340000,-0.000683,-0.001226,0.008865,-1.105364,0.066190,0.000257
9.350000,-0.000680,-0.001220,0.008821,-1.105397,0.066056,0.000255
9.360000,-0.000676,-0.001213,0.008777,-1.105430,0.065922,0.000254
9.370000,-0.000673,-0.001207,0.008733,-1.105463,0.065789,0.000253
9.380000,-0.000670,-0.001201,0.008689,-1.105495,0.065656,0.000252
9.390000,-0.000666,-0.001195,0.008646,-1.105527,0.065524,0.000250
9.400000,-0.000663,-0.001189,0.008603,-1.105560,0.065392,0.000249
9.410000,-0.000660,-0.001184,0.008560,-1.105592,0.065259,0.000248
9.420000,-0.000656,-0.001178,0.008517,-1.105623,0.065128,0.000247
9.430000,-0.000653,-0.001172,0.008475,-1.105655,0.064996,0.000245
9.440000,-0.000650,-0.001166,0.008433,-1.105686,0.064865,0.000244
9.450000,-0.000647,-0.001160,0.008390,-1.105717,0.064734,0.000243
9.460000,-0.000643,-0.001154,0.008349,-1.105748,0.064603,0.000242
9.470000,-0.000640,-0.001149,0.008307,-1.105779,0.064473,0.000240
9.480000,-0.000637,-0.001143,0.008266,-1.105810,0.064343,0.000239
9.490000,-0.000634,-0.001137,0.008224,-1.105840,0.064213,0.000238
9.500000,-0.000631,-0.001131,0.008183,-1.105870,0.064083,0.000237
9.510000,-0.000627,-0.001126,0.008143,-1.105900,0.063954,0.000236
9.520000,-0.000624,-0.001120,0.008102,-1.105930,0.063825,0.000235
9.530000,-0.000621,-0.001115,0.008061,-1.105959,0.063696,0.000233
9.540000,-0.000618,-0.001109,0.008021,-1.105989,0.063567,0.000232
9.550000,-0.000615,-0.001104,0.007981,-1.106018,0.063439,0.000231
9.560000,-0.000612,-0.001098,0.007941,-1.106047,0.063311,0.000230
9.570000,-0.000609,-0.001093,0.007902,-1.106076,0.063183,0.000229
9.580000,-0.000606,-0.001087,0.007862,-1.106104,0.063056,0.000228
9.590000,-0.000603,-0.001082,0.007823,-1.106133,0.062929,0.000226
9.600000,-0.000600,-0.001076,0.007784,-1.106161,0.062802,0.000225
9.610000,-0.000597,-0.001071,0.007745,-1.106189,0.062675,0.000224
9.620000,-0.000594,-0.001066,0.007707,-1.106217,0.062549,0.000223
9.630000,-0.000591,-0.001060,0.007668,-1.106245,0.062422,0.000222
9.640000,-0.000588,-0.001055,0.007630,-1.106272,0.062296,0.000221
9.650000,-0.000585,-0.001050,0.007592,-1.106299,0.062171,0.000220
9.660000,-0.000582,-0.001044,0.007554,-1.106327,0.062045,0.000219
9.670000,-0.000579,-0.001039,0.007516,-1.106354,0.061920,0.000218
9.680000,-0.000576,-0.001034,0.007479,-1.106381,0.061795,0.000216
9.690000,-0.000573,-0.001029,0.007442,-1.106407,0.061671,0.000215
9.700000,-0.000571,-0.001024,0.007405,-1.106434,0.061546,0.000214
9.710000,-0.000568,-0.001019,0.007368,-1.106460,0.061422,0.000213
9.720000,-0.000565,-0.001014,0.007331,-1.106486,0.061298,0.000212
9.730000,-0.000562,-0.001009,0.007294,-1.106512,0.061175,0.000211
9.740000,-0.000559,-0.001004,0.007258,-1.106538,0.061051,0.000210
9.750000,-0.000557,-0.000999,0.007222,-1.106564,0.060928,0.000209
9.760000,-0.000554,-0.000994,0.007186,-1.106589,0.060805,0.000208
9.770000,-0.000551,-0.000989,0.007150,-1.106614,0.060683,0.000207
9.780000,-0.000548,-0.000984,0.007114,-1.106639,0.060560,0.000206
9.790000,-0.000546,-0.000979,0.007079,-1.106664,0.060438,0.000205
9.800000,-0.000543,-0.000974,0.007043,-1.106689,0.060316,0.000204
9.810000,-0.000540,-0.000969,0.007008,-1.106714,0.060195,0.000203
9.820000,-0.000537,-0.000964,0.006973,-1.106738,0.060073,0.000202
9.830000,-0.000535,-0.000959,0.006939,-1.106763,0.059952,0.000201
9.840000,-0.000532,-0.000955,0.006904,-1.106787,0.059831,0.000200
9.850000,-0.000529,-0.000950,0.006870,-1.106811,0.059711,0.000199
9.860000,-0.000527,-0.000945,0.006835,-1.106835,0.059590,0.000198
9.870000,-0.000524,-0.000940,0.006801,-1.106859,0.059470,0.000197
9.880000,-0.000522,-0.000936,0.006767,-1.106882,0.059350,0.000196
9.890000,-0.000519,-0.000931,0.006734,-1.106906,0.059231,0.000195
9.900000,-0.000516,-0.000926,0.006700,-1.106929,0.059111,0.000194
9.910000,-0.000514,-0.000922,0.006667,-1.106952,0.058992,0.000193
9.920000,-0.000511,-0.000917,0.006633,-1.106975,0.058873,0.000192
9.930000,-0.000509,-0.000913,0.006600,-1.106998,0.058755,0.000191
9.940000,-0.000506,-0.000908,0.006567,-1.107020,0.058636,0.000190
9.950000,-0.000504,-0.000903,0.006535,-1.107043,0.058518,0.000189
9.960000,-0.000501,-0.000899,0.006502,-1.107065,0.058400,0.000188
9.970000,-0.000499,-0.000894,0.006470,-1.107088,0.058283,0.000187
9.980000,-0.000496,-0.000890,0.006437,-1.107110,0.058165,0.000186
9.990000,-0.000494,-0.000886,0.006405,-1.107132,0.058048,0.000185
10.000000,-0.000491,-0.000881,0.006373,-1.107153,0.057931,0.000184
