0.000000,-0.307722,0.970880,-0.596906,-0.875711,-0.723289,0.760982
0.010000,-0.305899,0.958410,-0.592846,-0.877158,-0.720125,0.752860
0.020000,-0.304091,0.946259,-0.588827,-0.878596,-0.716988,0.744916
0.030000,-0.302296,0.934415,-0.584848,-0.880026,-0.713879,0.737142
0.040000,-0.300515,0.922867,-0.580910,-0.881447,-0.710796,0.729532
0.050000,-0.298748,0.911601,-0.577011,-0.882860,-0.707739,0.722079
0.060000,-0.296994,0.900609,-0.573150,-0.884265,-0.704708,0.714779
0.070000,-0.295254,0.889879,-0.569328,-0.885662,-0.701703,0.707626
0.080000,-0.293527,0.879401,-0.565543,-0.887050,-0.698723,0.700615
0.090000,-0.291813,0.869167,-0.561795,-0.888430,-0.695768,0.693740
0.100000,-0.290112,0.859166,-0.558083,-0.889803,-0.692837,0.686998
0.110000,-0.288423,0.849392,-0.554407,-0.891167,-0.689930,0.680384
0.120000,-0.286748,0.839835,-0.550766,-0.892523,-0.687047,0.673894
0.130000,-0.285084,0.830488,-0.547159,-0.893871,-0.684188,0.667523
0.140000,-0.283433,0.821344,-0.543587,-0.895212,-0.681352,0.661269
0.150000,-0.281795,0.812396,-0.540048,-0.896544,-0.678538,0.655126
0.160000,-0.280168,0.803636,-0.536542,-0.897869,-0.675748,0.649093
0.170000,-0.278553,0.795059,-0.533069,-0.899185,-0.672979,0.643165
0.180000,-0.276950,0.786658,-0.529628,-0.900494,-0.670233,0.637339
0.190000,-0.275359,0.778428,-0.526219,-0.901796,-0.667508,0.631613
0.200000,-0.273779,0.770362,-0.522841,-0.903089,-0.664804,0.625982
0.210000,-0.272210,0.762457,-0.519494,-0.904375,-0.662122,0.620446
0.220000,-0.270653,0.754705,-0.516177,-0.905654,-0.659460,0.615000
0.230000,-0.269107,0.747104,-0.512890,-0.906924,-0.656819,0.609643
0.240000,-0.267572,0.739647,-0.509632,-0.908188,-0.654199,0.604371
0.250000,-0.266048,0.732331,-0.506403,-0.909443,-0.651598,0.599183
0.260000,-0.264535,0.725151,-0.503203,-0.910692,-0.649017,0.594076
0.270000,-0.263033,0.718103,-0.500031,-0.911933,-0.646456,0.589048
0.280000,-0.261541,0.711183,-0.496888,-0.913166,-0.643914,0.584097
0.290000,-0.260060,0.704387,-0.493771,-0.914392,-0.641391,0.579221
0.300000,-0.258588,0.697712,-0.490682,-0.915611,-0.638887,0.574418
0.310000,-0.257128,0.691154,-0.487619,-0.916823,-0.636402,0.569686
0.320000,-0.255677,0.684709,-0.484583,-0.918027,-0.633935,0.565023
0.330000,-0.254237,0.678375,-0.481572,-0.919225,-0.631486,0.560427
0.340000,-0.252806,0.672149,-0.478587,-0.920415,-0.629054,0.555898
0.350000,-0.251385,0.666027,-0.475628,-0.921598,-0.626641,0.551432
0.360000,-0.249975,0.660006,-0.472694,-0.922774,-0.624245,0.547029
0.370000,-0.248573,0.654084,-0.469784,-0.923943,-0.621866,0.542688
0.380000,-0.247182,0.648258,-0.466899,-0.925105,-0.619505,0.538405
0.390000,-0.245799,0.642526,-0.464037,-0.926260,-0.617160,0.534182
0.400000,-0.244427,0.636885,-0.461200,-0.927408,-0.614832,0.530015
0.410000,-0.243063,0.631332,-0.458385,-0.928550,-0.612520,0.525903
0.420000,-0.241709,0.625865,-0.455594,-0.929684,-0.610225,0.521846
0.430000,-0.240363,0.620483,-0.452826,-0.930812,-0.607945,0.517842
0.440000,-0.239027,0.615183,-0.450080,-0.931933,-0.605682,0.513890
0.450000,-0.237700,0.609963,-0.447357,-0.933047,-0.603434,0.509989
0.460000,-0.236382,0.604820,-0.444655,-0.934154,-0.601201,0.506137
0.470000,-0.235072,0.599754,-0.441975,-0.935255,-0.598984,0.502334
0.480000,-0.233771,0.594761,-0.439317,-0.936349,-0.596783,0.498578
0.490000,-0.232479,0.589841,-0.436680,-0.937437,-0.594596,0.494869
0.500000,-0.231195,0.584992,-0.434063,-0.938518,-0.592424,0.491205
0.510000,-0.229920,0.580212,-0.431468,-0.939593,-0.590266,0.487586
0.520000,-0.228653,0.575498,-0.428892,-0.940661,-0.588123,0.484011
0.530000,-0.227394,0.570851,-0.426337,-0.941723,-0.585995,0.480478
0.540000,-0.226144,0.566268,-0.423802,-0.942778,-0.583880,0.476987
0.550000,-0.224901,0.561747,-0.421287,-0.943827,-0.581780,0.473537
0.560000,-0.223667,0.557288,-0.418791,-0.944870,-0.579693,0.470128
0.570000,-0.222441,0.552889,-0.416314,-0.945906,-0.577620,0.466758
0.580000,-0.221222,0.548548,-0.413857,-0.946936,-0.575561,0.463426
0.590000,-0.220012,0.544265,-0.411418,-0.947960,-0.573515,0.460133
0.600000,-0.218809,0.540037,-0.408998,-0.948978,-0.571482,0.456876
0.610000,-0.217614,0.535865,-0.406596,-0.949989,-0.569462,0.453656
0.620000,-0.216427,0.531746,-0.404212,-0.950995,-0.567456,0.450472
0.630000,-0.215247,0.527680,-0.401846,-0.951994,-0.565462,0.447323
0.640000,-0.214075,0.523665,-0.399499,-0.952987,-0.563481,0.444209
0.650000,-0.212910,0.519700,-0.397168,-0.953975,-0.561512,0.441128
0.660000,-0.211753,0.515785,-0.394855,-0.954956,-0.559556,0.438080
0.670000,-0.210603,0.511918,-0.392559,-0.955931,-0.557612,0.435065
0.680000,-0.209460,0.508098,-0.390280,-0.956901,-0.555680,0.432082
0.690000,-0.208324,0.504324,-0.388018,-0.957864,-0.553760,0.429131
0.700000,-0.207196,0.500596,-0.385773,-0.958822,-0.551852,0.426210
0.710000,-0.206075,0.496913,-0.383544,-0.959774,-0.549956,0.423320
0.720000,-0.204960,0.493273,-0.381331,-0.960720,-0.548071,0.420460
0.730000,-0.203853,0.489675,-0.379134,-0.961660,-0.546199,0.417629
0.740000,-0.202752,0.486120,-0.376954,-0.962595,-0.544337,0.414827
0.750000,-0.201659,0.482606,-0.374789,-0.963524,-0.542487,0.412053
0.760000,-0.200572,0.479132,-0.372639,-0.964447,-0.540648,0.409307
0.770000,-0.199491,0.475698,-0.370505,-0.965365,-0.538820,0.406588
0.780000,-0.198418,0.472302,-0.368386,-0.966277,-0.537003,0.403896
0.790000,-0.197351,0.468945,-0.366283,-0.967183,-0.535196,0.401231
0.800000,-0.196291,0.465625,-0.364194,-0.968084,-0.533401,0.398592
0.810000,-0.195237,0.462341,-0.362120,-0.968980,-0.531616,0.395979
0.820000,-0.194189,0.459094,-0.360061,-0.969870,-0.529842,0.393390
0.830000,-0.193148,0.455882,-0.358016,-0.970754,-0.528078,0.390827
0.840000,-0.192114,0.452705,-0.355985,-0.971634,-0.526324,0.388288
0.850000,-0.191085,0.449562,-0.353969,-0.972507,-0.524581,0.385773
0.860000,-0.190063,0.446453,-0.351967,-0.973376,-0.522848,0.383282
0.870000,-0.189047,0.443376,-0.349978,-0.974239,-0.521124,0.380814
0.880000,-0.188038,0.440332,-0.348004,-0.975097,-0.519411,0.378369
0.890000,-0.187034,0.437320,-0.346043,-0.975950,-0.517708,0.375947
0.900000,-0.186037,0.434339,-0.344095,-0.976797,-0.516014,0.373547
0.910000,-0.185045,0.431389,-0.342161,-0.977639,-0.514330,0.371169
0.920000,-0.184059,0.428468,-0.340240,-0.978476,-0.512655,0.368812
0.930000,-0.183080,0.425578,-0.338333,-0.979308,-0.510990,0.366477
0.940000,-0.182106,0.422717,-0.336438,-0.980135,-0.509334,0.364163
0.950000,-0.181138,0.419885,-0.334556,-0.980957,-0.507688,0.361870
0.960000,-0.180176,0.417081,-0.332687,-0.981773,-0.506050,0.359597
0.970000,-0.179219,0.414304,-0.330830,-0.982585,-0.504422,0.357344
0.980000,-0.178268,0.411555,-0.328986,-0.983392,-0.502803,0.355110
0.990000,-0.177323,0.408834,-0.327154,-0.984194,-0.501193,0.352897
1.000000,-0.176383,0.406138,-0.325335,-0.984990,-0.499591,0.350702
1.010000,-0.175449,0.403469,-0.323528,-0.985782,-0.497999,0.348527
1.020000,-0.174521,0.400825,-0.321732,-0.986569,-0.496415,0.346370
1.030000,-0.173598,0.398207,-0.319949,-0.987352,-0.494839,0.344232
1.040000,-0.172680,0.395613,-0.318177,-0.988129,-0.493272,0.342112
1.050000,-0.171768,0.393044,-0.316418,-0.988902,-0.491714,0.340010
1.060000,-0.170861,0.390499,-0.314669,-0.989670,-0.490164,0.337926
1.070000,-0.169960,0.387978,-0.312932,-0.990433,-0.488622,0.335859
1.080000,-0.169063,0.385480,-0.311207,-0.991191,-0.487089,0.333809
1.090000,-0.168172,0.383006,-0.309493,-0.991945,-0.485563,0.331777
1.100000,-0.167287,0.380554,-0.307790,-0.992694,-0.484046,0.329761
1.110000,-0.166406,0.378124,-0.306098,-0.993438,-0.482537,0.327762
1.120000,-0.165530,0.375717,-0.304417,-0.994178,-0.481035,0.325779
1.130000,-0.164660,0.373331,-0.302747,-0.994914,-0.479542,0.323813
1.140000,-0.163794,0.370967,-0.301088,-0.995644,-0.478056,0.321862
1.150000,-0.162934,0.368623,-0.299439,-0.996371,-0.476578,0.319927
1.160000,-0.162079,0.366301,-0.297801,-0.997093,-0.475108,0.318008
1.170000,-0.161228,0.363999,-0.296174,-0.997810,-0.473645,0.316104
1.180000,-0.160382,0.361718,-0.294556,-0.998523,-0.472190,0.314215
1.190000,-0.159542,0.359456,-0.292950,-0.999231,-0.470742,0.312341
1.200000,-0.158706,0.357214,-0.291353,-0.999935,-0.469302,0.310482
1.210000,-0.157875,0.354991,-0.289767,-1.000635,-0.467869,0.308638
1.220000,-0.157048,0.352788,-0.288190,-1.001330,-0.466443,0.306808
1.230000,-0.156227,0.350603,-0.286624,-1.002022,-0.465025,0.304992
1.240000,-0.155410,0.348437,-0.285067,-1.002708,-0.463613,0.303190
1.250000,-0.154598,0.346290,-0.283521,-1.003391,-0.462209,0.301403
1.260000,-0.153790,0.344160,-0.281984,-1.004069,-0.460812,0.299629
1.270000,-0.152987,0.342049,-0.280456,-1.004743,-0.459422,0.297868
1.280000,-0.152188,0.339955,-0.278938,-1.005413,-0.458038,0.296121
1.290000,-0.151395,0.337878,-0.277430,-1.006079,-0.456662,0.294388
1.300000,-0.150605,0.335819,-0.275931,-1.006741,-0.455292,0.292667
1.310000,-0.149820,0.333777,-0.274441,-1.007398,-0.453929,0.290959
1.320000,-0.149040,0.331751,-0.272961,-1.008052,-0.452573,0.289265
1.330000,-0.148264,0.329742,-0.271490,-1.008701,-0.451223,0.287583
1.340000,-0.147492,0.327750,-0.270027,-1.009347,-0.449880,0.285913
1.350000,-0.146724,0.325773,-0.268574,-1.009988,-0.448543,0.284256
1.360000,-0.145961,0.323813,-0.267130,-1.010625,-0.447213,0.282611
1.370000,-0.145203,0.321868,-0.265695,-1.011259,-0.445890,0.280978
1.380000,-0.144448,0.319938,-0.264268,-1.011888,-0.444572,0.279358
1.390000,-0.143698,0.318024,-0.262850,-1.012514,-0.443261,0.277749
1.400000,-0.142952,0.316126,-0.261441,-1.013136,-0.441957,0.276152
1.410000,-0.142210,0.314242,-0.260040,-1.013753,-0.440658,0.274566
1.420000,-0.141472,0.312373,-0.258648,-1.014367,-0.439366,0.272992
1.430000,-0.140739,0.310518,-0.257264,-1.014978,-0.438079,0.271429
1.440000,-0.140009,0.308678,-0.255889,-1.015584,-0.436799,0.269878
1.450000,-0.139284,0.306852,-0.254522,-1.016186,-0.435525,0.268337
1.460000,-0.138562,0.305041,-0.253163,-1.016785,-0.434257,0.266808
1.470000,-0.137845,0.303243,-0.251813,-1.017380,-0.432995,0.265289
1.480000,-0.137131,0.301459,-0.250470,-1.017972,-0.431738,0.263782
1.490000,-0.136422,0.299689,-0.249136,-1.018559,-0.430488,0.262284
1.500000,-0.135716,0.297932,-0.247810,-1.019143,-0.429243,0.260798
1.510000,-0.135015,0.296188,-0.246491,-1.019724,-0.428004,0.259322
1.520000,-0.134317,0.294458,-0.245181,-1.020300,-0.426771,0.257856
1.530000,-0.133623,0.292740,-0.243878,-1.020874,-0.425543,0.256400
1.540000,-0.132933,0.291036,-0.242583,-1.021443,-0.424321,0.254955
1.550000,-0.132247,0.289344,-0.241296,-1.022009,-0.423104,0.253519
1.560000,-0.131564,0.287665,-0.240016,-1.022572,-0.421893,0.252094
1.570000,-0.130885,0.285998,-0.238744,-1.023131,-0.420688,0.250678
1.580000,-0.130211,0.284343,-0.237479,-1.023686,-0.419488,0.249272
1.590000,-0.129539,0.282701,-0.236222,-1.024238,-0.418293,0.247875
1.600000,-0.128872,0.281070,-0.234973,-1.024787,-0.417104,0.246488
1.610000,-0.128208,0.279452,-0.233730,-1.025332,-0.415920,0.245111
1.620000,-0.127547,0.277845,-0.232495,-1.025874,-0.414741,0.243743
1.630000,-0.126891,0.276250,-0.231267,-1.026412,-0.413568,0.242384
1.640000,-0.126238,0.274666,-0.230047,-1.026947,-0.412400,0.241034
1.650000,-0.125588,0.273094,-0.228833,-1.027478,-0.411237,0.239693
1.660000,-0.124942,0.271533,-0.227627,-1.028007,-0.410079,0.238362
1.670000,-0.124300,0.269983,-0.226427,-1.028532,-0.408926,0.237039
1.680000,-0.123661,0.268444,-0.225235,-1.029053,-0.407778,0.235725
1.690000,-0.123025,0.266916,-0.224050,-1.029572,-0.406635,0.234420
1.700000,-0.122393,0.265399,-0.222871,-1.030087,-0.405498,0.233123
1.710000,-0.121765,0.263893,-0.221699,-1.030599,-0.404365,0.231835
1.720000,-0.121139,0.262397,-0.220534,-1.031108,-0.403237,0.230555
1.730000,-0.120518,0.260911,-0.219376,-1.031613,-0.402114,0.229284
1.740000,-0.119899,0.259436,-0.218225,-1.032116,-0.400995,0.228021
1.750000,-0.119284,0.257972,-0.217080,-1.032615,-0.399882,0.226767
1.760000,-0.118672,0.256517,-0.215941,-1.033111,-0.398773,0.225520
1.770000,-0.118064,0.255072,-0.214810,-1.033604,-0.397669,0.224282
1.780000,-0.117459,0.253638,-0.213684,-1.034094,-0.396570,0.223052
1.790000,-0.116857,0.252213,-0.212565,-1.034580,-0.395476,0.221830
1.800000,-0.116258,0.250798,-0.211453,-1.035064,-0.394386,0.220615
1.810000,-0.115663,0.249393,-0.210347,-1.035545,-0.393301,0.219409
1.820000,-0.115071,0.247997,-0.209247,-1.036023,-0.392220,0.218210
1.830000,-0.114482,0.246611,-0.208154,-1.036497,-0.391144,0.217019
1.840000,-0.113896,0.245234,-0.207066,-1.036969,-0.390072,0.215835
1.850000,-0.113313,0.243867,-0.205985,-1.037438,-0.389005,0.214659
1.860000,-0.112734,0.242508,-0.204910,-1.037904,-0.387942,0.213491
1.870000,-0.112157,0.241159,-0.203842,-1.038366,-0.386884,0.212330
1.880000,-0.111584,0.239819,-0.202779,-1.038826,-0.385830,0.211176
1.890000,-0.111014,0.238488,-0.201722,-1.039283,-0.384780,0.210030
1.900000,-0.110446,0.237165,-0.200671,-1.039738,-0.383735,0.208891
1.910000,-0.109882,0.235852,-0.199626,-1.040189,-0.382694,0.207758
1.920000,-0.109321,0.234547,-0.198587,-1.040637,-0.381657,0.206634
1.930000,-0.108763,0.233250,-0.197554,-1.041083,-0.380625,0.205516
1.940000,-0.108208,0.231963,-0.196527,-1.041526,-0.379596,0.204405
1.950000,-0.107655,0.230683,-0.195505,-1.041966,-0.378572,0.203301
1.960000,-0.107106,0.229413,-0.194490,-1.042403,-0.377552,0.202204
1.970000,-0.106560,0.228150,-0.193479,-1.042838,-0.376537,0.201113
1.980000,-0.106016,0.226896,-0.192475,-1.043270,-0.375525,0.200030
1.990000,-0.105476,0.225649,-0.191476,-1.043699,-0.374517,0.198953
2.000000,-0.104938,0.224411,-0.190483,-1.044125,-0.373514,0.197883
2.010000,-0.104403,0.223181,-0.189495,-1.044549,-0.372514,0.196819
2.020000,-0.103871,0.221959,-0.188513,-1.044970,-0.371519,0.195762
2.030000,-0.103342,0.220745,-0.187536,-1.045388,-0.370527,0.194712
2.040000,-0.102816,0.219538,-0.186565,-1.045804,-0.369539,0.193667
2.050000,-0.102292,0.218339,-0.185599,-1.046217,-0.368556,0.192630
2.060000,-0.101772,0.217148,-0.184638,-1.046628,-0.367576,0.191598
2.070000,-0.101254,0.215965,-0.183683,-1.047036,-0.366600,0.190573
2.080000,-0.100738,0.214788,-0.182733,-1.047441,-0.365628,0.189554
2.090000,-0.100226,0.213620,-0.181788,-1.047844,-0.364659,0.188541
2.100000,-0.099716,0.212459,-0.180849,-1.048244,-0.363695,0.187534
2.110000,-0.099209,0.211305,-0.179915,-1.048642,-0.362734,0.186534
2.120000,-0.098704,0.210158,-0.178986,-1.049037,-0.361777,0.185539
2.130000,-0.098202,0.209019,-0.178062,-1.049430,-0.360824,0.184551
2.140000,-0.097703,0.207887,-0.177143,-1.049820,-0.359874,0.183568
2.150000,-0.097207,0.206762,-0.176229,-1.050208,-0.358928,0.182591
2.160000,-0.096713,0.205644,-0.175320,-1.050593,-0.357986,0.181620
2.170000,-0.096221,0.204533,-0.174416,-1.050976,-0.357047,0.180655
2.180000,-0.095733,0.203428,-0.173517,-1.051356,-0.356112,0.179696
2.190000,-0.095247,0.202331,-0.172623,-1.051734,-0.355180,0.178742
2.200000,-0.094763,0.201241,-0.171734,-1.052110,-0.354253,0.177794
2.210000,-0.094282,0.200157,-0.170850,-1.052483,-0.353328,0.176852
2.220000,-0.093803,0.199080,-0.169971,-1.052854,-0.352407,0.175915
2.230000,-0.093327,0.198009,-0.169096,-1.053223,-0.351490,0.174984
2.240000,-0.092854,0.196945,-0.168226,-1.053589,-0.350576,0.174058
2.250000,-0.092383,0.195888,-0.167361,-1.053953,-0.349665,0.173138
2.260000,-0.091914,0.194837,-0.166501,-1.054315,-0.348758,0.172223
2.270000,-0.091448,0.193793,-0.165645,-1.054674,-0.347855,0.171313
2.280000,-0.090985,0.192754,-0.164794,-1.055031,-0.346954,0.170409
2.290000,-0.090523,0.191723,-0.163948,-1.055386,-0.346058,0.169510
2.300000,-0.090064,0.190697,-0.163106,-1.055738,-0.345164,0.168617
2.310000,-0.089608,0.189678,-0.162269,-1.056089,-0.344274,0.167728
2.320000,-0.089154,0.188665,-0.161436,-1.056437,-0.343387,0.166845
2.330000,-0.088702,0.187658,-0.160608,-1.056783,-0.342503,0.165967
2.340000,-0.088253,0.186657,-0.159785,-1.057127,-0.341623,0.165094
2.350000,-0.087806,0.185662,-0.158965,-1.057468,-0.340746,0.164226
2.360000,-0.087361,0.184673,-0.158150,-1.057807,-0.339872,0.163363
2.370000,-0.086919,0.183690,-0.157340,-1.058145,-0.339001,0.162505
2.380000,-0.086479,0.182713,-0.156534,-1.058480,-0.338134,0.161652
2.390000,-0.086041,0.181741,-0.155732,-1.058813,-0.337269,0.160804
2.400000,-0.085606,0.180776,-0.154935,-1.059144,-0.336408,0.159961
2.410000,-0.085173,0.179816,-0.154142,-1.059472,-0.335550,0.159123
2.420000,-0.084742,0.178862,-0.153353,-1.059799,-0.334695,0.158289
2.430000,-0.084313,0.177914,-0.152568,-1.060124,-0.333843,0.157460
2.440000,-0.083887,0.176971,-0.151788,-1.060446,-0.332995,0.156636
2.450000,-0.083462,0.176034,-0.151012,-1.060767,-0.332149,0.155817
2.460000,-0.083040,0.175102,-0.150240,-1.061085,-0.331306,0.155003
2.470000,-0.082621,0.174176,-0.149472,-1.061402,-0.330467,0.154193
2.480000,-0.082203,0.173255,-0.148708,-1.061716,-0.329630,0.153387
2.490000,-0.081787,0.172340,-0.147949,-1.062028,-0.328796,0.152587
2.500000,-0.081374,0.171430,-0.147193,-1.062339,-0.327966,0.151790
2.510000,-0.080963,0.170525,-0.146441,-1.062647,-0.327138,0.150999
2.520000,-0.080554,0.169626,-0.145694,-1.062954,-0.326313,0.150211
2.530000,-0.080147,0.168732,-0.144950,-1.063259,-0.325492,0.149429
2.540000,-0.079742,0.167843,-0.144211,-1.063561,-0.324673,0.148650
2.550000,-0.079339,0.166959,-0.143475,-1.063862,-0.323857,0.147877
2.560000,-0.078939,0.166081,-0.142743,-1.064161,-0.323043,0.147107
2.570000,-0.078540,0.165207,-0.142015,-1.064458,-0.322233,0.146342
2.580000,-0.078144,0.164339,-0.141291,-1.064753,-0.321426,0.145581
2.590000,-0.077749,0.163475,-0.140571,-1.065046,-0.320621,0.144824
2.600000,-0.077357,0.162617,-0.139855,-1.065337,-0.319819,0.144072
2.610000,-0.076966,0.161763,-0.139142,-1.065627,-0.319020,0.143324
2.620000,-0.076578,0.160915,-0.138434,-1.065914,-0.318224,0.142580
2.630000,-0.076192,0.160071,-0.137729,-1.066200,-0.317430,0.141840
2.640000,-0.075807,0.159233,-0.137027,-1.066484,-0.316640,0.141104
2.650000,-0.075425,0.158399,-0.136330,-1.066766,-0.315852,0.140373
2.660000,-0.075044,0.157569,-0.135636,-1.067047,-0.315066,0.139645
2.670000,-0.074666,0.156745,-0.134946,-1.067325,-0.314284,0.138922
2.680000,-0.074289,0.155925,-0.134259,-1.067602,-0.313504,0.138202
2.690000,-0.073915,0.155110,-0.133577,-1.067877,-0.312727,0.137487
2.700000,-0.073542,0.154300,-0.132897,-1.068150,-0.311952,0.136776
2.710000,-0.073171,0.153494,-0.132222,-1.068422,-0.311180,0.136068
2.720000,-0.072803,0.152693,-0.131550,-1.068692,-0.310411,0.135364
2.730000,-0.072436,0.151896,-0.130881,-1.068960,-0.309644,0.134665
2.740000,-0.072071,0.151104,-0.130216,-1.069226,-0.308880,0.133969
2.750000,-0.071707,0.150316,-0.129554,-1.069491,-0.308119,0.133277
2.760000,-0.071346,0.149533,-0.128896,-1.069754,-0.307360,0.132589
2.770000,-0.070987,0.148754,-0.128242,-1.070015,-0.306603,0.131904
2.780000,-0.070629,0.147980,-0.127591,-1.070275,-0.305850,0.131224
2.790000,-0.070273,0.147210,-0.126943,-1.070533,-0.305098,0.130547
2.800000,-0.069919,0.146444,-0.126298,-1.070789,-0.304350,0.129874
2.810000,-0.069567,0.145683,-0.125657,-1.071044,-0.303603,0.129204
2.820000,-0.069217,0.144926,-0.125020,-1.071297,-0.302860,0.128539
2.830000,-0.068869,0.144173,-0.124386,-1.071549,-0.302118,0.127877
2.840000,-0.068522,0.143424,-0.123755,-1.071799,-0.301380,0.127218
2.850000,-0.068177,0.142680,-0.123127,-1.072047,-0.300643,0.126563
2.860000,-0.067834,0.141940,-0.122503,-1.072294,-0.299909,0.125912
2.870000,-0.067492,0.141204,-0.121882,-1.072539,-0.299178,0.125264
2.880000,-0.067153,0.140472,-0.121264,-1.072783,-0.298449,0.124620
2.890000,-0.066815,0.139744,-0.120649,-1.073025,-0.297722,0.123979
2.900000,-0.066479,0.139020,-0.120038,-1.073265,-0.296998,0.123342
2.910000,-0.066144,0.138300,-0.119430,-1.073504,-0.296276,0.122708
2.920000,-0.065811,0.137584,-0.118825,-1.073742,-0.295556,0.122078
2.930000,-0.065480,0.136872,-0.118223,-1.073978,-0.294839,0.121451
2.940000,-0.065151,0.136164,-0.117624,-1.074212,-0.294125,0.120828
2.950000,-0.064823,0.135460,-0.117029,-1.074445,-0.293412,0.120208
2.960000,-0.064497,0.134760,-0.116436,-1.074677,-0.292702,0.119591
2.970000,-0.064173,0.134064,-0.115847,-1.074907,-0.291994,0.118977
2.980000,-0.063850,0.133371,-0.115260,-1.075135,-0.291288,0.118367
2.990000,-0.063529,0.132683,-0.114677,-1.075362,-0.290585,0.117761
3.000000,-0.063210,0.131998,-0.114097,-1.075588,-0.289884,0.117157
3.010000,-0.062892,0.131317,-0.113520,-1.075812,-0.289185,0.116557
3.020000,-0.062576,0.130639,-0.112946,-1.076035,-0.288489,0.115960
3.030000,-0.062261,0.129966,-0.112374,-1.076256,-0.287795,0.115366
3.040000,-0.061948,0.129296,-0.111806,-1.076476,-0.287103,0.114775
3.050000,-0.061637,0.128630,-0.111241,-1.076694,-0.286413,0.114188
3.060000,-0.061327,0.127967,-0.110678,-1.076912,-0.285725,0.113604
3.070000,-0.061019,0.127308,-0.110119,-1.077127,-0.285040,0.113023
3.080000,-0.060713,0.126653,-0.109562,-1.077342,-0.284357,0.112445
3.090000,-0.060408,0.126001,-0.109009,-1.077555,-0.283676,0.111870
3.100000,-0.060104,0.125353,-0.108458,-1.077766,-0.282997,0.111298
3.110000,-0.059802,0.124708,-0.107910,-1.077977,-0.282320,0.110729
3.120000,-0.059502,0.124067,-0.107365,-1.078186,-0.281645,0.110164
3.130000,-0.059203,0.123430,-0.106823,-1.078393,-0.280973,0.109601
3.140000,-0.058906,0.122796,-0.106283,-1.078599,-0.280303,0.109041
3.150000,-0.058610,0.122165,-0.105747,-1.078804,-0.279634,0.108485
3.160000,-0.058316,0.121537,-0.105213,-1.079008,-0.278968,0.107931
3.170000,-0.058023,0.120914,-0.104681,-1.079210,-0.278304,0.107380
3.180000,-0.057731,0.120293,-0.104153,-1.079411,-0.277642,0.106832
3.190000,-0.057442,0.119676,-0.103627,-1.079611,-0.276982,0.106287
3.200000,-0.057153,0.119062,-0.103104,-1.079810,-0.276324,0.105745
3.210000,-0.056866,0.118452,-0.102584,-1.080007,-0.275669,0.105206
3.220000,-0.056581,0.117844,-0.102067,-1.080203,-0.275015,0.104670
3.230000,-0.056297,0.117241,-0.101552,-1.080398,-0.274363,0.104137
3.240000,-0.056014,0.116640,-0.101040,-1.080591,-0.273714,0.103606
3.250000,-0.055733,0.116042,-0.100530,-1.080783,-0.273066,0.103078
3.260000,-0.055453,0.115448,-0.100023,-1.080974,-0.272420,0.102553
3.270000,-0.055175,0.114857,-0.099519,-1.081164,-0.271777,0.102031
3.280000,-0.054898,0.114269,-0.099017,-1.081353,-0.271135,0.101512
3.290000,-0.054623,0.113685,-0.098518,-1.081540,-0.270495,0.100995
3.300000,-0.054349,0.113103,-0.098021,-1.081726,-0.269857,0.100481
3.310000,-0.054076,0.112525,-0.097527,-1.081911,-0.269222,0.099970
3.320000,-0.053805,0.111950,-0.097035,-1.082095,-0.268588,0.099462
3.330000,-0.053535,0.111377,-0.096547,-1.082278,-0.267956,0.098956
3.340000,-0.053267,0.110808,-0.096060,-1.082459,-0.267326,0.098453
3.350000,-0.052999,0.110242,-0.095576,-1.082639,-0.266698,0.097952
3.360000,-0.052734,0.109679,-0.095095,-1.082818,-0.266071,0.097454
3.370000,-0.052469,0.109119,-0.094616,-1.082996,-0.265447,0.096959
3.380000,-0.052206,0.108562,-0.094139,-1.083173,-0.264825,0.096466
3.390000,-0.051944,0.108008,-0.093665,-1.083349,-0.264204,0.095976
3.400000,-0.051684,0.107457,-0.093193,-1.083524,-0.263586,0.095489
3.410000,-0.051425,0.106908,-0.092724,-1.083697,-0.262969,0.095004
3.420000,-0.051167,0.106363,-0.092257,-1.083870,-0.262354,0.094522
3.430000,-0.050910,0.105821,-0.091793,-1.084041,-0.261741,0.094042
3.440000,-0.050655,0.105281,-0.091331,-1.084211,-0.261130,0.093565
3.450000,-0.050401,0.104745,-0.090871,-1.084380,-0.260520,0.093090
3.460000,-0.050148,0.104211,-0.090414,-1.084548,-0.259913,0.092618
3.470000,-0.049897,0.103680,-0.089959,-1.084715,-0.259307,0.092148
3.480000,-0.049647,0.103152,-0.089506,-1.084881,-0.258703,0.091681
3.490000,-0.049398,0.102627,-0.089056,-1.085046,-0.258101,0.091216
3.500000,-0.049151,0.102104,-0.088608,-1.085209,-0.257501,0.090753
3.510000,-0.048904,0.101584,-0.088162,-1.085372,-0.256902,0.090293
3.520000,-0.048659,0.101067,-0.087718,-1.085534,-0.256306,0.089836
3.530000,-0.048415,0.100553,-0.087277,-1.085694,-0.255711,0.089380
3.540000,-0.048173,0.100041,-0.086838,-1.085854,-0.255117,0.088927
3.550000,-0.047931,0.099533,-0.086401,-1.086013,-0.254526,0.088477
3.560000,-0.047691,0.099026,-0.085967,-1.086170,-0.253936,0.088029
3.570000,-0.047452,0.098523,-0.085535,-1.086327,-0.253348,0.087583
3.580000,-0.047215,0.098022,-0.085105,-1.086482,-0.252762,0.087140
3.590000,-0.046978,0.097524,-0.084677,-1.086637,-0.252177,0.086698
3.600000,-0.046743,0.097028,-0.084251,-1.086790,-0.251594,0.086260
3.610000,-0.046509,0.096535,-0.083828,-1.086943,-0.251013,0.085823
3.620000,-0.046276,0.096045,-0.083406,-1.087094,-0.250434,0.085389
3.630000,-0.046044,0.095557,-0.082987,-1.087245,-0.249856,0.084957
3.640000,-0.045813,0.095072,-0.082570,-1.087395,-0.249280,0.084527
3.650000,-0.045584,0.094589,-0.082155,-1.087543,-0.248706,0.084099
3.660000,-0.045356,0.094109,-0.081742,-1.087691,-0.248133,0.083674
3.670000,-0.045128,0.093632,-0.081332,-1.087838,-0.247562,0.083251
3.680000,-0.044902,0.093156,-0.080923,-1.087984,-0.246993,0.082830
3.690000,-0.044678,0.092684,-0.080517,-1.088129,-0.246425,0.082411
3.700000,-0.044454,0.092214,-0.080112,-1.088273,-0.245859,0.081995
3.710000,-0.044231,0.091746,-0.079710,-1.088416,-0.245294,0.081580
3.720000,-0.044010,0.091281,-0.079309,-1.088558,-0.244731,0.081168
3.730000,-0.043789,0.090818,-0.078911,-1.088699,-0.244170,0.080758
3.740000,-0.043570,0.090358,-0.078515,-1.088840,-0.243611,0.080350
3.750000,-0.043352,0.089900,-0.078121,-1.088979,-0.243053,0.079944
3.760000,-0.043135,0.089444,-0.077728,-1.089118,-0.242496,0.079540
3.770000,-0.042919,0.088991,-0.077338,-1.089255,-0.241941,0.079138
3.780000,-0.042704,0.088540,-0.076950,-1.089392,-0.241388,0.078739
3.790000,-0.042491,0.088092,-0.076564,-1.089528,-0.240837,0.078341
3.800000,-0.042278,0.087646,-0.076179,-1.089663,-0.240287,0.077946
3.810000,-0.042066,0.087202,-0.075797,-1.089797,-0.239738,0.077552
3.820000,-0.041856,0.086760,-0.075416,-1.089930,-0.239191,0.077161
3.830000,-0.041646,0.086321,-0.075038,-1.090063,-0.238646,0.076772
3.840000,-0.041438,0.085884,-0.074661,-1.090194,-0.238102,0.076384
3.850000,-0.041230,0.085450,-0.074287,-1.090325,-0.237560,0.075999
3.860000,-0.041024,0.085017,-0.073914,-1.090455,-0.237019,0.075615
3.870000,-0.040819,0.084587,-0.073543,-1.090584,-0.236480,0.075234
3.880000,-0.040615,0.084159,-0.073174,-1.090712,-0.235942,0.074855
3.890000,-0.040411,0.083734,-0.072807,-1.090840,-0.235406,0.074477
3.900000,-0.040209,0.083310,-0.072442,-1.090967,-0.234871,0.074102
3.910000,-0.040008,0.082889,-0.072078,-1.091092,-0.234338,0.073728
3.920000,-0.039808,0.082470,-0.071717,-1.091217,-0.233806,0.073356
3.930000,-0.039609,0.082053,-0.071357,-1.091341,-0.233276,0.072986
3.940000,-0.039410,0.081638,-0.070999,-1.091465,-0.232747,0.072619
3.950000,-0.039213,0.081226,-0.070643,-1.091587,-0.232220,0.072253
3.960000,-0.039017,0.080815,-0.070289,-1.091709,-0.231694,0.071889
3.970000,-0.038822,0.080407,-0.069936,-1.091830,-0.231170,0.071526
3.980000,-0.038628,0.080001,-0.069586,-1.091951,-0.230647,0.071166
3.990000,-0.038434,0.079597,-0.069237,-1.092070,-0.230126,0.070807
4.000000,-0.038242,0.079195,-0.068890,-1.092189,-0.229606,0.070451
4.010000,-0.038051,0.078795,-0.068544,-1.092307,-0.229087,0.070096
4.020000,-0.037861,0.078397,-0.068201,-1.092424,-0.228570,0.069743
4.030000,-0.037671,0.078001,-0.067859,-1.092540,-0.228055,0.069392
4.040000,-0.037483,0.077608,-0.067519,-1.092656,-0.227541,0.069042
4.050000,-0.037295,0.077216,-0.067180,-1.092771,-0.227028,0.068695
4.060000,-0.037109,0.076826,-0.066843,-1.092885,-0.226516,0.068349
4.070000,-0.036923,0.076439,-0.066508,-1.092999,-0.226006,0.068005
4.080000,-0.036739,0.076053,-0.066175,-1.093112,-0.225498,0.067663
4.090000,-0.036555,0.075669,-0.065843,-1.093224,-0.224991,0.067322
4.100000,-0.036372,0.075288,-0.065513,-1.093335,-0.224485,0.066983
4.110000,-0.036190,0.074908,-0.065185,-1.093446,-0.223981,0.066646
4.120000,-0.036009,0.074530,-0.064859,-1.093555,-0.223478,0.066311
4.130000,-0.035829,0.074154,-0.064534,-1.093665,-0.222976,0.065977
4.140000,-0.035650,0.073781,-0.064210,-1.093773,-0.222476,0.065645
4.150000,-0.035472,0.073409,-0.063888,-1.093881,-0.221977,0.065315
4.160000,-0.035294,0.073039,-0.063568,-1.093988,-0.221479,0.064987
4.170000,-0.035118,0.072670,-0.063250,-1.094094,-0.220983,0.064660
4.180000,-0.034942,0.072304,-0.062933,-1.094200,-0.220488,0.064335
4.190000,-0.034768,0.071940,-0.062618,-1.094305,-0.219995,0.064011
4.200000,-0.034594,0.071577,-0.062304,-1.094410,-0.219503,0.063689
4.210000,-0.034421,0.071217,-0.061992,-1.094513,-0.219012,0.063369
4.220000,-0.034249,0.070858,-0.061682,-1.094616,-0.218523,0.063050
4.230000,-0.034078,0.070501,-0.061373,-1.094719,-0.218034,0.062733
4.240000,-0.033907,0.070146,-0.061065,-1.094820,-0.217548,0.062418
4.250000,-0.033738,0.069793,-0.060760,-1.094921,-0.217062,0.062104
4.260000,-0.033569,0.069441,-0.060455,-1.095022,-0.216578,0.061792
4.270000,-0.033401,0.069092,-0.060152,-1.095122,-0.216095,0.061482
4.280000,-0.033234,0.068744,-0.059851,-1.095221,-0.215613,0.061173
4.290000,-0.033068,0.068398,-0.059552,-1.095319,-0.215133,0.060865
4.300000,-0.032903,0.068053,-0.059253,-1.095417,-0.214654,0.060560
4.310000,-0.032738,0.067711,-0.058957,-1.095514,-0.214176,0.060255
4.320000,-0.032575,0.067370,-0.058662,-1.095611,-0.213700,0.059953
4.330000,-0.032412,0.067031,-0.058368,-1.095707,-0.213225,0.059652
4.340000,-0.032250,0.066694,-0.058076,-1.095802,-0.212751,0.059352
4.350000,-0.032089,0.066358,-0.057785,-1.095897,-0.212278,0.059054
4.360000,-0.031928,0.066024,-0.057496,-1.095991,-0.211807,0.058757
4.370000,-0.031769,0.065692,-0.057208,-1.096085,-0.211337,0.058462
4.380000,-0.031610,0.065362,-0.056922,-1.096178,-0.210868,0.058169
4.390000,-0.031452,0.065033,-0.056637,-1.096270,-0.210400,0.057877
4.400000,-0.031295,0.064706,-0.056353,-1.096362,-0.209934,0.057586
4.410000,-0.031139,0.064380,-0.056071,-1.096453,-0.209468,0.057297
4.420000,-0.030983,0.064057,-0.055790,-1.096544,-0.209004,0.057009
4.430000,-0.030828,0.063735,-0.055511,-1.096634,-0.208542,0.056723
4.440000,-0.030674,0.063414,-0.055233,-1.096723,-0.208080,0.056438
4.450000,-0.030521,0.063095,-0.054957,-1.096812,-0.207620,0.056155
4.460000,-0.030368,0.062778,-0.054682,-1.096900,-0.207161,0.055873
4.470000,-0.030217,0.062463,-0.054408,-1.096988,-0.206703,0.055593
4.480000,-0.030066,0.062149,-0.054136,-1.097075,-0.206246,0.055314
4.490000,-0.029915,0.061836,-0.053865,-1.097161,-0.205791,0.055036
4.500000,-0.029766,0.061526,-0.053596,-1.097247,-0.205337,0.054760
4.510000,-0.029617,0.061216,-0.053328,-1.097333,-0.204884,0.054486
4.520000,-0.029469,0.060909,-0.053061,-1.097418,-0.204432,0.054212
4.530000,-0.029322,0.060603,-0.052795,-1.097502,-0.203981,0.053940
4.540000,-0.029175,0.060298,-0.052531,-1.097586,-0.203532,0.053670
4.550000,-0.029030,0.059995,-0.052268,-1.097669,-0.203083,0.053400
4.560000,-0.028885,0.059694,-0.052007,-1.097752,-0.202636,0.053133
4.570000,-0.028740,0.059394,-0.051747,-1.097834,-0.202190,0.052866
4.580000,-0.028597,0.059096,-0.051488,-1.097916,-0.201745,0.052601
4.590000,-0.028454,0.058799,-0.051230,-1.097997,-0.201302,0.052337
4.600000,-0.028312,0.058504,-0.050974,-1.098078,-0.200859,0.052075
4.610000,-0.028170,0.058210,-0.050719,-1.098158,-0.200418,0.051814
4.620000,-0.028030,0.057918,-0.050465,-1.098238,-0.199977,0.051554
4.630000,-0.027890,0.057627,-0.050213,-1.098317,-0.199538,0.051295
4.640000,-0.027750,0.057338,-0.049962,-1.098395,-0.199100,0.051038
4.650000,-0.027612,0.057050,-0.049712,-1.098473,-0.198663,0.050782
4.660000,-0.027474,0.056764,-0.049463,-1.098551,-0.198228,0.050528
4.670000,-0.027337,0.056479,-0.049216,-1.098628,-0.197793,0.050274
4.680000,-0.027200,0.056195,-0.048970,-1.098705,-0.197360,0.050022
4.690000,-0.027064,0.055913,-0.048725,-1.098781,-0.196927,0.049772
4.700000,-0.026929,0.055632,-0.048481,-1.098856,-0.196496,0.049522
4.710000,-0.026794,0.055353,-0.048239,-1.098931,-0.196066,0.049274
4.720000,-0.026661,0.055076,-0.047998,-1.099006,-0.195637,0.049027
4.730000,-0.026528,0.054799,-0.047758,-1.099080,-0.195209,0.048781
4.740000,-0.026395,0.054524,-0.047519,-1.099154,-0.194782,0.048537
4.750000,-0.026263,0.054251,-0.047281,-1.099227,-0.194356,0.048294
4.760000,-0.026132,0.053979,-0.047045,-1.099300,-0.193932,0.048052
4.770000,-0.026002,0.053708,-0.046810,-1.099372,-0.193508,0.047811
4.780000,-0.025872,0.053438,-0.046576,-1.099444,-0.193086,0.047571
4.790000,-0.025742,0.053170,-0.046343,-1.099515,-0.192664,0.047333
4.800000,-0.025614,0.052904,-0.046111,-1.099586,-0.192244,0.047096
4.810000,-0.025486,0.052638,-0.045881,-1.099657,-0.191825,0.046860
4.820000,-0.025359,0.052374,-0.045651,-1.099727,-0.191407,0.046625
4.830000,-0.025232,0.052112,-0.045423,-1.099796,-0.190989,0.046392
4.840000,-0.025106,0.051850,-0.045196,-1.099865,-0.190573,0.046159
4.850000,-0.024981,0.051590,-0.044970,-1.099934,-0.190158,0.045928
4.860000,-0.024856,0.051332,-0.044745,-1.100002,-0.189744,0.045698
4.870000,-0.024732,0.051074,-0.044522,-1.100070,-0.189331,0.045469
4.880000,-0.024608,0.050818,-0.044299,-1.100137,-0.188920,0.045242
4.890000,-0.024485,0.050564,-0.044078,-1.100204,-0.188509,0.045015
4.900000,-0.024363,0.050310,-0.043857,-1.100270,-0.188099,0.044790
4.910000,-0.024241,0.050058,-0.043638,-1.100336,-0.187690,0.044565
4.920000,-0.024120,0.049807,-0.043420,-1.100402,-0.187282,0.044342
4.930000,-0.024000,0.049557,-0.043203,-1.100467,-0.186876,0.044120
4.940000,-0.023880,0.049309,-0.042987,-1.100532,-0.186470,0.043899
4.950000,-0.023761,0.049062,-0.042772,-1.100596,-0.186065,0.043680
4.960000,-0.023642,0.048816,-0.042559,-1.100660,-0.185662,0.043461
4.970000,-0.023524,0.048571,-0.042346,-1.100724,-0.185259,0.043243
4.980000,-0.023407,0.048328,-0.042134,-1.100787,-0.184858,0.043027
4.990000,-0.023290,0.048086,-0.041924,-1.100849,-0.184457,0.042811
5.000000,-0.023174,0.047845,-0.041714,-1.100912,-0.184057,0.042597
5.010000,-0.023058,0.047605,-0.041506,-1.100974,-0.183659,0.042384
5.020000,-0.022943,0.047367,-0.041298,-1.101035,-0.183261,0.042172
5.030000,-0.022828,0.047129,-0.041092,-1.101096,-0.182864,0.041961
5.040000,-0.022714,0.046893,-0.040887,-1.101157,-0.182469,0.041751
5.050000,-0.022601,0.046658,-0.040682,-1.101217,-0.182074,0.041542
5.060000,-0.022488,0.046425,-0.040479,-1.101277,-0.181680,0.041334
5.070000,-0.022376,0.046192,-0.040277,-1.101337,-0.181288,0.041127
5.080000,-0.022264,0.045961,-0.040076,-1.101396,-0.180896,0.040921
5.090000,-0.022153,0.045731,-0.039875,-1.101455,-0.180505,0.040716
5.100000,-0.022042,0.045502,-0.039676,-1.101513,-0.180116,0.040513
5.110000,-0.021932,0.045274,-0.039478,-1.101571,-0.179727,0.040310
5.120000,-0.021823,0.045047,-0.039281,-1.101629,-0.179339,0.040108
5.130000,-0.021714,0.044821,-0.039084,-1.101686,-0.178952,0.039908
5.140000,-0.021605,0.044597,-0.038889,-1.101743,-0.178566,0.039708
5.150000,-0.021498,0.044374,-0.038695,-1.101799,-0.178181,0.039509
5.160000,-0.021390,0.044152,-0.038502,-1.101856,-0.177797,0.039312
5.170000,-0.021283,0.043930,-0.038309,-1.101911,-0.177414,0.039115
5.180000,-0.021177,0.043711,-0.038118,-1.101967,-0.177032,0.038919
5.190000,-0.021072,0.043492,-0.037927,-1.102022,-0.176651,0.038724
5.200000,-0.020966,0.043274,-0.037738,-1.102077,-0.176270,0.038531
5.210000,-0.020862,0.043057,-0.037549,-1.102131,-0.175891,0.038338
5.220000,-0.020758,0.042842,-0.037362,-1.102185,-0.175513,0.038146
5.230000,-0.020654,0.042627,-0.037175,-1.102239,-0.175135,0.037955
5.240000,-0.020551,0.042414,-0.036990,-1.102292,-0.174759,0.037766
5.250000,-0.020448,0.042202,-0.036805,-1.102345,-0.174383,0.037577
5.260000,-0.020346,0.041990,-0.036621,-1.102398,-0.174008,0.037389
5.270000,-0.020245,0.041780,-0.036438,-1.102450,-0.173635,0.037202
5.280000,-0.020144,0.041571,-0.036256,-1.102502,-0.173262,0.037016
5.290000,-0.020043,0.041363,-0.036075,-1.102554,-0.172890,0.036831
5.300000,-0.019943,0.041156,-0.035895,-1.102605,-0.172519,0.036646
5.310000,-0.019843,0.040950,-0.035716,-1.102656,-0.172149,0.036463
5.320000,-0.019744,0.040745,-0.035537,-1.102707,-0.171779,0.036281
5.330000,-0.019646,0.040541,-0.035360,-1.102757,-0.171411,0.036099
5.340000,-0.019548,0.040339,-0.035183,-1.102807,-0.171044,0.035919
5.350000,-0.019450,0.040137,-0.035007,-1.102857,-0.170677,0.035739
5.360000,-0.019353,0.039936,-0.034832,-1.102906,-0.170312,0.035561
5.370000,-0.019257,0.039736,-0.034659,-1.102955,-0.169947,0.035383
5.380000,-0.019160,0.039537,-0.034485,-1.103004,-0.169583,0.035206
5.390000,-0.019065,0.039339,-0.034313,-1.103052,-0.169220,0.035030
5.400000,-0.018970,0.039143,-0.034142,-1.103101,-0.168858,0.034855
5.410000,-0.018875,0.038947,-0.033971,-1.103148,-0.168497,0.034680
5.420000,-0.018781,0.038752,-0.033802,-1.103196,-0.168136,0.034507
5.430000,-0.018687,0.038558,-0.033633,-1.103243,-0.167777,0.034335
5.440000,-0.018594,0.038365,-0.033465,-1.103290,-0.167418,0.034163
5.450000,-0.018501,0.038173,-0.033298,-1.103336,-0.167060,0.033992
5.460000,-0.018409,0.037982,-0.033132,-1.103383,-0.166703,0.033822
5.470000,-0.018317,0.037792,-0.032966,-1.103429,-0.166347,0.033653
5.480000,-0.018225,0.037603,-0.032802,-1.103474,-0.165992,0.033485
5.490000,-0.018134,0.037415,-0.032638,-1.103520,-0.165638,0.033318
5.500000,-0.018044,0.037228,-0.032475,-1.103565,-0.165284,0.033151
5.510000,-0.017954,0.037042,-0.032313,-1.103610,-0.164932,0.032985
5.520000,-0.017864,0.036857,-0.032151,-1.103654,-0.164580,0.032820
5.530000,-0.017775,0.036672,-0.031991,-1.103698,-0.164229,0.032656
5.540000,-0.017686,0.036489,-0.031831,-1.103742,-0.163879,0.032493
5.550000,-0.017598,0.036307,-0.031672,-1.103786,-0.163530,0.032331
5.560000,-0.017510,0.036125,-0.031514,-1.103829,-0.163181,0.032169
5.570000,-0.017423,0.035944,-0.031357,-1.103873,-0.162834,0.032008
5.580000,-0.017336,0.035765,-0.031200,-1.103915,-0.162487,0.031848
5.590000,-0.017249,0.035586,-0.031044,-1.103958,-0.162141,0.031689
5.600000,-0.017163,0.035408,-0.030889,-1.104000,-0.161796,0.031531
5.610000,-0.017078,0.035231,-0.030735,-1.104042,-0.161452,0.031373
5.620000,-0.016992,0.035055,-0.030582,-1.104084,-0.161108,0.031217
5.630000,-0.016908,0.034879,-0.030429,-1.104125,-0.160766,0.031061
5.640000,-0.016823,0.034705,-0.030277,-1.104167,-0.160424,0.030905
5.650000,-0.016739,0.034532,-0.030126,-1.104207,-0.160083,0.030751
5.660000,-0.016656,0.034359,-0.029975,-1.104248,-0.159743,0.030597
5.670000,-0.016573,0.034187,-0.029826,-1.104289,-0.159403,0.030444
5.680000,-0.016490,0.034016,-0.029677,-1.104329,-0.159065,0.030292
5.690000,-0.016408,0.033846,-0.029529,-1.104369,-0.158727,0.030141
5.700000,-0.016326,0.033677,-0.029381,-1.104408,-0.158390,0.029990
5.710000,-0.016244,0.033509,-0.029235,-1.104448,-0.158054,0.029840
5.720000,-0.016163,0.033341,-0.029089,-1.104487,-0.157718,0.029691
5.730000,-0.016083,0.033175,-0.028943,-1.104526,-0.157384,0.029543
5.740000,-0.016002,0.033009,-0.028799,-1.104564,-0.157050,0.029395
5.750000,-0.015922,0.032844,-0.028655,-1.104603,-0.156717,0.029249
5.760000,-0.015843,0.032680,-0.028512,-1.104641,-0.156385,0.029102
5.770000,-0.015764,0.032516,-0.028370,-1.104679,-0.156054,0.028957
5.780000,-0.015685,0.032354,-0.028228,-1.104716,-0.155723,0.028812
5.790000,-0.015607,0.032192,-0.028087,-1.104754,-0.155393,0.028668
5.800000,-0.015529,0.032031,-0.027947,-1.104791,-0.155064,0.028525
5.810000,-0.015452,0.031871,-0.027808,-1.104828,-0.154736,0.028383
5.820000,-0.015375,0.031712,-0.027669,-1.104864,-0.154408,0.028241
5.830000,-0.015298,0.031553,-0.027531,-1.104901,-0.154081,0.028100
5.840000,-0.015222,0.031396,-0.027393,-1.104937,-0.153755,0.027959
5.850000,-0.015146,0.031239,-0.027256,-1.104973,-0.153430,0.027820
5.860000,-0.015070,0.031083,-0.027120,-1.105009,-0.153106,0.027681
5.870000,-0.014995,0.030927,-0.026985,-1.105044,-0.152782,0.027543
5.880000,-0.014920,0.030773,-0.026850,-1.105079,-0.152459,0.027405
5.890000,-0.014846,0.030619,-0.026716,-1.105114,-0.152137,0.027268
5.900000,-0.014771,0.030466,-0.026583,-1.105149,-0.151815,0.027132
5.910000,-0.014698,0.030314,-0.026450,-1.105184,-0.151495,0.026996
5.920000,-0.014624,0.030162,-0.026318,-1.105218,-0.151175,0.026862
5.930000,-0.014551,0.030012,-0.026187,-1.105252,-0.150856,0.026727
5.940000,-0.014479,0.029862,-0.026056,-1.105286,-0.150537,0.026594
5.950000,-0.014407,0.029712,-0.025926,-1.105320,-0.150219,0.026461
5.960000,-0.014335,0.029564,-0.025797,-1.105353,-0.149902,0.026329
5.970000,-0.014263,0.029416,-0.025668,-1.105387,-0.149586,0.026197
5.980000,-0.014192,0.029269,-0.025540,-1.105420,-0.149271,0.026067
5.990000,-0.014121,0.029123,-0.025412,-1.105453,-0.148956,0.025936
6.000000,-0.014051,0.028978,-0.025286,-1.105485,-0.148642,0.025807
6.010000,-0.013981,0.028833,-0.025159,-1.105518,-0.148329,0.025678
6.020000,-0.013911,0.028689,-0.025034,-1.105550,-0.148016,0.025550
6.030000,-0.013841,0.028545,-0.024909,-1.105582,-0.147704,0.025422
6.040000,-0.013772,0.028403,-0.024784,-1.105614,-0.147393,0.025295
6.050000,-0.013704,0.028261,-0.024661,-1.105645,-0.147083,0.025169
6.060000,-0.013635,0.028120,-0.024538,-1.105677,-0.146773,0.025043
6.070000,-0.013567,0.027979,-0.024415,-1.105708,-0.146464,0.024918
6.080000,-0.013500,0.027840,-0.024293,-1.105739,-0.146156,0.024794
6.090000,-0.013432,0.027700,-0.024172,-1.105770,-0.145849,0.024670
6.100000,-0.013365,0.027562,-0.024052,-1.105800,-0.145542,0.024547
6.110000,-0.013299,0.027424,-0.023931,-1.105831,-0.145236,0.024424
6.120000,-0.013232,0.027287,-0.023812,-1.105861,-0.144930,0.024302
6.130000,-0.013166,0.027151,-0.023693,-1.105891,-0.144626,0.024181
6.140000,-0.013100,0.027016,-0.023575,-1.105921,-0.144322,0.024060
6.150000,-0.013035,0.026881,-0.023457,-1.105950,-0.144018,0.023940
6.160000,-0.012970,0.026746,-0.023340,-1.105980,-0.143716,0.023820
6.170000,-0.012905,0.026613,-0.023224,-1.106009,-0.143414,0.023701
6.180000,-0.012841,0.026480,-0.023108,-1.106038,-0.143113,0.023583
6.190000,-0.012777,0.026348,-0.022993,-1.106067,-0.142812,0.023465
6.200000,-0.012713,0.026216,-0.022878,-1.106096,-0.142512,0.023348
6.210000,-0.012650,0.026085,-0.022764,-1.106124,-0.142213,0.023232
6.220000,-0.012587,0.025955,-0.022650,-1.106152,-0.141915,0.023116
6.230000,-0.012524,0.025825,-0.022537,-1.106181,-0.141617,0.023000
6.240000,-0.012461,0.025696,-0.022425,-1.106209,-0.141320,0.022885
6.250000,-0.012399,0.025568,-0.022313,-1.106236,-0.141024,0.022771
6.260000,-0.012337,0.025440,-0.022201,-1.106264,-0.140728,0.022657
6.270000,-0.012276,0.025313,-0.022091,-1.106291,-0.140433,0.022544
6.280000,-0.012215,0.025187,-0.021980,-1.106319,-0.140139,0.022432
6.290000,-0.012154,0.025061,-0.021871,-1.106346,-0.139845,0.022320
6.300000,-0.012093,0.024936,-0.021761,-1.106372,-0.139552,0.022208
6.310000,-0.012033,0.024811,-0.021653,-1.106399,-0.139260,0.022097
6.320000,-0.011973,0.024687,-0.021545,-1.106426,-0.138968,0.021987
6.330000,-0.011913,0.024564,-0.021437,-1.106452,-0.138677,0.021877
6.340000,-0.011853,0.024441,-0.021330,-1.106478,-0.138387,0.021768
6.350000,-0.011794,0.024319,-0.021224,-1.106504,-0.138097,0.021659
6.360000,-0.011735,0.024198,-0.021118,-1.106530,-0.137808,0.021551
6.370000,-0.011677,0.024077,-0.021013,-1.106556,-0.137520,0.021444
6.380000,-0.011619,0.023957,-0.020908,-1.106581,-0.137232,0.021337
6.390000,-0.011561,0.023837,-0.020803,-1.106607,-0.136945,0.021230
6.400000,-0.011503,0.023718,-0.020700,-1.106632,-0.136659,0.021124
6.410000,-0.011446,0.023600,-0.020596,-1.106657,-0.136373,0.021019
6.420000,-0.011389,0.023482,-0.020494,-1.106682,-0.136088,0.020914
6.430000,-0.011332,0.023365,-0.020391,-1.106707,-0.135804,0.020809
6.440000,-0.011275,0.023248,-0.020290,-1.106731,-0.135520,0.020706
6.450000,-0.011219,0.023132,-0.020188,-1.106755,-0.135237,0.020602
6.460000,-0.011163,0.023017,-0.020088,-1.106780,-0.134954,0.020499
6.470000,-0.011107,0.022902,-0.019987,-1.106804,-0.134672,0.020397
6.480000,-0.011052,0.022787,-0.019888,-1.106828,-0.134391,0.020295
6.490000,-0.010997,0.022673,-0.019788,-1.106851,-0.134111,0.020194
6.500000,-0.010942,0.022560,-0.019690,-1.106875,-0.133831,0.020093
6.510000,-0.010887,0.022448,-0.019591,-1.106899,-0.133551,0.019993
6.520000,-0.010833,0.022336,-0.019494,-1.106922,-0.133273,0.019893
6.530000,-0.010779,0.022224,-0.019396,-1.106945,-0.132995,0.019794
6.540000,-0.010725,0.022113,-0.019300,-1.106968,-0.132717,0.019695
6.550000,-0.010672,0.022003,-0.019203,-1.106991,-0.132441,0.019597
6.560000,-0.010618,0.021893,-0.019107,-1.107014,-0.132164,0.019499
6.570000,-0.010565,0.021784,-0.019012,-1.107036,-0.131889,0.019402
6.580000,-0.010513,0.021675,-0.018917,-1.107059,-0.131614,0.019305
6.590000,-0.010460,0.021567,-0.018823,-1.107081,-0.131340,0.019208
6.600000,-0.010408,0.021459,-0.018729,-1.107103,-0.131066,0.019112
6.610000,-0.010356,0.021352,-0.018636,-1.107125,-0.130793,0.019017
6.620000,-0.010305,0.021245,-0.018543,-1.107147,-0.130521,0.018922
6.630000,-0.010253,0.021139,-0.018450,-1.107169,-0.130249,0.018828
6.640000,-0.010202,0.021034,-0.018358,-1.107190,-0.129978,0.018734
6.650000,-0.010151,0.020929,-0.018266,-1.107212,-0.129707,0.018640
6.660000,-0.010100,0.020824,-0.018175,-1.107233,-0.129437,0.018547
6.670000,-0.010050,0.020720,-0.018085,-1.107254,-0.129168,0.018455
6.680000,-0.010000,0.020617,-0.017994,-1.107275,-0.128899,0.018363
6.690000,-0.009950,0.020514,-0.017905,-1.107296,-0.128631,0.018271
6.700000,-0.009900,0.020412,-0.017815,-1.107317,-0.128363,0.018180
6.710000,-0.009851,0.020310,-0.017726,-1.107337,-0.128096,0.018089
6.720000,-0.009802,0.020208,-0.017638,-1.107358,-0.127830,0.017999
6.730000,-0.009753,0.020107,-0.017550,-1.107378,-0.127564,0.017909
6.740000,-0.009704,0.020007,-0.017462,-1.107398,-0.127299,0.017819
6.750000,-0.009656,0.019907,-0.017375,-1.107418,-0.127034,0.017731
6.760000,-0.009608,0.019808,-0.017289,-1.107438,-0.126770,0.017642
6.770000,-0.009560,0.019709,-0.017202,-1.107458,-0.126507,0.017554
6.780000,-0.009512,0.019611,-0.017116,-1.107478,-0.126244,0.017466
6.790000,-0.009465,0.019513,-0.017031,-1.107498,-0.125982,0.017379
6.800000,-0.009417,0.019415,-0.016946,-1.107517,-0.125720,0.017293
6.810000,-0.009370,0.019318,-0.016862,-1.107536,-0.125459,0.017206
6.820000,-0.009324,0.019222,-0.016777,-1.107556,-0.125199,0.017120
6.830000,-0.009277,0.019126,-0.016694,-1.107575,-0.124939,0.017035
6.840000,-0.009231,0.019031,-0.016610,-1.107594,-0.124679,0.016950
6.850000,-0.009185,0.018936,-0.016528,-1.107612,-0.124421,0.016865
6.860000,-0.009139,0.018841,-0.016445,-1.107631,-0.124162,0.016781
6.870000,-0.009094,0.018747,-0.016363,-1.107650,-0.123905,0.016697
6.880000,-0.009048,0.018653,-0.016281,-1.107668,-0.123648,0.016614
6.890000,-0.009003,0.018560,-0.016200,-1.107687,-0.123391,0.016531
6.900000,-0.008958,0.018468,-0.016119,-1.107705,-0.123136,0.016449
6.910000,-0.008913,0.018376,-0.016039,-1.107723,-0.122880,0.016367
6.920000,-0.008869,0.018284,-0.015959,-1.107741,-0.122625,0.016285
6.930000,-0.008825,0.018193,-0.015879,-1.107759,-0.122371,0.016204
6.940000,-0.008781,0.018102,-0.015800,-1.107776,-0.122118,0.016123
6.950000,-0.008737,0.018011,-0.015721,-1.107794,-0.121865,0.016042
6.960000,-0.008693,0.017922,-0.015643,-1.107812,-0.121612,0.015962
6.970000,-0.008650,0.017832,-0.015565,-1.107829,-0.121360,0.015883
6.980000,-0.008607,0.017743,-0.015487,-1.107846,-0.121109,0.015803
6.990000,-0.008564,0.017655,-0.015410,-1.107864,-0.120858,0.015725
7.000000,-0.008521,0.017566,-0.015333,-1.107881,-0.120608,0.015646
7.010000,-0.008479,0.017479,-0.015257,-1.107898,-0.120358,0.015568
7.020000,-0.008436,0.017392,-0.015180,-1.107915,-0.120109,0.015490
7.030000,-0.008394,0.017305,-0.015105,-1.107931,-0.119860,0.015413
7.040000,-0.008352,0.017218,-0.015029,-1.107948,-0.119612,0.015336
7.050000,-0.008311,0.017132,-0.014954,-1.107964,-0.119365,0.015260
7.060000,-0.008269,0.017047,-0.014880,-1.107981,-0.119118,0.015183
7.070000,-0.008228,0.016962,-0.014805,-1.107997,-0.118872,0.015108
7.080000,-0.008187,0.016877,-0.014732,-1.108013,-0.118626,0.015032
7.090000,-0.008146,0.016793,-0.014658,-1.108030,-0.118380,0.014957
7.100000,-0.008106,0.016709,-0.014585,-1.108046,-0.118136,0.014883
7.110000,-0.008065,0.016626,-0.014512,-1.108062,-0.117891,0.014808
7.120000,-0.008025,0.016543,-0.014440,-1.108077,-0.117648,0.014734
7.130000,-0.007985,0.016460,-0.014368,-1.108093,-0.117405,0.014661
7.140000,-0.007945,0.016378,-0.014296,-1.108109,-0.117162,0.014588
7.150000,-0.007905,0.016296,-0.014225,-1.108124,-0.116920,0.014515
7.160000,-0.007866,0.016215,-0.014154,-1.108140,-0.116678,0.014443
7.170000,-0.007827,0.016134,-0.014083,-1.108155,-0.116437,0.014371
7.180000,-0.007788,0.016054,-0.014013,-1.108170,-0.116197,0.014299
7.190000,-0.007749,0.015974,-0.013943,-1.108185,-0.115957,0.014228
7.200000,-0.007710,0.015894,-0.013874,-1.108200,-0.115718,0.014157
7.210000,-0.007672,0.015815,-0.013804,-1.108215,-0.115479,0.014086
7.220000,-0.007633,0.015736,-0.013735,-1.108230,-0.115240,0.014016
7.230000,-0.007595,0.015657,-0.013667,-1.108245,-0.115002,0.013946
7.240000,-0.007557,0.015579,-0.013599,-1.108259,-0.114765,0.013876
7.250000,-0.007520,0.015501,-0.013531,-1.108274,-0.114528,0.013807
7.260000,-0.007482,0.015424,-0.013463,-1.108288,-0.114292,0.013738
7.270000,-0.007445,0.015347,-0.013396,-1.108303,-0.114056,0.013669
7.280000,-0.007408,0.015270,-0.013329,-1.108317,-0.113821,0.013601
7.290000,-0.007371,0.015194,-0.013263,-1.108331,-0.113586,0.013533
7.300000,-0.007334,0.015118,-0.013197,-1.108345,-0.113352,0.013466
7.310000,-0.007298,0.015043,-0.013131,-1.108359,-0.113118,0.013399
7.320000,-0.007261,0.014968,-0.013065,-1.108373,-0.112885,0.013332
7.330000,-0.007225,0.014893,-0.013000,-1.108387,-0.112652,0.013265
7.340000,-0.007189,0.014819,-0.012935,-1.108400,-0.112420,0.013199
7.350000,-0.007153,0.014745,-0.012871,-1.108414,-0.112188,0.013133
7.360000,-0.007117,0.014671,-0.012807,-1.108428,-0.111957,0.013068
7.370000,-0.007082,0.014598,-0.012743,-1.108441,-0.111727,0.013003
7.380000,-0.007046,0.014525,-0.012679,-1.108454,-0.111496,0.012938
7.390000,-0.007011,0.014453,-0.012616,-1.108468,-0.111267,0.012873
7.400000,-0.006976,0.014381,-0.012553,-1.108481,-0.111038,0.012809
7.410000,-0.006942,0.014309,-0.012490,-1.108494,-0.110809,0.012745
7.420000,-0.006907,0.014238,-0.012428,-1.108507,-0.110581,0.012681
7.430000,-0.006872,0.014167,-0.012366,-1.108520,-0.110353,0.012618
7.440000,-0.006838,0.014096,-0.012304,-1.108533,-0.110126,0.012555
7.450000,-0.006804,0.014026,-0.012243,-1.108546,-0.109899,0.012493
7.460000,-0.006770,0.013956,-0.012182,-1.108558,-0.109673,0.012430
7.470000,-0.006736,0.013886,-0.012121,-1.108571,-0.109448,0.012368
7.480000,-0.006703,0.013817,-0.012061,-1.108583,-0.109222,0.012306
7.490000,-0.006669,0.013748,-0.012001,-1.108596,-0.108998,0.012245
7.500000,-0.006636,0.013679,-0.011941,-1.108608,-0.108773,0.012184
7.510000,-0.006603,0.013611,-0.011881,-1.108621,-0.108550,0.012123
7.520000,-0.006570,0.013543,-0.011822,-1.108633,-0.108326,0.012063
7.530000,-0.006537,0.013475,-0.011763,-1.108645,-0.108104,0.012003
7.540000,-0.006505,0.013408,-0.011704,-1.108657,-0.107881,0.011943
7.550000,-0.006472,0.013341,-0.011646,-1.108669,-0.107660,0.011883
7.560000,-0.006440,0.013275,-0.011588,-1.108681,-0.107438,0.011824
7.570000,-0.006408,0.013208,-0.011530,-1.108693,-0.107217,0.011765
7.580000,-0.006376,0.013143,-0.011472,-1.108704,-0.106997,0.011706
7.590000,-0.006344,0.013077,-0.011415,-1.108716,-0.106777,0.011648
7.600000,-0.006312,0.013012,-0.011358,-1.108728,-0.106558,0.011590
7.610000,-0.006281,0.012947,-0.011302,-1.108739,-0.106339,0.011532
7.620000,-0.006250,0.012882,-0.011245,-1.108750,-0.106121,0.011474
7.630000,-0.006218,0.012818,-0.011189,-1.108762,-0.105903,0.011417
7.640000,-0.006187,0.012754,-0.011133,-1.108773,-0.105685,0.011360
7.650000,-0.006157,0.012690,-0.011078,-1.108784,-0.105468,0.011303
7.660000,-0.006126,0.012627,-0.011023,-1.108796,-0.105251,0.011247
7.670000,-0.006095,0.012564,-0.010968,-1.108807,-0.105035,0.011191
7.680000,-0.006065,0.012501,-0.010913,-1.108818,-0.104820,0.011135
7.690000,-0.006035,0.012439,-0.010858,-1.108829,-0.104605,0.011080
7.700000,-0.006005,0.012377,-0.010804,-1.108839,-0.104390,0.011024
7.710000,-0.005975,0.012315,-0.010750,-1.108850,-0.104176,0.010969
7.720000,-0.005945,0.012254,-0.010697,-1.108861,-0.103962,0.010915
7.730000,-0.005915,0.012193,-0.010643,-1.108872,-0.103749,0.010860
7.740000,-0.005886,0.012132,-0.010590,-1.108882,-0.103536,0.010806
7.750000,-0.005856,0.012071,-0.010537,-1.108893,-0.103323,0.010752
7.760000,-0.005827,0.012011,-0.010485,-1.108903,-0.103111,0.010698
7.770000,-0.005798,0.011951,-0.010433,-1.108913,-0.102900,0.010645
7.780000,-0.005769,0.011891,-0.010381,-1.108924,-0.102689,0.010592
7.790000,-0.005740,0.011832,-0.010329,-1.108934,-0.102478,0.010539
7.800000,-0.005712,0.011773,-0.010277,-1.108944,-0.102268,0.010486
7.810000,-0.005683,0.011714,-0.010226,-1.108954,-0.102059,0.010434
7.820000,-0.005655,0.011656,-0.010175,-1.108964,-0.101850,0.010382
7.830000,-0.005627,0.011598,-0.010124,-1.108974,-0.101641,0.010330
7.840000,-0.005599,0.011540,-0.010074,-1.108984,-0.101432,0.010279
7.850000,-0.005571,0.011482,-0.010023,-1.108994,-0.101225,0.010227
7.860000,-0.005543,0.011425,-0.009974,-1.109004,-0.101017,0.010176
7.870000,-0.005515,0.011368,-0.009924,-1.109014,-0.100810,0.010126
7.880000,-0.005488,0.011311,-0.009874,-1.109023,-0.100604,0.010075
7.890000,-0.005460,0.011255,-0.009825,-1.109033,-0.100398,0.010025
7.900000,-0.005433,0.011199,-0.009776,-1.109042,-0.100192,0.009975
7.910000,-0.005406,0.011143,-0.009727,-1.109052,-0.099987,0.009925
7.920000,-0.005379,0.011087,-0.009679,-1.109061,-0.099782,0.009876
7.930000,-0.005352,0.011032,-0.009630,-1.109071,-0.099578,0.009826
7.940000,-0.005326,0.010977,-0.009582,-1.109080,-0.099374,0.009777
7.950000,-0.005299,0.010922,-0.009535,-1.109089,-0.099171,0.009729
7.960000,-0.005273,0.010868,-0.009487,-1.109098,-0.098968,0.009680
7.970000,-0.005246,0.010814,-0.009440,-1.109108,-0.098765,0.009632
7.980000,-0.005220,0.010760,-0.009393,-1.109117,-0.098563,0.009584
7.990000,-0.005194,0.010706,-0.009346,-1.109126,-0.098361,0.009536
8.000000,-0.005168,0.010653,-0.009299,-1.109135,-0.098160,0.009488
8.010000,-0.005142,0.010599,-0.009253,-1.109143,-0.097959,0.009441
8.020000,-0.005117,0.010546,-0.009207,-1.109152,-0.097759,0.009394
8.030000,-0.005091,0.010494,-0.009161,-1.109161,-0.097559,0.009347
8.040000,-0.005066,0.010442,-0.009115,-1.109170,-0.097359,0.009300
8.050000,-0.005040,0.010389,-0.009070,-1.109178,-0.097160,0.009254
8.060000,-0.005015,0.010338,-0.009024,-1.109187,-0.096961,0.009208
8.070000,-0.004990,0.010286,-0.008979,-1.109196,-0.096763,0.009162
8.080000,-0.004965,0.010235,-0.008935,-1.109204,-0.096565,0.009116
8.090000,-0.004941,0.010184,-0.008890,-1.109212,-0.096368,0.009071
8.100000,-0.004916,0.010133,-0.008846,-1.109221,-0.096171,0.009026
8.110000,-0.004892,0.010082,-0.008801,-1.109229,-0.095974,0.008980
8.120000,-0.004867,0.010032,-0.008758,-1.109237,-0.095778,0.008936
8.130000,-0.004843,0.009982,-0.008714,-1.109246,-0.095582,0.008891
8.140000,-0.004819,0.009932,-0.008670,-1.109254,-0.095387,0.008847
8.150000,-0.004795,0.009883,-0.008627,-1.109262,-0.095192,0.008803
8.160000,-0.004771,0.009833,-0.008584,-1.109270,-0.094998,0.008759
8.170000,-0.004747,0.009784,-0.008541,-1.109278,-0.094804,0.008715
8.180000,-0.004723,0.009735,-0.008499,-1.109286,-0.094610,0.008672
8.190000,-0.004700,0.009687,-0.008456,-1.109294,-0.094417,0.008628
8.200000,-0.004676,0.009639,-0.008414,-1.109302,-0.094224,0.008585
8.210000,-0.004653,0.009591,-0.008372,-1.109310,-0.094031,0.008542
8.220000,-0.004630,0.009543,-0.008330,-1.109317,-0.093839,0.008500
8.230000,-0.004607,0.009495,-0.008289,-1.109325,-0.093648,0.008457
8.240000,-0.004584,0.009448,-0.008248,-1.109333,-0.093457,0.008415
8.250000,-0.004561,0.009401,-0.008206,-1.109340,-0.093266,0.008373
8.260000,-0.004538,0.009354,-0.008165,-1.109348,-0.093076,0.008332
8.270000,-0.004515,0.009307,-0.008125,-1.109355,-0.092886,0.008290
8.280000,-0.004493,0.009261,-0.008084,-1.109363,-0.092696,0.008249
8.290000,-0.004470,0.009214,-0.008044,-1.109370,-0.092507,0.008207
8.300000,-0.004448,0.009168,-0.008004,-1.109378,-0.092318,0.008167
8.310000,-0.004426,0.009123,-0.007964,-1.109385,-0.092130,0.008126
8.320000,-0.004404,0.009077,-0.007924,-1.109392,-0.091942,0.008085
8.330000,-0.004382,0.009032,-0.007885,-1.109399,-0.091754,0.008045
8.340000,-0.004360,0.008987,-0.007845,-1.109407,-0.091567,0.008005
8.350000,-0.004338,0.008942,-0.007806,-1.109414,-0.091380,0.007965
8.360000,-0.004317,0.008897,-0.007767,-1.109421,-0.091194,0.007925
8.370000,-0.004295,0.008853,-0.007728,-1.109428,-0.091008,0.007886
8.380000,-0.004274,0.008809,-0.007690,-1.109435,-0.090822,0.007846
8.390000,-0.004252,0.008765,-0.007652,-1.109442,-0.090637,0.007807
8.400000,-0.004231,0.008721,-0.007613,-1.109449,-0.090452,0.007768
8.410000,-0.004210,0.008678,-0.007575,-1.109455,-0.090268,0.007729
8.420000,-0.004189,0.008634,-0.007538,-1.109462,-0.090084,0.007691
8.430000,-0.004168,0.008591,-0.007500,-1.109469,-0.089900,0.007653
8.440000,-0.004147,0.008548,-0.007463,-1.109476,-0.089717,0.007614
8.450000,-0.004127,0.008506,-0.007425,-1.109482,-0.089534,0.007576
8.460000,-0.004106,0.008463,-0.007388,-1.109489,-0.089352,0.007539
8.470000,-0.004086,0.008421,-0.007352,-1.109496,-0.089170,0.007501
8.480000,-0.004065,0.008379,-0.007315,-1.109502,-0.088988,0.007464
8.490000,-0.004045,0.008337,-0.007278,-1.109509,-0.088807,0.007426
8.500000,-0.004025,0.008296,-0.007242,-1.109515,-0.088626,0.007389
8.510000,-0.004005,0.008254,-0.007206,-1.109522,-0.088445,0.007352
8.520000,-0.003985,0.008213,-0.007170,-1.109528,-0.088265,0.007316
8.530000,-0.003965,0.008172,-0.007134,-1.109534,-0.088085,0.007279
8.540000,-0.003945,0.008132,-0.007099,-1.109541,-0.087906,0.007243
8.550000,-0.003925,0.008091,-0.007063,-1.109547,-0.087727,0.007207
8.560000,-0.003906,0.008051,-0.007028,-1.109553,-0.087548,0.007171
8.570000,-0.003886,0.008010,-0.006993,-1.109559,-0.087370,0.007135
8.580000,-0.003867,0.007970,-0.006958,-1.109566,-0.087192,0.007100
8.590000,-0.003848,0.007931,-0.006923,-1.109572,-0.087015,0.007064
8.600000,-0.003829,0.007891,-0.006889,-1.109578,-0.086837,0.007029
8.610000,-0.003809,0.007852,-0.006854,-1.109584,-0.086661,0.006994
8.620000,-0.003790,0.007813,-0.006820,-1.109590,-0.086484,0.006959
8.630000,-0.003772,0.007774,-0.006786,-1.109596,-0.086308,0.006924
8.640000,-0.003753,0.007735,-0.006752,-1.109602,-0.086133,0.006890
8.650000,-0.003734,0.007696,-0.006719,-1.109607,-0.085957,0.006855
8.660000,-0.003715,0.007658,-0.006685,-1.109613,-0.085782,0.006821
8.670000,-0.003697,0.007620,-0.006652,-1.109619,-0.085608,0.006787
8.680000,-0.003678,0.007582,-0.006619,-1.109625,-0.085434,0.006753
8.690000,-0.003660,0.007544,-0.006586,-1.109631,-0.085260,0.006720
8.700000,-0.003642,0.007506,-0.006553,-1.109636,-0.085087,0.006686
8.710000,-0.003624,0.007469,-0.006520,-1.109642,-0.084913,0.006653
8.720000,-0.003606,0.007432,-0.006488,-1.109647,-0.084741,0.006619
8.730000,-0.003588,0.007395,-0.006455,-1.109653,-0.084568,0.006586
8.740000,-0.003570,0.007358,-0.006423,-1.109659,-0.084396,0.006554
8.750000,-0.003552,0.007321,-0.006391,-1.109664,-0.084225,0.006521
8.760000,-0.003534,0.007284,-0.006359,-1.109670,-0.084054,0.006488
8.770000,-0.003517,0.007248,-0.006327,-1.109675,-0.083883,0.006456
8.780000,-0.003499,0.007212,-0.006296,-1.109680,-0.083712,0.006424
8.790000,-0.003482,0.007176,-0.006264,-1.109686,-0.083542,0.006392
8.800000,-0.003464,0.007140,-0.006233,-1.109691,-0.083372,0.006360
8.810000,-0.003447,0.007105,-0.006202,-1.109696,-0.083203,0.006328
8.820000,-0.003430,0.007069,-0.006171,-1.109702,-0.083034,0.006297
8.830000,-0.003413,0.007034,-0.006140,-1.109707,-0.082865,0.006265
8.840000,-0.003396,0.006999,-0.006110,-1.109712,-0.082696,0.006234
8.850000,-0.003379,0.006964,-0.006079,-1.109717,-0.082528,0.006203
8.860000,-0.003362,0.006929,-0.006049,-1.109722,-0.082361,0.006172
8.870000,-0.003345,0.006895,-0.006019,-1.109727,-0.082193,0.006141
8.880000,-0.003328,0.006860,-0.005989,-1.109732,-0.082026,0.006111
8.890000,-0.003312,0.006826,-0.005959,-1.109737,-0.081860,0.006080
8.900000,-0.003295,0.006792,-0.005929,-1.109742,-0.081694,0.006050
8.910000,-0.003279,0.006758,-0.005900,-1.109747,-0.081528,0.006020
8.920000,-0.003262,0.006724,-0.005870,-1.109752,-0.081362,0.005990
8.930000,-0.003246,0.006691,-0.005841,-1.109757,-0.081197,0.005960
8.940000,-0.003230,0.006657,-0.005812,-1.109762,-0.081032,0.005930
8.950000,-0.003214,0.006624,-0.005783,-1.109767,-0.080867,0.005900
8.960000,-0.003198,0.006591,-0.005754,-1.109772,-0.080703,0.005871
8.970000,-0.003182,0.006558,-0.005725,-1.109777,-0.080539,0.005842
8.980000,-0.003166,0.006526,-0.005697,-1.109781,-0.080376,0.005812
8.990000,-0.003150,0.006493,-0.005668,-1.109786,-0.080213,0.005783
9.000000,-0.003135,0.006461,-0.005640,-1.109791,-0.080050,0.005755
9.010000,-0.003119,0.006428,-0.005612,-1.109795,-0.079887,0.005726
9.020000,-0.003103,0.006396,-0.005584,-1.109800,-0.079725,0.005697
9.030000,-0.003088,0.006364,-0.005556,-1.109804,-0.079563,0.005669
9.040000,-0.003072,0.006333,-0.005528,-1.109809,-0.079402,0.005641
9.050000,-0.003057,0.006301,-0.005501,-1.109814,-0.079241,0.005613
9.060000,-0.003042,0.006270,-0.005473,-1.109818,-0.079080,0.005585
9.070000,-0.003027,0.006238,-0.005446,-1.109823,-0.078919,0.005557
9.080000,-0.003012,0.006207,-0.005419,-1.109827,-0.078759,0.005529
9.090000,-0.002997,0.006176,-0.005392,-1.109831,-0.078599,0.005501
9.100000,-0.002982,0.006145,-0.005365,-1.109836,-0.078440,0.005474
9.110000,-0.002967,0.006115,-0.005338,-1.109840,-0.078281,0.005447
9.120000,-0.002952,0.006084,-0.005312,-1.109844,-0.078122,0.005419
9.130000,-0.002937,0.006054,-0.005285,-1.109849,-0.077964,0.005392
9.140000,-0.002923,0.006024,-0.005259,-1.109853,-0.077806,0.005366
9.150000,-0.002908,0.005994,-0.005233,-1.109857,-0.077648,0.005339
9.160000,-0.002894,0.005964,-0.005206,-1.109862,-0.077490,0.005312
9.170000,-0.002879,0.005934,-0.005180,-1.109866,-0.077333,0.005286
9.180000,-0.002865,0.005905,-0.005155,-1.109870,-0.077176,0.005259
9.190000,-0.002850,0.005875,-0.005129,-1.109874,-0.077020,0.005233
9.200000,-0.002836,0.005846,-0.005103,-1.109878,-0.076864,0.005207
9.210000,-0.002822,0.005817,-0.005078,-1.109882,-0.076708,0.005181
9.220000,-0.002808,0.005788,-0.005053,-1.109886,-0.076552,0.005155
9.230000,-0.002794,0.005759,-0.005027,-1.109890,-0.076397,0.005129
9.240000,-0.002780,0.005730,-0.005002,-1.109894,-0.076242,0.005104
9.250000,-0.002766,0.005701,-0.004977,-1.109898,-0.076088,0.005078
9.260000,-0.002752,0.005673,-0.004952,-1.109902,-0.075934,0.005053
9.270000,-0.002739,0.005645,-0.004928,-1.109906,-0.075780,0.005028
9.280000,-0.002725,0.005617,-0.004903,-1.109910,-0.075626,0.005003
9.290000,-0.002711,0.005589,-0.004879,-1.109914,-0.075473,0.004978
9.300000,-0.002698,0.005561,-0.004854,-1.109918,-0.075320,0.004953
9.310000,-0.002684,0.005533,-0.004830,-1.109922,-0.075167,0.004928
9.320000,-0.002671,0.005505,-0.004806,-1.109925,-0.075015,0.004904
9.330000,-0.002658,0.005478,-0.004782,-1.109929,-0.074863,0.004879
9.340000,-0.002645,0.005451,-0.004758,-1.109933,-0.074711,0.004855
9.350000,-0.002631,0.005423,-0.004735,-1.109937,-0.074560,0.004831
9.360000,-0.002618,0.005396,-0.004711,-1.109940,-0.074409,0.004807
9.370000,-0.002605,0.005369,-0.004687,-1.109944,-0.074258,0.004783
9.380000,-0.002592,0.005343,-0.004664,-1.109948,-0.074108,0.004759
9.390000,-0.002579,0.005316,-0.004641,-1.109951,-0.073958,0.004735
9.400000,-0.002566,0.005289,-0.004618,-1.109955,-0.073808,0.004711
9.410000,-0.002554,0.005263,-0.004595,-1.109959,-0.073658,0.004688
9.420000,-0.002541,0.005237,-0.004572,-1.109962,-0.073509,0.004665
9.430000,-0.002528,0.005211,-0.004549,-1.109966,-0.073360,0.004641
9.440000,-0.002516,0.005185,-0.004526,-1.109969,-0.073212,0.004618
9.450000,-0.002503,0.005159,-0.004504,-1.109973,-0.073064,0.004595
9.460000,-0.002491,0.005133,-0.004481,-1.109976,-0.072916,0.004572
9.470000,-0.002478,0.005107,-0.004459,-1.109980,-0.072768,0.004549
9.480000,-0.002466,0.005082,-0.004437,-1.109983,-0.072621,0.004527
9.490000,-0.002453,0.005057,-0.004414,-1.109986,-0.072474,0.004504
9.500000,-0.002441,0.005031,-0.004392,-1.109990,-0.072327,0.004482
9.510000,-0.002429,0.005006,-0.004371,-1.109993,-0.072181,0.004459
9.520000,-0.002417,0.004981,-0.004349,-1.109997,-0.072035,0.004437
9.530000,-0.002405,0.004957,-0.004327,-1.110000,-0.071889,0.004415
9.540000,-0.002393,0.004932,-0.004305,-1.110003,-0.071743,0.004393
9.550000,-0.002381,0.004907,-0.004284,-1.110006,-0.071598,0.004371
9.560000,-0.002369,0.004883,-0.004263,-1.110010,-0.071453,0.004349
9.570000,-0.002357,0.004858,-0.004241,-1.110013,-0.071309,0.004328
9.580000,-0.002345,0.004834,-0.004220,-1.110016,-0.071164,0.004306
9.590000,-0.002334,0.004810,-0.004199,-1.110019,-0.071020,0.004284
9.600000,-0.002322,0.004786,-0.004178,-1.110022,-0.070877,0.004263
9.610000,-0.002311,0.004762,-0.004157,-1.110026,-0.070733,0.004242
9.620000,-0.002299,0.004738,-0.004137,-1.110029,-0.070590,0.004221
9.630000,-0.002288,0.004715,-0.004116,-1.110032,-0.070448,0.004200
9.640000,-0.002276,0.004691,-0.004095,-1.110035,-0.070305,0.004179
9.650000,-0.002265,0.004668,-0.004075,-1.110038,-0.070163,0.004158
9.660000,-0.002253,0.004645,-0.004055,-1.110041,-0.070021,0.004137
9.670000,-0.002242,0.004621,-0.004035,-1.110044,-0.069879,0.004116
9.680000,-0.002231,0.004598,-0.004014,-1.110047,-0.069738,0.004096
9.690000,-0.002220,0.004575,-0.003994,-1.110050,-0.069597,0.004075
9.700000,-0.002209,0.004553,-0.003974,-1.110053,-0.069456,0.004055
9.710000,-0.002198,0.004530,-0.003955,-1.110056,-0.069316,0.004035
9.720000,-0.002187,0.004507,-0.003935,-1.110059,-0.069176,0.004015
9.730000,-0.002176,0.004485,-0.003915,-1.110062,-0.069036,0.003995
9.740000,-0.002165,0.004462,-0.003896,-1.110065,-0.068896,0.003975
9.750000,-0.002154,0.004440,-0.003876,-1.110068,-0.068757,0.003955
9.760000,-0.002144,0.004418,-0.003857,-1.110071,-0.068618,0.003935
9.770000,-0.002133,0.004396,-0.003838,-1.110073,-0.068479,0.003916
9.780000,-0.002122,0.004374,-0.003819,-1.110076,-0.068341,0.003896
9.790000,-0.002112,0.004352,-0.003800,-1.110079,-0.068203,0.003877
9.800000,-0.002101,0.004331,-0.003781,-1.110082,-0.068065,0.003857
9.810000,-0.002091,0.004309,-0.003762,-1.110085,-0.067927,0.003838
9.820000,-0.002080,0.004287,-0.003743,-1.110087,-0.067790,0.003819
9.830000,-0.002070,0.004266,-0.003724,-1.110090,-0.067653,0.003800
9.840000,-0.002060,0.004245,-0.003706,-1.110093,-0.067516,0.003781
9.850000,-0.002049,0.004224,-0.003687,-1.110095,-0.067380,0.003762
9.860000,-0.002039,0.004203,-0.003669,-1.110098,-0.067244,0.003743
9.870000,-0.002029,0.004182,-0.003651,-1.110101,-0.067108,0.003725
9.880000,-0.002019,0.004161,-0.003632,-1.110103,-0.066972,0.003706
9.890000,-0.002009,0.004140,-0.003614,-1.110106,-0.066837,0.003688
9.900000,-0.001999,0.004119,-0.003596,-1.110109,-0.066702,0.003669
9.910000,-0.001989,0.004099,-0.003578,-1.110111,-0.066567,0.003651
9.920000,-0.001979,0.004078,-0.003560,-1.110114,-0.066433,0.003633
9.930000,-0.001969,0.004058,-0.003543,-1.110116,-0.066299,0.003615
9.940000,-0.001959,0.004038,-0.003525,-1.110119,-0.066165,0.003597
9.950000,-0.001949,0.004018,-0.003507,-1.110122,-0.066031,0.003579
9.960000,-0.001940,0.003998,-0.003490,-1.110124,-0.065898,0.003561
9.970000,-0.001930,0.003978,-0.003473,-1.110127,-0.065765,0.003543
9.980000,-0.001920,0.003958,-0.003455,-1.110129,-0.065632,0.003525
9.990000,-0.001911,0.003938,-0.003438,-1.110131,-0.065499,0.003508
10.000000,-0.001901,0.003918,-0.003421,-1.110134,-0.065367,0.003490
