0.000000,-0.070712,-0.728462,0.844351,-0.665337,0.285553,-0.230286
0.010000,-0.070356,-0.721353,0.840639,-0.667933,0.284868,-0.229016
0.020000,-0.070002,-0.714374,0.836939,-0.670516,0.284185,-0.227755
0.030000,-0.069649,-0.707521,0.833250,-0.673086,0.283505,-0.226502
0.040000,-0.069298,-0.700791,0.829574,-0.675643,0.282826,-0.225258
0.050000,-0.068949,-0.694179,0.825908,-0.678186,0.282150,-0.224021
0.060000,-0.068602,-0.687682,0.822255,-0.680717,0.281476,-0.222793
0.070000,-0.068257,-0.681297,0.818614,-0.683235,0.280804,-0.221572
0.080000,-0.067913,-0.675021,0.814984,-0.685739,0.280134,-0.220359
0.090000,-0.067571,-0.668851,0.811366,-0.688231,0.279467,-0.219155
0.100000,-0.067231,-0.662784,0.807760,-0.690710,0.278801,-0.217957
0.110000,-0.066893,-0.656816,0.804166,-0.693176,0.278137,-0.216768
0.120000,-0.066556,-0.650946,0.800583,-0.695630,0.277476,-0.215586
0.130000,-0.066222,-0.645171,0.797013,-0.698070,0.276817,-0.214412
0.140000,-0.065888,-0.639488,0.793454,-0.700498,0.276159,-0.213245
0.150000,-0.065557,-0.633894,0.789908,-0.702914,0.275504,-0.212085
0.160000,-0.065227,-0.628388,0.786374,-0.705316,0.274851,-0.210933
0.170000,-0.064899,-0.622967,0.782851,-0.707706,0.274200,-0.209788
0.180000,-0.064573,-0.617629,0.779340,-0.710084,0.273550,-0.208650
0.190000,-0.064248,-0.612372,0.775842,-0.712449,0.272903,-0.207520
0.200000,-0.063925,-0.607194,0.772356,-0.714802,0.272258,-0.206397
0.210000,-0.063604,-0.602092,0.768881,-0.717142,0.271615,-0.205280
0.220000,-0.063284,-0.597066,0.765419,-0.719470,0.270974,-0.204171
0.230000,-0.062966,-0.592113,0.761968,-0.721786,0.270334,-0.203068
0.240000,-0.062649,-0.587231,0.758530,-0.724089,0.269697,-0.201972
0.250000,-0.062334,-0.582418,0.755104,-0.726381,0.269062,-0.200884
0.260000,-0.062021,-0.577674,0.751690,-0.728660,0.268429,-0.199802
0.270000,-0.061709,-0.572997,0.748288,-0.730927,0.267797,-0.198726
0.280000,-0.061399,-0.568384,0.744898,-0.733181,0.267168,-0.197657
0.290000,-0.061091,-0.563834,0.741520,-0.735424,0.266540,-0.196595
0.300000,-0.060784,-0.559347,0.738155,-0.737655,0.265914,-0.195539
0.310000,-0.060478,-0.554920,0.734801,-0.739874,0.265290,-0.194490
0.320000,-0.060175,-0.550552,0.731460,-0.742081,0.264669,-0.193447
0.330000,-0.059872,-0.546243,0.728131,-0.744277,0.264049,-0.192411
0.340000,-0.059571,-0.541990,0.724813,-0.746460,0.263430,-0.191381
0.350000,-0.059272,-0.537792,0.721508,-0.748632,0.262814,-0.190357
0.360000,-0.058975,-0.533648,0.718215,-0.750792,0.262200,-0.189339
0.370000,-0.058678,-0.529558,0.714935,-0.752940,0.261587,-0.188328
0.380000,-0.058384,-0.525519,0.711666,-0.755077,0.260976,-0.187322
0.390000,-0.058091,-0.521531,0.708409,-0.757202,0.260367,-0.186323
0.400000,-0.057799,-0.517593,0.705165,-0.759316,0.259760,-0.185330
0.410000,-0.057509,-0.513704,0.701933,-0.761418,0.259155,-0.184342
0.420000,-0.057220,-0.509862,0.698712,-0.763509,0.258552,-0.183361
0.430000,-0.056933,-0.506067,0.695504,-0.765588,0.257950,-0.182385
0.440000,-0.056647,-0.502318,0.692308,-0.767656,0.257350,-0.181416
0.450000,-0.056363,-0.498614,0.689124,-0.769713,0.256752,-0.180452
0.460000,-0.056080,-0.494954,0.685952,-0.771758,0.256156,-0.179494
0.470000,-0.055798,-0.491337,0.682792,-0.773793,0.255561,-0.178541
0.480000,-0.055518,-0.487763,0.679644,-0.775816,0.254968,-0.177594
0.490000,-0.055240,-0.484229,0.676509,-0.777828,0.254377,-0.176653
0.500000,-0.054963,-0.480737,0.673385,-0.779829,0.253788,-0.175718
0.510000,-0.054687,-0.477284,0.670273,-0.781819,0.253200,-0.174788
0.520000,-0.054412,-0.473871,0.667174,-0.783798,0.252615,-0.173863
0.530000,-0.054139,-0.470496,0.664086,-0.785766,0.252031,-0.172944
0.540000,-0.053868,-0.467159,0.661010,-0.787723,0.251448,-0.172030
0.550000,-0.053598,-0.463858,0.657947,-0.789670,0.250867,-0.171122
0.560000,-0.053329,-0.460595,0.654895,-0.791605,0.250288,-0.170219
0.570000,-0.053061,-0.457366,0.651855,-0.793530,0.249711,-0.169321
0.580000,-0.052795,-0.454173,0.648827,-0.795445,0.249135,-0.168428
0.590000,-0.052530,-0.451014,0.645811,-0.797348,0.248562,-0.167541
0.600000,-0.052267,-0.447890,0.642807,-0.799241,0.247989,-0.166659
0.610000,-0.052005,-0.444798,0.639815,-0.801124,0.247419,-0.165782
0.620000,-0.051744,-0.441739,0.636835,-0.802996,0.246850,-0.164910
0.630000,-0.051485,-0.438712,0.633867,-0.804857,0.246282,-0.164043
0.640000,-0.051227,-0.435716,0.630910,-0.806709,0.245717,-0.163181
0.650000,-0.050970,-0.432752,0.627965,-0.808549,0.245153,-0.162324
0.660000,-0.050714,-0.429818,0.625032,-0.810380,0.244590,-0.161472
0.670000,-0.050460,-0.426914,0.622111,-0.812200,0.244029,-0.160625
0.680000,-0.050207,-0.424039,0.619202,-0.814010,0.243470,-0.159783
0.690000,-0.049955,-0.421194,0.616304,-0.815810,0.242913,-0.158946
0.700000,-0.049705,-0.418377,0.613418,-0.817600,0.242357,-0.158113
0.710000,-0.049456,-0.415588,0.610544,-0.819379,0.241802,-0.157286
0.720000,-0.049208,-0.412826,0.607681,-0.821149,0.241249,-0.156463
0.730000,-0.048961,-0.410092,0.604831,-0.822909,0.240698,-0.155644
0.740000,-0.048716,-0.407384,0.601991,-0.824658,0.240148,-0.154831
0.750000,-0.048472,-0.404703,0.599164,-0.826398,0.239600,-0.154022
0.760000,-0.048229,-0.402047,0.596348,-0.828128,0.239054,-0.153218
0.770000,-0.047987,-0.399417,0.593543,-0.829848,0.238509,-0.152418
0.780000,-0.047747,-0.396812,0.590750,-0.831558,0.237965,-0.151623
0.790000,-0.047508,-0.394232,0.587969,-0.833259,0.237423,-0.150832
0.800000,-0.047270,-0.391676,0.585199,-0.834950,0.236883,-0.150046
0.810000,-0.047033,-0.389143,0.582441,-0.836631,0.236344,-0.149264
0.820000,-0.046797,-0.386635,0.579694,-0.838303,0.235807,-0.148486
0.830000,-0.046563,-0.384150,0.576958,-0.839966,0.235271,-0.147713
0.840000,-0.046330,-0.381687,0.574234,-0.841618,0.234737,-0.146945
0.850000,-0.046098,-0.379247,0.571522,-0.843262,0.234204,-0.146180
0.860000,-0.045867,-0.376830,0.568820,-0.844896,0.233673,-0.145420
0.870000,-0.045637,-0.374434,0.566130,-0.846520,0.233143,-0.144665
0.880000,-0.045408,-0.372060,0.563451,-0.848135,0.232615,-0.143913
0.890000,-0.045181,-0.369707,0.560784,-0.849741,0.232088,-0.143166
0.900000,-0.044955,-0.367375,0.558128,-0.851338,0.231562,-0.142423
0.910000,-0.044730,-0.365063,0.555483,-0.852926,0.231038,-0.141684
0.920000,-0.044506,-0.362772,0.552849,-0.854504,0.230516,-0.140949
0.930000,-0.044283,-0.360502,0.550226,-0.856074,0.229995,-0.140218
0.940000,-0.044061,-0.358250,0.547615,-0.857634,0.229475,-0.139492
0.950000,-0.043841,-0.356019,0.545014,-0.859186,0.228957,-0.138769
0.960000,-0.043621,-0.353807,0.542425,-0.860728,0.228441,-0.138051
0.970000,-0.043403,-0.351613,0.539847,-0.862262,0.227925,-0.137336
0.980000,-0.043185,-0.349439,0.537280,-0.863786,0.227411,-0.136626
0.990000,-0.042969,-0.347283,0.534723,-0.865302,0.226899,-0.135919
1.000000,-0.042754,-0.345145,0.532178,-0.866809,0.226388,-0.135216
1.010000,-0.042540,-0.343025,0.529644,-0.868307,0.225878,-0.134517
1.020000,-0.042327,-0.340923,0.527120,-0.869797,0.225370,-0.133822
1.030000,-0.042115,-0.338839,0.524608,-0.871278,0.224863,-0.133131
1.040000,-0.041905,-0.336771,0.522106,-0.872750,0.224358,-0.132444
1.050000,-0.041695,-0.334721,0.519615,-0.874214,0.223854,-0.131760
1.060000,-0.041486,-0.332688,0.517135,-0.875670,0.223351,-0.131080
1.070000,-0.041279,-0.330671,0.514666,-0.877116,0.222850,-0.130404
1.080000,-0.041072,-0.328671,0.512207,-0.878555,0.222350,-0.129732
1.090000,-0.040866,-0.326687,0.509759,-0.879985,0.221852,-0.129063
1.100000,-0.040662,-0.324719,0.507322,-0.881407,0.221355,-0.128398
1.110000,-0.040458,-0.322767,0.504895,-0.882820,0.220859,-0.127737
1.120000,-0.040256,-0.320831,0.502479,-0.884225,0.220364,-0.127079
1.130000,-0.040055,-0.318910,0.500074,-0.885622,0.219871,-0.126425
1.140000,-0.039854,-0.317004,0.497679,-0.887011,0.219379,-0.125775
1.150000,-0.039655,-0.315113,0.495294,-0.888391,0.218889,-0.125128
1.160000,-0.039456,-0.313237,0.492920,-0.889764,0.218400,-0.124484
1.170000,-0.039259,-0.311376,0.490557,-0.891128,0.217912,-0.123844
1.180000,-0.039063,-0.309529,0.488204,-0.892485,0.217425,-0.123208
1.190000,-0.038867,-0.307697,0.485861,-0.893833,0.216940,-0.122575
1.200000,-0.038673,-0.305879,0.483529,-0.895174,0.216456,-0.121945
1.210000,-0.038479,-0.304074,0.481207,-0.896506,0.215974,-0.121319
1.220000,-0.038287,-0.302284,0.478895,-0.897831,0.215492,-0.120696
1.230000,-0.038095,-0.300508,0.476593,-0.899148,0.215012,-0.120077
1.240000,-0.037905,-0.298744,0.474302,-0.900457,0.214534,-0.119461
1.250000,-0.037715,-0.296995,0.472021,-0.901759,0.214056,-0.118848
1.260000,-0.037526,-0.295258,0.469750,-0.903052,0.213580,-0.118239
1.270000,-0.037339,-0.293535,0.467489,-0.904339,0.213105,-0.117633
1.280000,-0.037152,-0.291824,0.465238,-0.905617,0.212632,-0.117030
1.290000,-0.036966,-0.290126,0.462997,-0.906888,0.212159,-0.116430
1.300000,-0.036781,-0.288441,0.460766,-0.908152,0.211688,-0.115834
1.310000,-0.036597,-0.286769,0.458546,-0.909408,0.211218,-0.115241
1.320000,-0.036414,-0.285108,0.456335,-0.910656,0.210750,-0.114651
1.330000,-0.036232,-0.283460,0.454134,-0.911897,0.210283,-0.114064
1.340000,-0.036051,-0.281824,0.451943,-0.913131,0.209816,-0.113481
1.350000,-0.035871,-0.280200,0.449762,-0.914357,0.209352,-0.112900
1.360000,-0.035692,-0.278588,0.447591,-0.915577,0.208888,-0.112323
1.370000,-0.035513,-0.276987,0.445429,-0.916789,0.208426,-0.111749
1.380000,-0.035335,-0.275398,0.443277,-0.917993,0.207964,-0.111177
1.390000,-0.035159,-0.273821,0.441135,-0.919191,0.207504,-0.110609
1.400000,-0.034983,-0.272255,0.439003,-0.920381,0.207046,-0.110044
1.410000,-0.034808,-0.270700,0.436880,-0.921564,0.206588,-0.109482
1.420000,-0.034634,-0.269156,0.434767,-0.922741,0.206132,-0.108923
1.430000,-0.034461,-0.267623,0.432663,-0.923910,0.205677,-0.108367
1.440000,-0.034289,-0.266101,0.430569,-0.925072,0.205223,-0.107814
1.450000,-0.034117,-0.264589,0.428485,-0.926227,0.204770,-0.107264
1.460000,-0.033947,-0.263089,0.426409,-0.927376,0.204318,-0.106717
1.470000,-0.033777,-0.261598,0.424344,-0.928517,0.203868,-0.106172
1.480000,-0.033608,-0.260119,0.422288,-0.929652,0.203419,-0.105631
1.490000,-0.033440,-0.258649,0.420241,-0.930780,0.202971,-0.105093
1.500000,-0.033273,-0.257190,0.418203,-0.931901,0.202524,-0.104557
1.510000,-0.033107,-0.255741,0.416175,-0.933015,0.202078,-0.104024
1.520000,-0.032941,-0.254302,0.414156,-0.934123,0.201634,-0.103494
1.530000,-0.032777,-0.252872,0.412147,-0.935224,0.201190,-0.102967
1.540000,-0.032613,-0.251453,0.410146,-0.936318,0.200748,-0.102443
1.550000,-0.032450,-0.250043,0.408155,-0.937406,0.200307,-0.101921
1.560000,-0.032288,-0.248643,0.406173,-0.938488,0.199867,-0.101402
1.570000,-0.032126,-0.247252,0.404200,-0.939562,0.199428,-0.100886
1.580000,-0.031966,-0.245871,0.402236,-0.940631,0.198990,-0.100373
1.590000,-0.031806,-0.244499,0.400281,-0.941693,0.198554,-0.099862
1.600000,-0.031647,-0.243137,0.398335,-0.942748,0.198118,-0.099354
1.610000,-0.031489,-0.241783,0.396398,-0.943797,0.197684,-0.098849
1.620000,-0.031331,-0.240439,0.394470,-0.944840,0.197251,-0.098347
1.630000,-0.031175,-0.239103,0.392551,-0.945877,0.196819,-0.097847
1.640000,-0.031019,-0.237777,0.390640,-0.946907,0.196388,-0.097349
1.650000,-0.030864,-0.236459,0.388739,-0.947931,0.195958,-0.096855
1.660000,-0.030710,-0.235150,0.386846,-0.948949,0.195529,-0.096363
1.670000,-0.030556,-0.233850,0.384962,-0.949961,0.195102,-0.095873
1.680000,-0.030404,-0.232558,0.383087,-0.950966,0.194675,-0.095386
1.690000,-0.030252,-0.231275,0.381221,-0.951966,0.194250,-0.094902
1.700000,-0.030101,-0.230000,0.379363,-0.952959,0.193825,-0.094420
1.710000,-0.029950,-0.228734,0.377514,-0.953947,0.193402,-0.093941
1.720000,-0.029801,-0.227476,0.375673,-0.954928,0.192980,-0.093464
1.730000,-0.029652,-0.226226,0.373841,-0.955904,0.192559,-0.092990
1.740000,-0.029504,-0.224984,0.372018,-0.956873,0.192138,-0.092518
1.750000,-0.029356,-0.223750,0.370203,-0.957837,0.191719,-0.092049
1.760000,-0.029209,-0.222524,0.368396,-0.958795,0.191302,-0.091582
1.770000,-0.029064,-0.221306,0.366598,-0.959747,0.190885,-0.091118
1.780000,-0.028918,-0.220096,0.364808,-0.960693,0.190469,-0.090656
1.790000,-0.028774,-0.218894,0.363027,-0.961634,0.190054,-0.090196
1.800000,-0.028630,-0.217699,0.361254,-0.962568,0.189640,-0.089739
1.810000,-0.028487,-0.216512,0.359489,-0.963498,0.189228,-0.089284
1.820000,-0.028345,-0.215333,0.357732,-0.964421,0.188816,-0.088832
1.830000,-0.028203,-0.214161,0.355984,-0.965339,0.188406,-0.088382
1.840000,-0.028062,-0.212996,0.354244,-0.966251,0.187996,-0.087934
1.850000,-0.027922,-0.211839,0.352512,-0.967158,0.187588,-0.087489
1.860000,-0.027783,-0.210689,0.350788,-0.968059,0.187180,-0.087046
1.870000,-0.027644,-0.209546,0.349073,-0.968954,0.186774,-0.086605
1.880000,-0.027506,-0.208411,0.347365,-0.969845,0.186368,-0.086167
1.890000,-0.027368,-0.207282,0.345665,-0.970729,0.185964,-0.085731
1.900000,-0.027232,-0.206161,0.343974,-0.971609,0.185560,-0.085297
1.910000,-0.027096,-0.205047,0.342290,-0.972483,0.185158,-0.084866
1.920000,-0.026960,-0.203939,0.340614,-0.973351,0.184757,-0.084436
1.930000,-0.026826,-0.202839,0.338946,-0.974215,0.184356,-0.084009
1.940000,-0.026692,-0.201745,0.337286,-0.975073,0.183957,-0.083584
1.950000,-0.026558,-0.200658,0.335634,-0.975925,0.183559,-0.083162
1.960000,-0.026426,-0.199578,0.333990,-0.976773,0.183161,-0.082741
1.970000,-0.026294,-0.198505,0.332353,-0.977615,0.182765,-0.082323
1.980000,-0.026162,-0.197438,0.330724,-0.978452,0.182369,-0.081907
1.990000,-0.026032,-0.196377,0.329103,-0.979285,0.181975,-0.081493
2.000000,-0.025902,-0.195323,0.327490,-0.980112,0.181582,-0.081081
2.010000,-0.025772,-0.194276,0.325884,-0.980933,0.181189,-0.080671
2.020000,-0.025644,-0.193235,0.324286,-0.981750,0.180798,-0.080264
2.030000,-0.025516,-0.192200,0.322695,-0.982562,0.180407,-0.079858
2.040000,-0.025388,-0.191172,0.321112,-0.983369,0.180018,-0.079455
2.050000,-0.025261,-0.190149,0.319536,-0.984171,0.179629,-0.079054
2.060000,-0.025135,-0.189133,0.317968,-0.984968,0.179241,-0.078655
2.070000,-0.025010,-0.188124,0.316407,-0.985760,0.178855,-0.078257
2.080000,-0.024885,-0.187120,0.314854,-0.986547,0.178469,-0.077862
2.090000,-0.024761,-0.186122,0.313308,-0.987329,0.178084,-0.077469
2.100000,-0.024637,-0.185130,0.311770,-0.988107,0.177701,-0.077078
2.110000,-0.024514,-0.184145,0.310238,-0.988880,0.177318,-0.076689
2.120000,-0.024392,-0.183165,0.308714,-0.989648,0.176936,-0.076303
2.130000,-0.024270,-0.182191,0.307198,-0.990411,0.176555,-0.075918
2.140000,-0.024149,-0.181223,0.305688,-0.991170,0.176175,-0.075535
2.150000,-0.024028,-0.180260,0.304186,-0.991923,0.175796,-0.075154
2.160000,-0.023908,-0.179303,0.302691,-0.992673,0.175418,-0.074775
2.170000,-0.023789,-0.178352,0.301203,-0.993417,0.175040,-0.074397
2.180000,-0.023670,-0.177407,0.299722,-0.994157,0.174664,-0.074022
2.190000,-0.023552,-0.176467,0.298248,-0.994893,0.174289,-0.073649
2.200000,-0.023434,-0.175533,0.296781,-0.995624,0.173914,-0.073278
2.210000,-0.023317,-0.174604,0.295322,-0.996350,0.173541,-0.072908
2.220000,-0.023201,-0.173681,0.293869,-0.997072,0.173168,-0.072541
2.230000,-0.023085,-0.172763,0.292423,-0.997789,0.172796,-0.072175
2.240000,-0.022970,-0.171851,0.290984,-0.998502,0.172426,-0.071812
2.250000,-0.022855,-0.170944,0.289552,-0.999211,0.172056,-0.071450
2.260000,-0.022741,-0.170042,0.288127,-0.999915,0.171687,-0.071090
2.270000,-0.022627,-0.169145,0.286708,-1.000615,0.171319,-0.070732
2.280000,-0.022514,-0.168254,0.285297,-1.001311,0.170951,-0.070376
2.290000,-0.022402,-0.167368,0.283892,-1.002002,0.170585,-0.070021
2.300000,-0.022290,-0.166487,0.282494,-1.002689,0.170220,-0.069668
2.310000,-0.022179,-0.165611,0.281103,-1.003372,0.169855,-0.069318
2.320000,-0.022068,-0.164740,0.279718,-1.004050,0.169492,-0.068969
2.330000,-0.021958,-0.163875,0.278340,-1.004724,0.169129,-0.068621
2.340000,-0.021848,-0.163014,0.276969,-1.005394,0.168767,-0.068276
2.350000,-0.021739,-0.162158,0.275604,-1.006060,0.168406,-0.067932
2.360000,-0.021631,-0.161308,0.274246,-1.006722,0.168046,-0.067590
2.370000,-0.021523,-0.160462,0.272894,-1.007380,0.167686,-0.067250
2.380000,-0.021415,-0.159621,0.271549,-1.008033,0.167328,-0.066912
2.390000,-0.021308,-0.158785,0.270210,-1.008683,0.166970,-0.066575
2.400000,-0.021202,-0.157953,0.268878,-1.009328,0.166614,-0.066240
2.410000,-0.021096,-0.157126,0.267552,-1.009970,0.166258,-0.065907
2.420000,-0.020991,-0.156305,0.266232,-1.010607,0.165903,-0.065575
2.430000,-0.020886,-0.155487,0.264919,-1.011241,0.165549,-0.065245
2.440000,-0.020782,-0.154675,0.263613,-1.011870,0.165196,-0.064917
2.450000,-0.020678,-0.153867,0.262312,-1.012496,0.164843,-0.064591
2.460000,-0.020575,-0.153064,0.261018,-1.013118,0.164492,-0.064266
2.470000,-0.020472,-0.152265,0.259730,-1.013736,0.164141,-0.063943
2.480000,-0.020370,-0.151471,0.258448,-1.014350,0.163791,-0.063621
2.490000,-0.020268,-0.150681,0.257173,-1.014960,0.163442,-0.063301
2.500000,-0.020167,-0.149896,0.255903,-1.015567,0.163094,-0.062983
2.510000,-0.020066,-0.149115,0.254640,-1.016169,0.162746,-0.062667
2.520000,-0.019966,-0.148338,0.253383,-1.016768,0.162400,-0.062352
2.530000,-0.019867,-0.147566,0.252132,-1.017363,0.162054,-0.062038
2.540000,-0.019767,-0.146799,0.250887,-1.017955,0.161709,-0.061726
2.550000,-0.019669,-0.146035,0.249648,-1.018543,0.161365,-0.061416
2.560000,-0.019571,-0.145276,0.248415,-1.019127,0.161022,-0.061108
2.570000,-0.019473,-0.144521,0.247188,-1.019707,0.160680,-0.060801
2.580000,-0.019376,-0.143771,0.245967,-1.020284,0.160338,-0.060495
2.590000,-0.019279,-0.143024,0.244752,-1.020857,0.159997,-0.060191
2.600000,-0.019183,-0.142282,0.243542,-1.021427,0.159657,-0.059889
2.610000,-0.019087,-0.141544,0.242339,-1.021993,0.159318,-0.059588
2.620000,-0.018992,-0.140810,0.241141,-1.022556,0.158980,-0.059289
2.630000,-0.018897,-0.140080,0.239950,-1.023115,0.158642,-0.058991
2.640000,-0.018803,-0.139355,0.238764,-1.023670,0.158305,-0.058695
2.650000,-0.018709,-0.138633,0.237583,-1.024222,0.157969,-0.058400
2.660000,-0.018615,-0.137915,0.236409,-1.024771,0.157634,-0.058107
2.670000,-0.018522,-0.137201,0.235240,-1.025316,0.157300,-0.057815
2.680000,-0.018430,-0.136492,0.234077,-1.025858,0.156966,-0.057525
2.690000,-0.018338,-0.135786,0.232920,-1.026397,0.156634,-0.057236
2.700000,-0.018247,-0.135084,0.231768,-1.026932,0.156301,-0.056949
2.710000,-0.018155,-0.134386,0.230621,-1.027463,0.155970,-0.056663
2.720000,-0.018065,-0.133692,0.229481,-1.027992,0.155640,-0.056378
2.730000,-0.017975,-0.133001,0.228346,-1.028517,0.155310,-0.056095
2.740000,-0.017885,-0.132315,0.227216,-1.029039,0.154981,-0.055814
2.750000,-0.017796,-0.131632,0.226092,-1.029557,0.154653,-0.055534
2.760000,-0.017707,-0.130953,0.224973,-1.030072,0.154326,-0.055255
2.770000,-0.017619,-0.130278,0.223860,-1.030584,0.153999,-0.054978
2.780000,-0.017531,-0.129606,0.222752,-1.031093,0.153673,-0.054702
2.790000,-0.017443,-0.128938,0.221650,-1.031599,0.153348,-0.054428
2.800000,-0.017356,-0.128274,0.220553,-1.032101,0.153024,-0.054155
2.810000,-0.017269,-0.127613,0.219461,-1.032601,0.152701,-0.053883
2.820000,-0.017183,-0.126956,0.218375,-1.033097,0.152378,-0.053613
2.830000,-0.017098,-0.126303,0.217294,-1.033590,0.152056,-0.053344
2.840000,-0.017012,-0.125653,0.216218,-1.034080,0.151735,-0.053076
2.850000,-0.016927,-0.125007,0.215148,-1.034567,0.151414,-0.052810
2.860000,-0.016843,-0.124364,0.214082,-1.035050,0.151094,-0.052545
2.870000,-0.016759,-0.123725,0.213022,-1.035531,0.150775,-0.052282
2.880000,-0.016675,-0.123089,0.211967,-1.036009,0.150457,-0.052019
2.890000,-0.016592,-0.122457,0.210918,-1.036484,0.150140,-0.051759
2.900000,-0.016509,-0.121828,0.209873,-1.036956,0.149823,-0.051499
2.910000,-0.016427,-0.121202,0.208833,-1.037424,0.149507,-0.051241
2.920000,-0.016345,-0.120580,0.207799,-1.037890,0.149192,-0.050984
2.930000,-0.016263,-0.119962,0.206770,-1.038353,0.148877,-0.050728
2.940000,-0.016182,-0.119346,0.205745,-1.038813,0.148563,-0.050474
2.950000,-0.016101,-0.118734,0.204726,-1.039270,0.148250,-0.050221
2.960000,-0.016021,-0.118125,0.203711,-1.039725,0.147938,-0.049969
2.970000,-0.015941,-0.117520,0.202702,-1.040176,0.147626,-0.049719
2.980000,-0.015861,-0.116918,0.201697,-1.040625,0.147315,-0.049470
2.990000,-0.015782,-0.116319,0.200698,-1.041070,0.147005,-0.049222
3.000000,-0.015704,-0.115723,0.199703,-1.041513,0.146695,-0.048975
3.010000,-0.015625,-0.115131,0.198713,-1.041954,0.146387,-0.048730
3.020000,-0.015547,-0.114541,0.197728,-1.042391,0.146079,-0.048485
3.030000,-0.015470,-0.113955,0.196748,-1.042826,0.145771,-0.048242
3.040000,-0.015392,-0.113372,0.195773,-1.043257,0.145465,-0.048001
3.050000,-0.015316,-0.112793,0.194802,-1.043687,0.145159,-0.047760
3.060000,-0.015239,-0.112216,0.193836,-1.044113,0.144854,-0.047521
3.070000,-0.015163,-0.111642,0.192875,-1.044537,0.144549,-0.047283
3.080000,-0.015088,-0.111072,0.191919,-1.044958,0.144245,-0.047046
3.090000,-0.015012,-0.110504,0.190967,-1.045376,0.143942,-0.046810
3.100000,-0.014937,-0.109940,0.190020,-1.045792,0.143640,-0.046576
3.110000,-0.014863,-0.109378,0.189078,-1.046205,0.143338,-0.046343
3.120000,-0.014789,-0.108820,0.188140,-1.046616,0.143037,-0.046110
3.130000,-0.014715,-0.108264,0.187207,-1.047024,0.142737,-0.045879
3.140000,-0.014641,-0.107712,0.186278,-1.047429,0.142437,-0.045650
3.150000,-0.014568,-0.107162,0.185354,-1.047832,0.142138,-0.045421
3.160000,-0.014496,-0.106616,0.184435,-1.048233,0.141840,-0.045194
3.170000,-0.014423,-0.106072,0.183520,-1.048630,0.141542,-0.044967
3.180000,-0.014351,-0.105531,0.182609,-1.049026,0.141246,-0.044742
3.190000,-0.014280,-0.104993,0.181703,-1.049418,0.140949,-0.044518
3.200000,-0.014209,-0.104458,0.180802,-1.049809,0.140654,-0.044295
3.210000,-0.014138,-0.103926,0.179905,-1.050197,0.140359,-0.044073
3.220000,-0.014067,-0.103396,0.179012,-1.050582,0.140065,-0.043853
3.230000,-0.013997,-0.102870,0.178123,-1.050965,0.139771,-0.043633
3.240000,-0.013927,-0.102346,0.177239,-1.051345,0.139479,-0.043415
3.250000,-0.013858,-0.101825,0.176360,-1.051724,0.139186,-0.043197
3.260000,-0.013788,-0.101307,0.175484,-1.052099,0.138895,-0.042981
3.270000,-0.013720,-0.100791,0.174613,-1.052473,0.138604,-0.042766
3.280000,-0.013651,-0.100278,0.173747,-1.052844,0.138314,-0.042552
3.290000,-0.013583,-0.099768,0.172884,-1.053212,0.138024,-0.042339
3.300000,-0.013515,-0.099261,0.172026,-1.053579,0.137736,-0.042127
3.310000,-0.013448,-0.098756,0.171172,-1.053943,0.137447,-0.041916
3.320000,-0.013381,-0.098254,0.170322,-1.054304,0.137160,-0.041706
3.330000,-0.013314,-0.097754,0.169476,-1.054664,0.136873,-0.041498
3.340000,-0.013248,-0.097258,0.168635,-1.055021,0.136587,-0.041290
3.350000,-0.013182,-0.096763,0.167798,-1.055376,0.136301,-0.041083
3.360000,-0.013116,-0.096272,0.166964,-1.055728,0.136016,-0.040878
3.370000,-0.013050,-0.095783,0.166135,-1.056079,0.135732,-0.040673
3.380000,-0.012985,-0.095297,0.165310,-1.056427,0.135449,-0.040470
3.390000,-0.012920,-0.094813,0.164489,-1.056773,0.135166,-0.040267
3.400000,-0.012856,-0.094331,0.163672,-1.057117,0.134883,-0.040066
3.410000,-0.012792,-0.093853,0.162859,-1.057458,0.134602,-0.039865
3.420000,-0.012728,-0.093376,0.162051,-1.057798,0.134321,-0.039666
3.430000,-0.012664,-0.092903,0.161246,-1.058135,0.134040,-0.039467
3.440000,-0.012601,-0.092431,0.160445,-1.058470,0.133760,-0.039270
3.450000,-0.012538,-0.091962,0.159648,-1.058803,0.133481,-0.039073
3.460000,-0.012476,-0.091496,0.158855,-1.059134,0.133203,-0.038878
3.470000,-0.012414,-0.091032,0.158065,-1.059463,0.132925,-0.038683
3.480000,-0.012352,-0.090571,0.157280,-1.059790,0.132648,-0.038490
3.490000,-0.012290,-0.090112,0.156499,-1.060114,0.132371,-0.038297
3.500000,-0.012229,-0.089655,0.155721,-1.060437,0.132095,-0.038106
3.510000,-0.012168,-0.089201,0.154947,-1.060758,0.131820,-0.037915
3.520000,-0.012107,-0.088749,0.154177,-1.061076,0.131545,-0.037726
3.530000,-0.012047,-0.088299,0.153411,-1.061393,0.131271,-0.037537
3.540000,-0.011987,-0.087852,0.152649,-1.061707,0.130997,-0.037349
3.550000,-0.011927,-0.087407,0.151890,-1.062020,0.130724,-0.037162
3.560000,-0.011867,-0.086965,0.151136,-1.062330,0.130452,-0.036977
3.570000,-0.011808,-0.086524,0.150385,-1.062639,0.130180,-0.036792
3.580000,-0.011749,-0.086086,0.149637,-1.062945,0.129909,-0.036608
3.590000,-0.011691,-0.085651,0.148893,-1.063250,0.129639,-0.036425
3.600000,-0.011632,-0.085217,0.148153,-1.063553,0.129369,-0.036242
3.610000,-0.011574,-0.084786,0.147417,-1.063853,0.129100,-0.036061
3.620000,-0.011516,-0.084357,0.146684,-1.064152,0.128831,-0.035881
3.630000,-0.011459,-0.083931,0.145955,-1.064449,0.128563,-0.035701
3.640000,-0.011402,-0.083506,0.145230,-1.064744,0.128296,-0.035523
3.650000,-0.011345,-0.083084,0.144508,-1.065038,0.128029,-0.035345
3.660000,-0.011288,-0.082664,0.143789,-1.065329,0.127763,-0.035169
3.670000,-0.011232,-0.082246,0.143074,-1.065618,0.127497,-0.034993
3.680000,-0.011176,-0.081830,0.142363,-1.065906,0.127232,-0.034818
3.690000,-0.011120,-0.081417,0.141655,-1.066192,0.126968,-0.034644
3.700000,-0.011065,-0.081005,0.140951,-1.066476,0.126704,-0.034471
3.710000,-0.011010,-0.080596,0.140250,-1.066758,0.126441,-0.034298
3.720000,-0.010955,-0.080189,0.139553,-1.067039,0.126178,-0.034127
3.730000,-0.010900,-0.079784,0.138859,-1.067317,0.125916,-0.033956
3.740000,-0.010846,-0.079381,0.138168,-1.067594,0.125654,-0.033786
3.750000,-0.010791,-0.078980,0.137481,-1.067869,0.125393,-0.033617
3.760000,-0.010738,-0.078581,0.136798,-1.068142,0.125133,-0.033449
3.770000,-0.010684,-0.078185,0.136117,-1.068414,0.124873,-0.033282
3.780000,-0.010631,-0.077790,0.135440,-1.068684,0.124614,-0.033116
3.790000,-0.010578,-0.077397,0.134767,-1.068952,0.124356,-0.032950
3.800000,-0.010525,-0.077007,0.134097,-1.069219,0.124098,-0.032786
3.810000,-0.010472,-0.076618,0.133430,-1.069483,0.123840,-0.032622
3.820000,-0.010420,-0.076232,0.132766,-1.069746,0.123583,-0.032459
3.830000,-0.010368,-0.075847,0.132106,-1.070008,0.123327,-0.032297
3.840000,-0.010317,-0.075464,0.131449,-1.070268,0.123071,-0.032135
3.850000,-0.010265,-0.075084,0.130795,-1.070526,0.122816,-0.031974
3.860000,-0.010214,-0.074705,0.130144,-1.070782,0.122562,-0.031815
3.870000,-0.010163,-0.074328,0.129497,-1.071037,0.122307,-0.031656
3.880000,-0.010112,-0.073954,0.128853,-1.071290,0.122054,-0.031498
3.890000,-0.010062,-0.073581,0.128212,-1.071542,0.121801,-0.031340
3.900000,-0.010012,-0.073210,0.127574,-1.071792,0.121549,-0.031183
3.910000,-0.009962,-0.072841,0.126939,-1.072040,0.121297,-0.031028
3.920000,-0.009912,-0.072474,0.126308,-1.072287,0.121046,-0.030873
3.930000,-0.009862,-0.072108,0.125679,-1.072532,0.120795,-0.030718
3.940000,-0.009813,-0.071745,0.125054,-1.072776,0.120545,-0.030565
3.950000,-0.009764,-0.071384,0.124432,-1.073018,0.120295,-0.030412
3.960000,-0.009716,-0.071024,0.123813,-1.073258,0.120047,-0.030260
3.970000,-0.009667,-0.070666,0.123197,-1.073497,0.119798,-0.030109
3.980000,-0.009619,-0.070310,0.122584,-1.073735,0.119550,-0.029959
3.990000,-0.009571,-0.069956,0.121974,-1.073971,0.119303,-0.029809
4.000000,-0.009523,-0.069604,0.121367,-1.074205,0.119056,-0.029660
4.010000,-0.009476,-0.069253,0.120763,-1.074438,0.118810,-0.029512
4.020000,-0.009428,-0.068905,0.120162,-1.074670,0.118564,-0.029364
4.030000,-0.009381,-0.068558,0.119564,-1.074900,0.118319,-0.029218
4.040000,-0.009335,-0.068213,0.118969,-1.075129,0.118074,-0.029072
4.050000,-0.009288,-0.067869,0.118377,-1.075356,0.117830,-0.028926
4.060000,-0.009242,-0.067528,0.117788,-1.075581,0.117587,-0.028782
4.070000,-0.009196,-0.067188,0.117201,-1.075806,0.117344,-0.028638
4.080000,-0.009150,-0.066850,0.116618,-1.076028,0.117101,-0.028495
4.090000,-0.009104,-0.066513,0.116038,-1.076250,0.116859,-0.028353
4.100000,-0.009059,-0.066179,0.115460,-1.076470,0.116618,-0.028211
4.110000,-0.009013,-0.065846,0.114886,-1.076688,0.116377,-0.028070
4.120000,-0.008969,-0.065515,0.114314,-1.076905,0.116137,-0.027930
4.130000,-0.008924,-0.065185,0.113745,-1.077121,0.115897,-0.027790
4.140000,-0.008879,-0.064857,0.113179,-1.077336,0.115657,-0.027652
4.150000,-0.008835,-0.064531,0.112615,-1.077549,0.115419,-0.027513
4.160000,-0.008791,-0.064206,0.112055,-1.077760,0.115180,-0.027376
4.170000,-0.008747,-0.063884,0.111497,-1.077971,0.114943,-0.027239
4.180000,-0.008703,-0.063562,0.110942,-1.078180,0.114705,-0.027103
4.190000,-0.008660,-0.063243,0.110390,-1.078387,0.114469,-0.026968
4.200000,-0.008617,-0.062925,0.109840,-1.078594,0.114233,-0.026833
4.210000,-0.008574,-0.062609,0.109293,-1.078799,0.113997,-0.026699
4.220000,-0.008531,-0.062294,0.108749,-1.079002,0.113762,-0.026566
4.230000,-0.008489,-0.061981,0.108208,-1.079205,0.113527,-0.026433
4.240000,-0.008446,-0.061669,0.107669,-1.079406,0.113293,-0.026301
4.250000,-0.008404,-0.061359,0.107133,-1.079606,0.113060,-0.026170
4.260000,-0.008362,-0.061051,0.106600,-1.079804,0.112826,-0.026039
4.270000,-0.008320,-0.060744,0.106069,-1.080001,0.112594,-0.025909
4.280000,-0.008279,-0.060439,0.105541,-1.080197,0.112362,-0.025780
4.290000,-0.008238,-0.060136,0.105015,-1.080392,0.112130,-0.025651
4.300000,-0.008197,-0.059834,0.104493,-1.080586,0.111899,-0.025523
4.310000,-0.008156,-0.059533,0.103972,-1.080778,0.111669,-0.025395
4.320000,-0.008115,-0.059234,0.103455,-1.080969,0.111439,-0.025268
4.330000,-0.008074,-0.058936,0.102939,-1.081159,0.111209,-0.025142
4.340000,-0.008034,-0.058641,0.102427,-1.081347,0.110980,-0.025017
4.350000,-0.007994,-0.058346,0.101917,-1.081535,0.110752,-0.024892
4.360000,-0.007954,-0.058053,0.101409,-1.081721,0.110524,-0.024767
4.370000,-0.007915,-0.057762,0.100904,-1.081906,0.110296,-0.024644
4.380000,-0.007875,-0.057472,0.100402,-1.082090,0.110069,-0.024521
4.390000,-0.007836,-0.057183,0.099902,-1.082272,0.109842,-0.024398
4.400000,-0.007797,-0.056896,0.099404,-1.082454,0.109616,-0.024276
4.410000,-0.007758,-0.056610,0.098909,-1.082634,0.109391,-0.024155
4.420000,-0.007719,-0.056326,0.098417,-1.082813,0.109166,-0.024035
4.430000,-0.007681,-0.056044,0.097927,-1.082991,0.108941,-0.023915
4.440000,-0.007642,-0.055762,0.097439,-1.083168,0.108717,-0.023795
4.450000,-0.007604,-0.055483,0.096954,-1.083344,0.108493,-0.023676
4.460000,-0.007566,-0.055204,0.096471,-1.083519,0.108270,-0.023558
4.470000,-0.007529,-0.054927,0.095991,-1.083692,0.108048,-0.023441
4.480000,-0.007491,-0.054652,0.095512,-1.083865,0.107826,-0.023323
4.490000,-0.007454,-0.054377,0.095037,-1.084036,0.107604,-0.023207
4.500000,-0.007416,-0.054105,0.094563,-1.084206,0.107383,-0.023091
4.510000,-0.007379,-0.053833,0.094092,-1.084375,0.107162,-0.022976
4.520000,-0.007343,-0.053563,0.093624,-1.084543,0.106942,-0.022861
4.530000,-0.007306,-0.053294,0.093158,-1.084710,0.106722,-0.022747
4.540000,-0.007270,-0.053027,0.092694,-1.084876,0.106503,-0.022633
4.550000,-0.007233,-0.052761,0.092232,-1.085041,0.106284,-0.022520
4.560000,-0.007197,-0.052497,0.091772,-1.085205,0.106066,-0.022408
4.570000,-0.007161,-0.052233,0.091315,-1.085367,0.105848,-0.022296
4.580000,-0.007126,-0.051971,0.090860,-1.085529,0.105630,-0.022185
4.590000,-0.007090,-0.051711,0.090408,-1.085690,0.105414,-0.022074
4.600000,-0.007055,-0.051452,0.089958,-1.085849,0.105197,-0.021964
4.610000,-0.007019,-0.051194,0.089509,-1.086008,0.104981,-0.021854
4.620000,-0.006984,-0.050937,0.089064,-1.086166,0.104766,-0.021745
4.630000,-0.006950,-0.050682,0.088620,-1.086322,0.104551,-0.021637
4.640000,-0.006915,-0.050427,0.088178,-1.086478,0.104336,-0.021529
4.650000,-0.006880,-0.050175,0.087739,-1.086632,0.104122,-0.021421
4.660000,-0.006846,-0.049923,0.087302,-1.086786,0.103908,-0.021314
4.670000,-0.006812,-0.049673,0.086867,-1.086939,0.103695,-0.021208
4.680000,-0.006778,-0.049424,0.086434,-1.087090,0.103482,-0.021102
4.690000,-0.006744,-0.049176,0.086004,-1.087241,0.103270,-0.020997
4.700000,-0.006711,-0.048930,0.085575,-1.087390,0.103058,-0.020892
4.710000,-0.006677,-0.048685,0.085149,-1.087539,0.102847,-0.020787
4.720000,-0.006644,-0.048441,0.084725,-1.087687,0.102636,-0.020684
4.730000,-0.006611,-0.048198,0.084303,-1.087834,0.102426,-0.020580
4.740000,-0.006578,-0.047956,0.083883,-1.087980,0.102216,-0.020478
4.750000,-0.006545,-0.047716,0.083465,-1.088125,0.102006,-0.020375
4.760000,-0.006512,-0.047477,0.083049,-1.088269,0.101797,-0.020274
4.770000,-0.006480,-0.047239,0.082635,-1.088412,0.101588,-0.020173
4.780000,-0.006447,-0.047003,0.082224,-1.088554,0.101380,-0.020072
4.790000,-0.006415,-0.046767,0.081814,-1.088695,0.101172,-0.019972
4.800000,-0.006383,-0.046533,0.081406,-1.088836,0.100965,-0.019872
4.810000,-0.006351,-0.046300,0.081001,-1.088975,0.100758,-0.019773
4.820000,-0.006320,-0.046068,0.080597,-1.089114,0.100552,-0.019674
4.830000,-0.006288,-0.045837,0.080196,-1.089251,0.100346,-0.019576
4.840000,-0.006257,-0.045608,0.079796,-1.089388,0.100140,-0.019478
4.850000,-0.006226,-0.045379,0.079398,-1.089524,0.099935,-0.019381
4.860000,-0.006195,-0.045152,0.079003,-1.089659,0.099731,-0.019284
4.870000,-0.006164,-0.044926,0.078609,-1.089793,0.099527,-0.019188
4.880000,-0.006133,-0.044701,0.078217,-1.089927,0.099323,-0.019092
4.890000,-0.006102,-0.044477,0.077828,-1.090059,0.099119,-0.018997
4.900000,-0.006072,-0.044254,0.077440,-1.090191,0.098917,-0.018902
4.910000,-0.006042,-0.044033,0.077054,-1.090321,0.098714,-0.018808
4.920000,-0.006012,-0.043812,0.076670,-1.090451,0.098512,-0.018714
4.930000,-0.005982,-0.043593,0.076288,-1.090581,0.098311,-0.018621
4.940000,-0.005952,-0.043375,0.075908,-1.090709,0.098109,-0.018528
4.950000,-0.005922,-0.043158,0.075530,-1.090836,0.097909,-0.018435
4.960000,-0.005892,-0.042942,0.075153,-1.090963,0.097708,-0.018343
4.970000,-0.005863,-0.042727,0.074779,-1.091089,0.097508,-0.018252
4.980000,-0.005834,-0.042513,0.074406,-1.091214,0.097309,-0.018160
4.990000,-0.005805,-0.042300,0.074035,-1.091338,0.097110,-0.018070
5.000000,-0.005776,-0.042088,0.073666,-1.091461,0.096911,-0.017980
5.010000,-0.005747,-0.041878,0.073299,-1.091584,0.096713,-0.017890
5.020000,-0.005718,-0.041668,0.072934,-1.091706,0.096516,-0.017801
5.030000,-0.005690,-0.041459,0.072571,-1.091827,0.096318,-0.017712
5.040000,-0.005661,-0.041252,0.072209,-1.091947,0.096121,-0.017623
5.050000,-0.005633,-0.041046,0.071849,-1.092067,0.095925,-0.017535
5.060000,-0.005605,-0.040840,0.071491,-1.092185,0.095729,-0.017448
5.070000,-0.005577,-0.040636,0.071135,-1.092303,0.095533,-0.017361
5.080000,-0.005549,-0.040432,0.070780,-1.092421,0.095338,-0.017274
5.090000,-0.005522,-0.040230,0.070427,-1.092537,0.095143,-0.017188
5.100000,-0.005494,-0.040029,0.070077,-1.092653,0.094949,-0.017102
5.110000,-0.005467,-0.039829,0.069727,-1.092768,0.094755,-0.017017
5.120000,-0.005439,-0.039629,0.069380,-1.092882,0.094561,-0.016932
5.130000,-0.005412,-0.039431,0.069034,-1.092996,0.094368,-0.016847
5.140000,-0.005385,-0.039234,0.068690,-1.093108,0.094175,-0.016763
5.150000,-0.005358,-0.039037,0.068348,-1.093220,0.093983,-0.016680
5.160000,-0.005332,-0.038842,0.068007,-1.093332,0.093791,-0.016597
5.170000,-0.005305,-0.038648,0.067668,-1.093442,0.093600,-0.016514
5.180000,-0.005279,-0.038455,0.067331,-1.093552,0.093409,-0.016431
5.190000,-0.005252,-0.038262,0.066995,-1.093662,0.093218,-0.016349
5.200000,-0.005226,-0.038071,0.066661,-1.093770,0.093028,-0.016268
5.210000,-0.005200,-0.037880,0.066329,-1.093878,0.092838,-0.016187
5.220000,-0.005174,-0.037691,0.065998,-1.093985,0.092648,-0.016106
5.230000,-0.005148,-0.037502,0.065669,-1.094091,0.092459,-0.016025
5.240000,-0.005123,-0.037315,0.065342,-1.094197,0.092271,-0.015945
5.250000,-0.005097,-0.037128,0.065017,-1.094302,0.092082,-0.015866
5.260000,-0.005072,-0.036942,0.064692,-1.094407,0.091895,-0.015787
5.270000,-0.005046,-0.036758,0.064370,-1.094510,0.091707,-0.015708
5.280000,-0.005021,-0.036574,0.064049,-1.094613,0.091520,-0.015630
5.290000,-0.004996,-0.036391,0.063730,-1.094716,0.091333,-0.015552
5.300000,-0.004971,-0.036209,0.063412,-1.094817,0.091147,-0.015474
5.310000,-0.004946,-0.036028,0.063096,-1.094919,0.090961,-0.015397
5.320000,-0.004922,-0.035848,0.062782,-1.095019,0.090776,-0.015320
5.330000,-0.004897,-0.035669,0.062469,-1.095119,0.090591,-0.015243
5.340000,-0.004873,-0.035490,0.062157,-1.095218,0.090406,-0.015167
5.350000,-0.004848,-0.035313,0.061848,-1.095316,0.090222,-0.015092
5.360000,-0.004824,-0.035136,0.061539,-1.095414,0.090038,-0.015016
5.370000,-0.004800,-0.034961,0.061233,-1.095512,0.089854,-0.014941
5.380000,-0.004776,-0.034786,0.060927,-1.095608,0.089671,-0.014867
5.390000,-0.004752,-0.034612,0.060624,-1.095704,0.089488,-0.014793
5.400000,-0.004729,-0.034439,0.060321,-1.095800,0.089306,-0.014719
5.410000,-0.004705,-0.034267,0.060021,-1.095894,0.089124,-0.014645
5.420000,-0.004682,-0.034095,0.059722,-1.095989,0.088942,-0.014572
5.430000,-0.004658,-0.033925,0.059424,-1.096082,0.088761,-0.014500
5.440000,-0.004635,-0.033755,0.059128,-1.096175,0.088580,-0.014427
5.450000,-0.004612,-0.033587,0.058833,-1.096267,0.088400,-0.014355
5.460000,-0.004589,-0.033419,0.058540,-1.096359,0.088220,-0.014284
5.470000,-0.004566,-0.033252,0.058248,-1.096450,0.088040,-0.014212
5.480000,-0.004543,-0.033085,0.057957,-1.096541,0.087861,-0.014142
5.490000,-0.004521,-0.032920,0.057669,-1.096631,0.087682,-0.014071
5.500000,-0.004498,-0.032756,0.057381,-1.096720,0.087503,-0.014001
5.510000,-0.004476,-0.032592,0.057095,-1.096809,0.087325,-0.013931
5.520000,-0.004453,-0.032429,0.056810,-1.096898,0.087147,-0.013861
5.530000,-0.004431,-0.032267,0.056527,-1.096985,0.086970,-0.013792
5.540000,-0.004409,-0.032106,0.056245,-1.097072,0.086793,-0.013723
5.550000,-0.004387,-0.031945,0.055965,-1.097159,0.086616,-0.013655
5.560000,-0.004365,-0.031785,0.055686,-1.097245,0.086440,-0.013587
5.570000,-0.004343,-0.031627,0.055408,-1.097330,0.086264,-0.013519
5.580000,-0.004322,-0.031469,0.055132,-1.097415,0.086089,-0.013452
5.590000,-0.004300,-0.031311,0.054857,-1.097500,0.085913,-0.013384
5.600000,-0.004279,-0.031155,0.054584,-1.097584,0.085739,-0.013318
5.610000,-0.004257,-0.030999,0.054312,-1.097667,0.085564,-0.013251
5.620000,-0.004236,-0.030844,0.054041,-1.097750,0.085390,-0.013185
5.630000,-0.004215,-0.030690,0.053772,-1.097832,0.085216,-0.013119
5.640000,-0.004194,-0.030537,0.053504,-1.097914,0.085043,-0.013054
5.650000,-0.004173,-0.030384,0.053237,-1.097995,0.084870,-0.012989
5.660000,-0.004152,-0.030232,0.052971,-1.098076,0.084697,-0.012924
5.670000,-0.004132,-0.030081,0.052707,-1.098156,0.084525,-0.012859
5.680000,-0.004111,-0.029931,0.052445,-1.098235,0.084353,-0.012795
5.690000,-0.004090,-0.029781,0.052183,-1.098314,0.084182,-0.012732
5.700000,-0.004070,-0.029633,0.051923,-1.098393,0.084011,-0.012668
5.710000,-0.004050,-0.029485,0.051664,-1.098471,0.083840,-0.012605
5.720000,-0.004030,-0.029337,0.051407,-1.098549,0.083669,-0.012542
5.730000,-0.004009,-0.029191,0.051150,-1.098626,0.083499,-0.012479
5.740000,-0.003989,-0.029045,0.050895,-1.098702,0.083330,-0.012417
5.750000,-0.003970,-0.028900,0.050642,-1.098779,0.083160,-0.012355
5.760000,-0.003950,-0.028755,0.050389,-1.098854,0.082991,-0.012293
5.770000,-0.003930,-0.028612,0.050138,-1.098929,0.082822,-0.012232
5.780000,-0.003910,-0.028469,0.049888,-1.099004,0.082654,-0.012171
5.790000,-0.003891,-0.028327,0.049639,-1.099078,0.082486,-0.012110
5.800000,-0.003872,-0.028185,0.049392,-1.099152,0.082319,-0.012050
5.810000,-0.003852,-0.028044,0.049145,-1.099225,0.082151,-0.011990
5.820000,-0.003833,-0.027904,0.048900,-1.099298,0.081984,-0.011930
5.830000,-0.003814,-0.027765,0.048657,-1.099370,0.081818,-0.011871
5.840000,-0.003795,-0.027626,0.048414,-1.099442,0.081652,-0.011811
5.850000,-0.003776,-0.027488,0.048173,-1.099513,0.081486,-0.011752
5.860000,-0.003757,-0.027351,0.047932,-1.099584,0.081320,-0.011694
5.870000,-0.003738,-0.027214,0.047693,-1.099655,0.081155,-0.011635
5.880000,-0.003720,-0.027078,0.047456,-1.099725,0.080990,-0.011577
5.890000,-0.003701,-0.026943,0.047219,-1.099794,0.080826,-0.011520
5.900000,-0.003683,-0.026808,0.046984,-1.099863,0.080662,-0.011462
5.910000,-0.003664,-0.026675,0.046749,-1.099932,0.080498,-0.011405
5.920000,-0.003646,-0.026541,0.046516,-1.100000,0.080335,-0.011348
5.930000,-0.003628,-0.026409,0.046284,-1.100068,0.080172,-0.011291
5.940000,-0.003610,-0.026277,0.046054,-1.100135,0.080009,-0.011235
5.950000,-0.003592,-0.026146,0.045824,-1.100202,0.079846,-0.011179
5.960000,-0.003574,-0.026015,0.045596,-1.100268,0.079684,-0.011123
5.970000,-0.003556,-0.025885,0.045368,-1.100334,0.079523,-0.011068
5.980000,-0.003538,-0.025756,0.045142,-1.100400,0.079361,-0.011013
5.990000,-0.003521,-0.025627,0.044917,-1.100465,0.079200,-0.010958
6.000000,-0.003503,-0.025499,0.044693,-1.100530,0.079039,-0.010903
6.010000,-0.003486,-0.025372,0.044470,-1.100594,0.078879,-0.010849
6.020000,-0.003468,-0.025245,0.044248,-1.100658,0.078719,-0.010794
6.030000,-0.003451,-0.025119,0.044028,-1.100722,0.078559,-0.010741
6.040000,-0.003434,-0.024994,0.043808,-1.100785,0.078400,-0.010687
6.050000,-0.003417,-0.024869,0.043590,-1.100848,0.078241,-0.010634
6.060000,-0.003400,-0.024745,0.043372,-1.100910,0.078082,-0.010581
6.070000,-0.003383,-0.024621,0.043156,-1.100972,0.077924,-0.010528
6.080000,-0.003366,-0.024498,0.042941,-1.101033,0.077766,-0.010475
6.090000,-0.003349,-0.024376,0.042727,-1.101094,0.077608,-0.010423
6.100000,-0.003332,-0.024254,0.042514,-1.101155,0.077451,-0.010371
6.110000,-0.003316,-0.024133,0.042302,-1.101216,0.077294,-0.010319
6.120000,-0.003299,-0.024013,0.042091,-1.101275,0.077137,-0.010268
6.130000,-0.003283,-0.023893,0.041881,-1.101335,0.076981,-0.010217
6.140000,-0.003266,-0.023773,0.041672,-1.101394,0.076824,-0.010166
6.150000,-0.003250,-0.023655,0.041465,-1.101453,0.076669,-0.010115
6.160000,-0.003234,-0.023537,0.041258,-1.101511,0.076513,-0.010065
6.170000,-0.003218,-0.023419,0.041052,-1.101569,0.076358,-0.010014
6.180000,-0.003202,-0.023302,0.040847,-1.101627,0.076203,-0.009964
6.190000,-0.003186,-0.023186,0.040644,-1.101684,0.076049,-0.009915
6.200000,-0.003170,-0.023070,0.040441,-1.101741,0.075895,-0.009865
6.210000,-0.003154,-0.022955,0.040239,-1.101798,0.075741,-0.009816
6.220000,-0.003138,-0.022840,0.040039,-1.101854,0.075587,-0.009767
6.230000,-0.003123,-0.022726,0.039839,-1.101910,0.075434,-0.009718
6.240000,-0.003107,-0.022613,0.039640,-1.101965,0.075281,-0.009670
6.250000,-0.003091,-0.022500,0.039443,-1.102020,0.075129,-0.009622
6.260000,-0.003076,-0.022387,0.039246,-1.102075,0.074977,-0.009574
6.270000,-0.003061,-0.022276,0.039050,-1.102130,0.074825,-0.009526
6.280000,-0.003045,-0.022164,0.038856,-1.102184,0.074673,-0.009478
6.290000,-0.003030,-0.022054,0.038662,-1.102237,0.074522,-0.009431
6.300000,-0.003015,-0.021944,0.038469,-1.102291,0.074371,-0.009384
6.310000,-0.003000,-0.021834,0.038277,-1.102344,0.074220,-0.009337
6.320000,-0.002985,-0.021725,0.038086,-1.102396,0.074070,-0.009291
6.330000,-0.002970,-0.021617,0.037897,-1.102449,0.073920,-0.009244
6.340000,-0.002955,-0.021509,0.037708,-1.102501,0.073770,-0.009198
6.350000,-0.002941,-0.021401,0.037520,-1.102552,0.073621,-0.009152
6.360000,-0.002926,-0.021295,0.037332,-1.102604,0.073472,-0.009107
6.370000,-0.002911,-0.021188,0.037146,-1.102655,0.073323,-0.009061
6.380000,-0.002897,-0.021083,0.036961,-1.102705,0.073175,-0.009016
6.390000,-0.002882,-0.020977,0.036777,-1.102756,0.073026,-0.008971
6.400000,-0.002868,-0.020873,0.036593,-1.102806,0.072879,-0.008926
6.410000,-0.002854,-0.020768,0.036411,-1.102855,0.072731,-0.008882
6.420000,-0.002840,-0.020665,0.036229,-1.102905,0.072584,-0.008837
6.430000,-0.002825,-0.020562,0.036049,-1.102954,0.072437,-0.008793
6.440000,-0.002811,-0.020459,0.035869,-1.103003,0.072290,-0.008749
6.450000,-0.002797,-0.020357,0.035690,-1.103051,0.072144,-0.008706
6.460000,-0.002783,-0.020255,0.035512,-1.103099,0.071998,-0.008662
6.470000,-0.002769,-0.020154,0.035335,-1.103147,0.071852,-0.008619
6.480000,-0.002756,-0.020053,0.035159,-1.103194,0.071707,-0.008576
6.490000,-0.002742,-0.019953,0.034984,-1.103242,0.071562,-0.008533
6.500000,-0.002728,-0.019854,0.034809,-1.103289,0.071417,-0.008491
6.510000,-0.002715,-0.019755,0.034635,-1.103335,0.071272,-0.008448
6.520000,-0.002701,-0.019656,0.034463,-1.103381,0.071128,-0.008406
6.530000,-0.002688,-0.019558,0.034291,-1.103427,0.070984,-0.008364
6.540000,-0.002674,-0.019460,0.034120,-1.103473,0.070841,-0.008323
6.550000,-0.002661,-0.019363,0.033950,-1.103519,0.070697,-0.008281
6.560000,-0.002648,-0.019267,0.033780,-1.103564,0.070554,-0.008240
6.570000,-0.002634,-0.019170,0.033612,-1.103608,0.070412,-0.008199
6.580000,-0.002621,-0.019075,0.033444,-1.103653,0.070269,-0.008158
6.590000,-0.002608,-0.018980,0.033278,-1.103697,0.070127,-0.008117
6.600000,-0.002595,-0.018885,0.033112,-1.103741,0.069985,-0.008077
6.610000,-0.002582,-0.018791,0.032947,-1.103785,0.069844,-0.008036
6.620000,-0.002569,-0.018697,0.032782,-1.103828,0.069703,-0.007996
6.630000,-0.002557,-0.018603,0.032619,-1.103871,0.069562,-0.007956
6.640000,-0.002544,-0.018511,0.032456,-1.103914,0.069421,-0.007917
6.650000,-0.002531,-0.018418,0.032294,-1.103957,0.069281,-0.007877
6.660000,-0.002518,-0.018326,0.032133,-1.103999,0.069140,-0.007838
6.670000,-0.002506,-0.018235,0.031973,-1.104041,0.069001,-0.007799
6.680000,-0.002493,-0.018144,0.031814,-1.104083,0.068861,-0.007760
6.690000,-0.002481,-0.018053,0.031655,-1.104124,0.068722,-0.007721
6.700000,-0.002469,-0.017963,0.031497,-1.104165,0.068583,-0.007683
6.710000,-0.002456,-0.017873,0.031340,-1.104206,0.068444,-0.007644
6.720000,-0.002444,-0.017784,0.031184,-1.104247,0.068306,-0.007606
6.730000,-0.002432,-0.017696,0.031028,-1.104287,0.068168,-0.007568
6.740000,-0.002420,-0.017607,0.030873,-1.104328,0.068030,-0.007531
6.750000,-0.002408,-0.017519,0.030720,-1.104367,0.067893,-0.007493
6.760000,-0.002396,-0.017432,0.030566,-1.104407,0.067756,-0.007456
6.770000,-0.002384,-0.017345,0.030414,-1.104446,0.067619,-0.007418
6.780000,-0.002372,-0.017258,0.030262,-1.104486,0.067482,-0.007381
6.790000,-0.002360,-0.017172,0.030111,-1.104524,0.067346,-0.007345
6.800000,-0.002348,-0.017087,0.029961,-1.104563,0.067210,-0.007308
6.810000,-0.002336,-0.017001,0.029812,-1.104601,0.067074,-0.007272
6.820000,-0.002325,-0.016916,0.029663,-1.104640,0.066938,-0.007235
6.830000,-0.002313,-0.016832,0.029515,-1.104677,0.066803,-0.007199
6.840000,-0.002302,-0.016748,0.029368,-1.104715,0.066668,-0.007163
6.850000,-0.002290,-0.016664,0.029222,-1.104753,0.066533,-0.007128
6.860000,-0.002279,-0.016581,0.029076,-1.104790,0.066399,-0.007092
6.870000,-0.002267,-0.016499,0.028931,-1.104827,0.066265,-0.007057
6.880000,-0.002256,-0.016416,0.028787,-1.104863,0.066131,-0.007021
6.890000,-0.002245,-0.016334,0.028643,-1.104900,0.065997,-0.006986
6.900000,-0.002234,-0.016253,0.028500,-1.104936,0.065864,-0.006952
6.910000,-0.002223,-0.016172,0.028358,-1.104972,0.065731,-0.006917
6.920000,-0.002211,-0.016091,0.028217,-1.105008,0.065598,-0.006882
6.930000,-0.002200,-0.016011,0.028076,-1.105043,0.065466,-0.006848
6.940000,-0.002189,-0.015931,0.027936,-1.105078,0.065334,-0.006814
6.950000,-0.002179,-0.015851,0.027797,-1.105113,0.065202,-0.006780
6.960000,-0.002168,-0.015772,0.027658,-1.105148,0.065070,-0.006746
6.970000,-0.002157,-0.015693,0.027520,-1.105183,0.064939,-0.006712
6.980000,-0.002146,-0.015615,0.027383,-1.105217,0.064808,-0.006679
6.990000,-0.002135,-0.015537,0.027246,-1.105251,0.064677,-0.006646
7.000000,-0.002125,-0.015460,0.027110,-1.105285,0.064546,-0.006612
7.010000,-0.002114,-0.015383,0.026975,-1.105319,0.064416,-0.006580
7.020000,-0.002104,-0.015306,0.026841,-1.105353,0.064286,-0.006547
7.030000,-0.002093,-0.015229,0.026707,-1.105386,0.064156,-0.006514
7.040000,-0.002083,-0.015153,0.026574,-1.105419,0.064027,-0.006482
7.050000,-0.002072,-0.015078,0.026441,-1.105452,0.063897,-0.006449
7.060000,-0.002062,-0.015003,0.026309,-1.105484,0.063768,-0.006417
7.070000,-0.002052,-0.014928,0.026178,-1.105517,0.063640,-0.006385
7.080000,-0.002041,-0.014853,0.026047,-1.105549,0.063511,-0.006353
7.090000,-0.002031,-0.014779,0.025918,-1.105581,0.063383,-0.006322
7.100000,-0.002021,-0.014705,0.025788,-1.105613,0.063255,-0.006290
7.110000,-0.002011,-0.014632,0.025660,-1.105644,0.063128,-0.006259
7.120000,-0.002001,-0.014559,0.025532,-1.105676,0.063000,-0.006227
7.130000,-0.001991,-0.014486,0.025404,-1.105707,0.062873,-0.006196
7.140000,-0.001981,-0.014414,0.025278,-1.105738,0.062746,-0.006165
7.150000,-0.001971,-0.014342,0.025152,-1.105769,0.062620,-0.006135
7.160000,-0.001961,-0.014271,0.025026,-1.105799,0.062493,-0.006104
7.170000,-0.001952,-0.014199,0.024901,-1.105830,0.062367,-0.006074
7.180000,-0.001942,-0.014129,0.024777,-1.105860,0.062241,-0.006043
7.190000,-0.001932,-0.014058,0.024654,-1.105890,0.062116,-0.006013
7.200000,-0.001923,-0.013988,0.024531,-1.105920,0.061991,-0.005983
7.210000,-0.001913,-0.013918,0.024408,-1.105950,0.061865,-0.005953
7.220000,-0.001903,-0.013849,0.024287,-1.105979,0.061741,-0.005924
7.230000,-0.001894,-0.013780,0.024166,-1.106008,0.061616,-0.005894
7.240000,-0.001884,-0.013711,0.024045,-1.106037,0.061492,-0.005865
7.250000,-0.001875,-0.013642,0.023925,-1.106066,0.061368,-0.005835
7.260000,-0.001866,-0.013574,0.023806,-1.106095,0.061244,-0.005806
7.270000,-0.001856,-0.013507,0.023687,-1.106123,0.061121,-0.005777
7.280000,-0.001847,-0.013439,0.023569,-1.106152,0.060997,-0.005749
7.290000,-0.001838,-0.013372,0.023451,-1.106180,0.060874,-0.005720
7.300000,-0.001829,-0.013305,0.023334,-1.106208,0.060752,-0.005691
7.310000,-0.001820,-0.013239,0.023218,-1.106236,0.060629,-0.005663
7.320000,-0.001811,-0.013173,0.023102,-1.106263,0.060507,-0.005635
7.330000,-0.001802,-0.013107,0.022987,-1.106291,0.060385,-0.005607
7.340000,-0.001793,-0.013042,0.022872,-1.106318,0.060263,-0.005579
7.350000,-0.001784,-0.012977,0.022758,-1.106345,0.060142,-0.005551
7.360000,-0.001775,-0.012912,0.022645,-1.106372,0.060020,-0.005523
7.370000,-0.001766,-0.012848,0.022532,-1.106398,0.059899,-0.005496
7.380000,-0.001757,-0.012784,0.022420,-1.106425,0.059779,-0.005468
7.390000,-0.001748,-0.012720,0.022308,-1.106451,0.059658,-0.005441
7.400000,-0.001740,-0.012656,0.022196,-1.106478,0.059538,-0.005414
7.410000,-0.001731,-0.012593,0.022086,-1.106504,0.059418,-0.005387
7.420000,-0.001722,-0.012530,0.021976,-1.106529,0.059298,-0.005360
7.430000,-0.001714,-0.012468,0.021866,-1.106555,0.059179,-0.005333
7.440000,-0.001705,-0.012406,0.021757,-1.106581,0.059059,-0.005307
7.450000,-0.001697,-0.012344,0.021648,-1.106606,0.058940,-0.005280
7.460000,-0.001688,-0.012282,0.021541,-1.106631,0.058822,-0.005254
7.470000,-0.001680,-0.012221,0.021433,-1.106656,0.058703,-0.005228
7.480000,-0.001671,-0.012160,0.021326,-1.106681,0.058585,-0.005201
7.490000,-0.001663,-0.012099,0.021220,-1.106706,0.058467,-0.005176
7.500000,-0.001655,-0.012039,0.021114,-1.106730,0.058349,-0.005150
7.510000,-0.001646,-0.011979,0.021009,-1.106755,0.058231,-0.005124
7.520000,-0.001638,-0.011919,0.020904,-1.106779,0.058114,-0.005098
7.530000,-0.001630,-0.011860,0.020800,-1.106803,0.057997,-0.005073
7.540000,-0.001622,-0.011800,0.020696,-1.106827,0.057880,-0.005048
7.550000,-0.001614,-0.011742,0.020593,-1.106851,0.057763,-0.005023
7.560000,-0.001606,-0.011683,0.020490,-1.106874,0.057647,-0.004998
7.570000,-0.001598,-0.011625,0.020388,-1.106898,0.057531,-0.004973
7.580000,-0.001590,-0.011567,0.020286,-1.106921,0.057415,-0.004948
7.590000,-0.001582,-0.011509,0.020185,-1.106944,0.057299,-0.004923
7.600000,-0.001574,-0.011452,0.020084,-1.106967,0.057184,-0.004899
7.610000,-0.001566,-0.011394,0.019984,-1.106990,0.057069,-0.004874
7.620000,-0.001558,-0.011338,0.019885,-1.107013,0.056954,-0.004850
7.630000,-0.001551,-0.011281,0.019785,-1.107036,0.056839,-0.004826
7.640000,-0.001543,-0.011225,0.019687,-1.107058,0.056725,-0.004802
7.650000,-0.001535,-0.011169,0.019588,-1.107080,0.056610,-0.004778
7.660000,-0.001528,-0.011113,0.019491,-1.107102,0.056496,-0.004754
7.670000,-0.001520,-0.011058,0.019394,-1.107124,0.056383,-0.004730
7.680000,-0.001512,-0.011002,0.019297,-1.107146,0.056269,-0.004706
7.690000,-0.001505,-0.010948,0.019201,-1.107168,0.056156,-0.004683
7.700000,-0.001497,-0.010893,0.019105,-1.107190,0.056043,-0.004660
7.710000,-0.001490,-0.010839,0.019010,-1.107211,0.055930,-0.004636
7.720000,-0.001482,-0.010785,0.018915,-1.107232,0.055817,-0.004613
7.730000,-0.001475,-0.010731,0.018820,-1.107253,0.055705,-0.004590
7.740000,-0.001468,-0.010677,0.018727,-1.107275,0.055593,-0.004567
7.750000,-0.001460,-0.010624,0.018633,-1.107295,0.055481,-0.004545
7.760000,-0.001453,-0.010571,0.018540,-1.107316,0.055369,-0.004522
7.770000,-0.001446,-0.010518,0.018448,-1.107337,0.055257,-0.004499
7.780000,-0.001439,-0.010466,0.018356,-1.107357,0.055146,-0.004477
7.790000,-0.001431,-0.010414,0.018264,-1.107378,0.055035,-0.004455
7.800000,-0.001424,-0.010362,0.018173,-1.107398,0.054924,-0.004432
7.810000,-0.001417,-0.010310,0.018083,-1.107418,0.054814,-0.004410
7.820000,-0.001410,-0.010258,0.017992,-1.107438,0.054704,-0.004388
7.830000,-0.001403,-0.010207,0.017903,-1.107458,0.054593,-0.004366
7.840000,-0.001396,-0.010156,0.017813,-1.107477,0.054484,-0.004345
7.850000,-0.001389,-0.010106,0.017725,-1.107497,0.054374,-0.004323
7.860000,-0.001382,-0.010055,0.017636,-1.107516,0.054264,-0.004301
7.870000,-0.001375,-0.010005,0.017548,-1.107536,0.054155,-0.004280
7.880000,-0.001368,-0.009955,0.017461,-1.107555,0.054046,-0.004259
7.890000,-0.001362,-0.009906,0.017374,-1.107574,0.053937,-0.004237
7.900000,-0.001355,-0.009856,0.017287,-1.107593,0.053829,-0.004216
7.910000,-0.001348,-0.009807,0.017201,-1.107612,0.053721,-0.004195
7.920000,-0.001341,-0.009758,0.017115,-1.107631,0.053612,-0.004174
7.930000,-0.001335,-0.009709,0.017030,-1.107649,0.053505,-0.004153
7.940000,-0.001328,-0.009661,0.016945,-1.107668,0.053397,-0.004133
7.950000,-0.001321,-0.009613,0.016860,-1.107686,0.053289,-0.004112
7.960000,-0.001315,-0.009565,0.016776,-1.107704,0.053182,-0.004092
7.970000,-0.001308,-0.009517,0.016692,-1.107722,0.053075,-0.004071
7.980000,-0.001302,-0.009470,0.016609,-1.107740,0.052968,-0.004051
7.990000,-0.001295,-0.009422,0.016526,-1.107758,0.052862,-0.004031
8.000000,-0.001289,-0.009375,0.016444,-1.107776,0.052756,-0.004011
8.010000,-0.001282,-0.009329,0.016362,-1.107794,0.052649,-0.003991
8.020000,-0.001276,-0.009282,0.016280,-1.107811,0.052543,-0.003971
8.030000,-0.001270,-0.009236,0.016199,-1.107829,0.052438,-0.003951
8.040000,-0.001263,-0.009190,0.016118,-1.107846,0.052332,-0.003931
8.050000,-0.001257,-0.009144,0.016038,-1.107863,0.052227,-0.003912
8.060000,-0.001251,-0.009098,0.015958,-1.107880,0.052122,-0.003892
8.070000,-0.001244,-0.009053,0.015878,-1.107897,0.052017,-0.003873
8.080000,-0.001238,-0.009008,0.015799,-1.107914,0.051912,-0.003853
8.090000,-0.001232,-0.008963,0.015720,-1.107931,0.051808,-0.003834
8.100000,-0.001226,-0.008918,0.015642,-1.107947,0.051704,-0.003815
8.110000,-0.001220,-0.008874,0.015564,-1.107964,0.051600,-0.003796
8.120000,-0.001214,-0.008829,0.015486,-1.107980,0.051496,-0.003777
8.130000,-0.001208,-0.008785,0.015409,-1.107997,0.051393,-0.003758
8.140000,-0.001202,-0.008741,0.015332,-1.108013,0.051289,-0.003739
8.150000,-0.001196,-0.008698,0.015256,-1.108029,0.051186,-0.003721
8.160000,-0.001190,-0.008654,0.015180,-1.108045,0.051083,-0.003702
8.170000,-0.001184,-0.008611,0.015104,-1.108061,0.050980,-0.003684
8.180000,-0.001178,-0.008568,0.015029,-1.108077,0.050878,-0.003665
8.190000,-0.001172,-0.008526,0.014954,-1.108093,0.050776,-0.003647
8.200000,-0.001166,-0.008483,0.014879,-1.108108,0.050673,-0.003629
8.210000,-0.001160,-0.008441,0.014805,-1.108124,0.050572,-0.003611
8.220000,-0.001154,-0.008399,0.014731,-1.108139,0.050470,-0.003593
8.230000,-0.001149,-0.008357,0.014658,-1.108154,0.050368,-0.003575
8.240000,-0.001143,-0.008315,0.014584,-1.108170,0.050267,-0.003557
8.250000,-0.001137,-0.008274,0.014512,-1.108185,0.050166,-0.003539
8.260000,-0.001132,-0.008232,0.014439,-1.108200,0.050065,-0.003522
8.270000,-0.001126,-0.008191,0.014367,-1.108215,0.049965,-0.003504
8.280000,-0.001120,-0.008150,0.014296,-1.108230,0.049864,-0.003487
8.290000,-0.001115,-0.008110,0.014224,-1.108244,0.049764,-0.003469
8.300000,-0.001109,-0.008069,0.014153,-1.108259,0.049664,-0.003452
8.310000,-0.001104,-0.008029,0.014083,-1.108273,0.049564,-0.003435
8.320000,-0.001098,-0.007989,0.014013,-1.108288,0.049464,-0.003418
8.330000,-0.001093,-0.007949,0.013943,-1.108302,0.049365,-0.003401
8.340000,-0.001087,-0.007909,0.013873,-1.108316,0.049266,-0.003384
8.350000,-0.001082,-0.007870,0.013804,-1.108331,0.049167,-0.003367
8.360000,-0.001076,-0.007831,0.013735,-1.108345,0.049068,-0.003350
8.370000,-0.001071,-0.007792,0.013667,-1.108359,0.048969,-0.003333
8.380000,-0.001066,-0.007753,0.013598,-1.108373,0.048871,-0.003317
8.390000,-0.001060,-0.007714,0.013531,-1.108386,0.048773,-0.003300
8.400000,-0.001055,-0.007676,0.013463,-1.108400,0.048674,-0.003284
8.410000,-0.001050,-0.007637,0.013396,-1.108414,0.048577,-0.003267
8.420000,-0.001045,-0.007599,0.013329,-1.108427,0.048479,-0.003251
8.430000,-0.001039,-0.007561,0.013263,-1.108441,0.048382,-0.003235
8.440000,-0.001034,-0.007524,0.013197,-1.108454,0.048284,-0.003219
8.450000,-0.001029,-0.007486,0.013131,-1.108467,0.048187,-0.003202
8.460000,-0.001024,-0.007449,0.013065,-1.108481,0.048091,-0.003187
8.470000,-0.001019,-0.007412,0.013000,-1.108494,0.047994,-0.003171
8.480000,-0.001014,-0.007375,0.012935,-1.108507,0.047897,-0.003155
8.490000,-0.001009,-0.007338,0.012871,-1.108520,0.047801,-0.003139
8.500000,-0.001004,-0.007301,0.012807,-1.108532,0.047705,-0.003123
8.510000,-0.000999,-0.007265,0.012743,-1.108545,0.047609,-0.003108
8.520000,-0.000994,-0.007229,0.012679,-1.108558,0.047514,-0.003092
8.530000,-0.000989,-0.007193,0.012616,-1.108571,0.047418,-0.003077
8.540000,-0.000984,-0.007157,0.012553,-1.108583,0.047323,-0.003062
8.550000,-0.000979,-0.007121,0.012490,-1.108596,0.047228,-0.003046
8.560000,-0.000974,-0.007085,0.012428,-1.108608,0.047133,-0.003031
8.570000,-0.000969,-0.007050,0.012366,-1.108620,0.047038,-0.003016
8.580000,-0.000964,-0.007015,0.012304,-1.108632,0.046944,-0.003001
8.590000,-0.000959,-0.006980,0.012243,-1.108644,0.046849,-0.002986
8.600000,-0.000955,-0.006945,0.012182,-1.108657,0.046755,-0.002971
8.610000,-0.000950,-0.006911,0.012121,-1.108669,0.046661,-0.002956
8.620000,-0.000945,-0.006876,0.012061,-1.108680,0.046568,-0.002942
8.630000,-0.000940,-0.006842,0.012001,-1.108692,0.046474,-0.002927
8.640000,-0.000936,-0.006808,0.011941,-1.108704,0.046381,-0.002912
8.650000,-0.000931,-0.006774,0.011881,-1.108716,0.046288,-0.002898
8.660000,-0.000926,-0.006740,0.011822,-1.108727,0.046195,-0.002883
8.670000,-0.000922,-0.006706,0.011763,-1.108739,0.046102,-0.002869
8.680000,-0.000917,-0.006673,0.011704,-1.108750,0.046009,-0.002855
8.690000,-0.000913,-0.006640,0.011646,-1.108762,0.045917,-0.002840
8.700000,-0.000908,-0.006606,0.011588,-1.108773,0.045825,-0.002826
8.710000,-0.000904,-0.006573,0.011530,-1.108784,0.045733,-0.002812
8.720000,-0.000899,-0.006541,0.011473,-1.108795,0.045641,-0.002798
8.730000,-0.000895,-0.006508,0.011415,-1.108806,0.045549,-0.002784
8.740000,-0.000890,-0.006476,0.011358,-1.108817,0.045458,-0.002770
8.750000,-0.000886,-0.006443,0.011302,-1.108828,0.045366,-0.002756
8.760000,-0.000881,-0.006411,0.011245,-1.108839,0.045275,-0.002743
8.770000,-0.000877,-0.006379,0.011189,-1.108850,0.045184,-0.002729
8.780000,-0.000873,-0.006347,0.011134,-1.108861,0.045093,-0.002715
8.790000,-0.000868,-0.006316,0.011078,-1.108871,0.045003,-0.002702
8.800000,-0.000864,-0.006284,0.011023,-1.108882,0.044913,-0.002688
8.810000,-0.000860,-0.006253,0.010968,-1.108892,0.044822,-0.002675
8.820000,-0.000855,-0.006222,0.010913,-1.108903,0.044732,-0.002662
8.830000,-0.000851,-0.006191,0.010859,-1.108913,0.044643,-0.002648
8.840000,-0.000847,-0.006160,0.010805,-1.108923,0.044553,-0.002635
8.850000,-0.000843,-0.006129,0.010751,-1.108934,0.044463,-0.002622
8.860000,-0.000838,-0.006098,0.010697,-1.108944,0.044374,-0.002609
8.870000,-0.000834,-0.006068,0.010644,-1.108954,0.044285,-0.002596
8.880000,-0.000830,-0.006038,0.010591,-1.108964,0.044196,-0.002583
8.890000,-0.000826,-0.006008,0.010538,-1.108974,0.044107,-0.002570
8.900000,-0.000822,-0.005978,0.010485,-1.108984,0.044019,-0.002557
8.910000,-0.000818,-0.005948,0.010433,-1.108994,0.043931,-0.002544
8.920000,-0.000814,-0.005918,0.010381,-1.109004,0.043842,-0.002532
8.930000,-0.000809,-0.005889,0.010329,-1.109013,0.043754,-0.002519
8.940000,-0.000805,-0.005859,0.010278,-1.109023,0.043666,-0.002507
8.950000,-0.000801,-0.005830,0.010226,-1.109033,0.043579,-0.002494
8.960000,-0.000797,-0.005801,0.010175,-1.109042,0.043491,-0.002482
8.970000,-0.000793,-0.005772,0.010125,-1.109052,0.043404,-0.002469
8.980000,-0.000789,-0.005743,0.010074,-1.109061,0.043317,-0.002457
8.990000,-0.000786,-0.005715,0.010024,-1.109070,0.043230,-0.002445
9.000000,-0.000782,-0.005686,0.009974,-1.109080,0.043143,-0.002433
9.010000,-0.000778,-0.005658,0.009924,-1.109089,0.043057,-0.002420
9.020000,-0.000774,-0.005630,0.009875,-1.109098,0.042970,-0.002408
9.030000,-0.000770,-0.005601,0.009825,-1.109107,0.042884,-0.002396
9.040000,-0.000766,-0.005574,0.009776,-1.109116,0.042798,-0.002384
9.050000,-0.000762,-0.005546,0.009728,-1.109125,0.042712,-0.002372
9.060000,-0.000759,-0.005518,0.009679,-1.109134,0.042626,-0.002361
9.070000,-0.000755,-0.005491,0.009631,-1.109143,0.042541,-0.002349
9.080000,-0.000751,-0.005463,0.009583,-1.109152,0.042455,-0.002337
9.090000,-0.000747,-0.005436,0.009535,-1.109161,0.042370,-0.002325
9.100000,-0.000744,-0.005409,0.009487,-1.109169,0.042285,-0.002314
9.110000,-0.000740,-0.005382,0.009440,-1.109178,0.042200,-0.002302
9.120000,-0.000736,-0.005355,0.009393,-1.109187,0.042115,-0.002291
9.130000,-0.000732,-0.005328,0.009346,-1.109195,0.042031,-0.002279
9.140000,-0.000729,-0.005302,0.009300,-1.109204,0.041947,-0.002268
9.150000,-0.000725,-0.005275,0.009253,-1.109212,0.041862,-0.002257
9.160000,-0.000722,-0.005249,0.009207,-1.109221,0.041778,-0.002245
9.170000,-0.000718,-0.005223,0.009161,-1.109229,0.041695,-0.002234
9.180000,-0.000714,-0.005197,0.009115,-1.109237,0.041611,-0.002223
9.190000,-0.000711,-0.005171,0.009070,-1.109245,0.041527,-0.002212
9.200000,-0.000707,-0.005145,0.009025,-1.109254,0.041444,-0.002201
9.210000,-0.000704,-0.005119,0.008980,-1.109262,0.041361,-0.002190
9.220000,-0.000700,-0.005094,0.008935,-1.109270,0.041278,-0.002179
9.230000,-0.000697,-0.005068,0.008890,-1.109278,0.041195,-0.002168
9.240000,-0.000693,-0.005043,0.008846,-1.109286,0.041112,-0.002157
9.250000,-0.000690,-0.005018,0.008802,-1.109294,0.041030,-0.002147
9.260000,-0.000686,-0.004993,0.008758,-1.109302,0.040948,-0.002136
9.270000,-0.000683,-0.004968,0.008714,-1.109309,0.040865,-0.002125
9.280000,-0.000680,-0.004943,0.008671,-1.109317,0.040783,-0.002115
9.290000,-0.000676,-0.004919,0.008628,-1.109325,0.040702,-0.002104
9.300000,-0.000673,-0.004894,0.008585,-1.109332,0.040620,-0.002094
9.310000,-0.000669,-0.004870,0.008542,-1.109340,0.040539,-0.002083
9.320000,-0.000666,-0.004845,0.008499,-1.109348,0.040457,-0.002073
9.330000,-0.000663,-0.004821,0.008457,-1.109355,0.040376,-0.002063
9.340000,-0.000659,-0.004797,0.008415,-1.109363,0.040295,-0.002052
9.350000,-0.000656,-0.004773,0.008373,-1.109370,0.040214,-0.002042
9.360000,-0.000653,-0.004749,0.008331,-1.109377,0.040134,-0.002032
9.370000,-0.000650,-0.004726,0.008289,-1.109385,0.040053,-0.002022
9.380000,-0.000646,-0.004702,0.008248,-1.109392,0.039973,-0.002012
9.390000,-0.000643,-0.004679,0.008207,-1.109399,0.039892,-0.002002
9.400000,-0.000640,-0.004655,0.008166,-1.109406,0.039812,-0.001992
9.410000,-0.000637,-0.004632,0.008125,-1.109413,0.039733,-0.001982
9.420000,-0.000634,-0.004609,0.008085,-1.109421,0.039653,-0.001972
9.430000,-0.000630,-0.004586,0.008044,-1.109428,0.039573,-0.001962
9.440000,-0.000627,-0.004563,0.008004,-1.109435,0.039494,-0.001952
9.450000,-0.000624,-0.004540,0.007964,-1.109442,0.039415,-0.001942
9.460000,-0.000621,-0.004518,0.007925,-1.109448,0.039336,-0.001933
9.470000,-0.000618,-0.004495,0.007885,-1.109455,0.039257,-0.001923
9.480000,-0.000615,-0.004473,0.007846,-1.109462,0.039178,-0.001913
9.490000,-0.000612,-0.004451,0.007807,-1.109469,0.039100,-0.001904
9.500000,-0.000609,-0.004428,0.007768,-1.109476,0.039021,-0.001894
9.510000,-0.000606,-0.004406,0.007729,-1.109482,0.038943,-0.001885
9.520000,-0.000603,-0.004384,0.007690,-1.109489,0.038865,-0.001876
9.530000,-0.000600,-0.004362,0.007652,-1.109496,0.038787,-0.001866
9.540000,-0.000597,-0.004341,0.007614,-1.109502,0.038709,-0.001857
9.550000,-0.000594,-0.004319,0.007576,-1.109509,0.038631,-0.001848
9.560000,-0.000591,-0.004297,0.007538,-1.109515,0.038554,-0.001838
9.570000,-0.000588,-0.004276,0.007500,-1.109521,0.038477,-0.001829
9.580000,-0.000585,-0.004255,0.007463,-1.109528,0.038399,-0.001820
9.590000,-0.000582,-0.004233,0.007426,-1.109534,0.038322,-0.001811
9.600000,-0.000579,-0.004212,0.007389,-1.109541,0.038246,-0.001802
9.610000,-0.000576,-0.004191,0.007352,-1.109547,0.038169,-0.001793
9.620000,-0.000573,-0.004170,0.007315,-1.109553,0.038092,-0.001784
9.630000,-0.000570,-0.004150,0.007279,-1.109559,0.038016,-0.001775
9.640000,-0.000568,-0.004129,0.007243,-1.109565,0.037940,-0.001766
9.650000,-0.000565,-0.004108,0.007206,-1.109571,0.037864,-0.001758
9.660000,-0.000562,-0.004088,0.007170,-1.109578,0.037788,-0.001749
9.670000,-0.000559,-0.004067,0.007135,-1.109584,0.037712,-0.001740
9.680000,-0.000556,-0.004047,0.007099,-1.109590,0.037636,-0.001731
9.690000,-0.000554,-0.004027,0.007064,-1.109595,0.037561,-0.001723
9.700000,-0.000551,-0.004007,0.007028,-1.109601,0.037486,-0.001714
9.710000,-0.000548,-0.003987,0.006993,-1.109607,0.037410,-0.001706
9.720000,-0.000545,-0.003967,0.006959,-1.109613,0.037335,-0.001697
9.730000,-0.000543,-0.003947,0.006924,-1.109619,0.037261,-0.001689
9.740000,-0.000540,-0.003928,0.006889,-1.109625,0.037186,-0.001680
9.750000,-0.000537,-0.003908,0.006855,-1.109630,0.037111,-0.001672
9.760000,-0.000535,-0.003888,0.006821,-1.109636,0.037037,-0.001663
9.770000,-0.000532,-0.003869,0.006787,-1.109642,0.036963,-0.001655
9.780000,-0.000529,-0.003850,0.006753,-1.109647,0.036889,-0.001647
9.790000,-0.000527,-0.003831,0.006719,-1.109653,0.036815,-0.001639
9.800000,-0.000524,-0.003811,0.006686,-1.109658,0.036741,-0.001631
9.810000,-0.000521,-0.003792,0.006652,-1.109664,0.036667,-0.001622
9.820000,-0.000519,-0.003774,0.006619,-1.109669,0.036594,-0.001614
9.830000,-0.000516,-0.003755,0.006586,-1.109675,0.036520,-0.001606
9.840000,-0.000514,-0.003736,0.006553,-1.109680,0.036447,-0.001598
9.850000,-0.000511,-0.003717,0.006521,-1.109686,0.036374,-0.001590
9.860000,-0.000508,-0.003699,0.006488,-1.109691,0.036301,-0.001582
9.870000,-0.000506,-0.003680,0.006456,-1.109696,0.036228,-0.001574
9.880000,-0.000503,-0.003662,0.006424,-1.109701,0.036156,-0.001567
9.890000,-0.000501,-0.003644,0.006391,-1.109707,0.036083,-0.001559
9.900000,-0.000498,-0.003626,0.006360,-1.109712,0.036011,-0.001551
9.910000,-0.000496,-0.003607,0.006328,-1.109717,0.035939,-0.001543
9.920000,-0.000493,-0.003589,0.006296,-1.109722,0.035867,-0.001536
9.930000,-0.000491,-0.003572,0.006265,-1.109727,0.035795,-0.001528
9.940000,-0.000489,-0.003554,0.006234,-1.109732,0.035723,-0.001520
9.950000,-0.000486,-0.003536,0.006203,-1.109737,0.035651,-0.001513
9.960000,-0.000484,-0.003518,0.006172,-1.109742,0.035580,-0.001505
9.970000,-0.000481,-0.003501,0.006141,-1.109747,0.035509,-0.001498
9.980000,-0.000479,-0.003483,0.006110,-1.109752,0.035437,-0.001490
9.990000,-0.000476,-0.003466,0.006080,-1.109757,0.035366,-0.001483
10.000000,-0.000474,-0.003449,0.006049,-1.109762,0.035296,-0.001475
