0.000000,0.709003,-0.079637,0.244074,0.306362,-0.698008,0.426250
0.010000,0.701965,-0.079235,0.242440,0.300983,-0.695058,0.423360
0.020000,0.695064,-0.078835,0.240824,0.295607,-0.692133,0.420499
0.030000,0.688297,-0.078437,0.239226,0.290235,-0.689232,0.417667
0.040000,0.681658,-0.078041,0.237644,0.284865,-0.686355,0.414865
0.050000,0.675144,-0.077647,0.236079,0.279498,-0.683501,0.412091
0.060000,0.668751,-0.077255,0.234530,0.274135,-0.680671,0.409344
0.070000,0.662474,-0.076865,0.232998,0.268775,-0.677863,0.406625
0.080000,0.656310,-0.076477,0.231481,0.263419,-0.675078,0.403933
0.090000,0.650255,-0.076091,0.229980,0.258066,-0.672314,0.401268
0.100000,0.644307,-0.075708,0.228493,0.252718,-0.669573,0.398628
0.110000,0.638462,-0.075326,0.227022,0.247373,-0.666853,0.396014
0.120000,0.632716,-0.074946,0.225565,0.242033,-0.664155,0.393426
0.130000,0.627068,-0.074568,0.224122,0.236697,-0.661478,0.390862
0.140000,0.621513,-0.074192,0.222694,0.231365,-0.658821,0.388323
0.150000,0.616050,-0.073818,0.221279,0.226038,-0.656185,0.385807
0.160000,0.610676,-0.073446,0.219878,0.220715,-0.653570,0.383316
0.170000,0.605388,-0.073075,0.218489,0.215397,-0.650974,0.380848
0.180000,0.600184,-0.072707,0.217115,0.210085,-0.648398,0.378403
0.190000,0.595061,-0.072341,0.215752,0.204777,-0.645841,0.375980
0.200000,0.590018,-0.071976,0.214403,0.199474,-0.643304,0.373580
0.210000,0.585053,-0.071613,0.213066,0.194177,-0.640785,0.371201
0.220000,0.580162,-0.071253,0.211741,0.188886,-0.638286,0.368845
0.230000,0.575345,-0.070894,0.210428,0.183600,-0.635805,0.366509
0.240000,0.570599,-0.070537,0.209127,0.178319,-0.633342,0.364195
0.250000,0.565923,-0.070181,0.207838,0.173045,-0.630897,0.361901
0.260000,0.561314,-0.069828,0.206560,0.167777,-0.628471,0.359628
0.270000,0.556772,-0.069476,0.205293,0.162514,-0.626061,0.357374
0.280000,0.552294,-0.069126,0.204038,0.157258,-0.623670,0.355141
0.290000,0.547879,-0.068778,0.202793,0.152009,-0.621295,0.352927
0.300000,0.543526,-0.068432,0.201559,0.146766,-0.618937,0.350732
0.310000,0.539232,-0.068088,0.200336,0.141529,-0.616597,0.348557
0.320000,0.534997,-0.067745,0.199123,0.136300,-0.614272,0.346400
0.330000,0.530819,-0.067404,0.197920,0.131077,-0.611965,0.344261
0.340000,0.526697,-0.067065,0.196728,0.125861,-0.609673,0.342141
0.350000,0.522629,-0.066727,0.195545,0.120653,-0.607398,0.340039
0.360000,0.518615,-0.066392,0.194372,0.115451,-0.605138,0.337954
0.370000,0.514653,-0.066057,0.193209,0.110257,-0.602894,0.335887
0.380000,0.510742,-0.065725,0.192056,0.105071,-0.600665,0.333837
0.390000,0.506881,-0.065395,0.190912,0.099892,-0.598452,0.331805
0.400000,0.503068,-0.065066,0.189777,0.094721,-0.596254,0.329789
0.410000,0.499303,-0.064738,0.188652,0.089558,-0.594070,0.327789
0.420000,0.495585,-0.064413,0.187535,0.084403,-0.591902,0.325806
0.430000,0.491913,-0.064089,0.186428,0.079256,-0.589748,0.323840
0.440000,0.488285,-0.063767,0.185329,0.074118,-0.587608,0.321889
0.450000,0.484701,-0.063446,0.184239,0.068987,-0.585483,0.319954
0.460000,0.481160,-0.063127,0.183158,0.063866,-0.583372,0.318034
0.470000,0.477662,-0.062810,0.182085,0.058752,-0.581275,0.316130
0.480000,0.474204,-0.062494,0.181020,0.053648,-0.579192,0.314241
0.490000,0.470787,-0.062180,0.179964,0.048552,-0.577122,0.312367
0.500000,0.467409,-0.061867,0.178915,0.043465,-0.575066,0.310507
0.510000,0.464070,-0.061557,0.177875,0.038388,-0.573023,0.308663
0.520000,0.460769,-0.061247,0.176843,0.033319,-0.570994,0.306833
0.530000,0.457505,-0.060939,0.175819,0.028260,-0.568977,0.305017
0.540000,0.454279,-0.060633,0.174802,0.023210,-0.566973,0.303215
0.550000,0.451087,-0.060329,0.173793,0.018170,-0.564983,0.301427
0.560000,0.447932,-0.060026,0.172791,0.013139,-0.563004,0.299653
0.570000,0.444810,-0.059724,0.171797,0.008118,-0.561039,0.297892
0.580000,0.441723,-0.059424,0.170811,0.003107,-0.559085,0.296145
0.590000,0.438669,-0.059126,0.169832,-0.001894,-0.557144,0.294411
0.600000,0.435648,-0.058829,0.168859,-0.006885,-0.555216,0.292691
0.610000,0.432659,-0.058533,0.167895,-0.011866,-0.553299,0.290983
0.620000,0.429701,-0.058239,0.166937,-0.016837,-0.551394,0.289288
0.630000,0.426775,-0.057947,0.165986,-0.021797,-0.549500,0.287606
0.640000,0.423879,-0.057656,0.165042,-0.026747,-0.547619,0.285936
0.650000,0.421013,-0.057367,0.164104,-0.031687,-0.545748,0.284279
0.660000,0.418176,-0.057079,0.163174,-0.036616,-0.543890,0.282634
0.670000,0.415368,-0.056792,0.162250,-0.041534,-0.542042,0.281001
0.680000,0.412589,-0.056507,0.161332,-0.046441,-0.540206,0.279380
0.690000,0.409838,-0.056223,0.160422,-0.051337,-0.538380,0.277771
0.700000,0.407114,-0.055941,0.159517,-0.056222,-0.536566,0.276174
0.710000,0.404417,-0.055660,0.158619,-0.061096,-0.534762,0.274588
0.720000,0.401746,-0.055381,0.157728,-0.065959,-0.532969,0.273014
0.730000,0.399102,-0.055103,0.156842,-0.070811,-0.531187,0.271451
0.740000,0.396484,-0.054827,0.155963,-0.075651,-0.529415,0.269899
0.750000,0.393891,-0.054552,0.155090,-0.080480,-0.527654,0.268358
0.760000,0.391323,-0.054278,0.154222,-0.085297,-0.525903,0.266829
0.770000,0.388779,-0.054006,0.153361,-0.090102,-0.524162,0.265310
0.780000,0.386259,-0.053735,0.152506,-0.094896,-0.522431,0.263802
0.790000,0.383764,-0.053465,0.151656,-0.099677,-0.520710,0.262305
0.800000,0.381291,-0.053197,0.150813,-0.104447,-0.518999,0.260818
0.810000,0.378842,-0.052930,0.149975,-0.109205,-0.517298,0.259342
0.820000,0.376415,-0.052665,0.149143,-0.113951,-0.515607,0.257876
0.830000,0.374011,-0.052401,0.148316,-0.118684,-0.513925,0.256420
0.840000,0.371629,-0.052138,0.147495,-0.123406,-0.512253,0.254974
0.850000,0.369268,-0.051876,0.146679,-0.128115,-0.510590,0.253539
0.860000,0.366929,-0.051616,0.145869,-0.132811,-0.508936,0.252113
0.870000,0.364611,-0.051358,0.145064,-0.137495,-0.507292,0.250697
0.880000,0.362313,-0.051100,0.144265,-0.142167,-0.505657,0.249291
0.890000,0.360036,-0.050844,0.143471,-0.146826,-0.504031,0.247894
0.900000,0.357779,-0.050589,0.142682,-0.151472,-0.502414,0.246507
0.910000,0.355542,-0.050335,0.141898,-0.156105,-0.500805,0.245130
0.920000,0.353325,-0.050083,0.141120,-0.160726,-0.499206,0.243761
0.930000,0.351127,-0.049832,0.140346,-0.165333,-0.497616,0.242402
0.940000,0.348948,-0.049582,0.139578,-0.169928,-0.496034,0.241052
0.950000,0.346788,-0.049334,0.138815,-0.174510,-0.494460,0.239712
0.960000,0.344646,-0.049087,0.138056,-0.179078,-0.492896,0.238380
0.970000,0.342522,-0.048841,0.137303,-0.183633,-0.491339,0.237057
0.980000,0.340417,-0.048596,0.136554,-0.188176,-0.489791,0.235743
0.990000,0.338329,-0.048352,0.135810,-0.192704,-0.488251,0.234437
1.000000,0.336259,-0.048110,0.135071,-0.197220,-0.486720,0.233141
1.010000,0.334206,-0.047869,0.134337,-0.201721,-0.485196,0.231852
1.020000,0.332170,-0.047629,0.133607,-0.206210,-0.483681,0.230573
1.030000,0.330151,-0.047391,0.132882,-0.210685,-0.482174,0.229302
1.040000,0.328149,-0.047153,0.132162,-0.215146,-0.480674,0.228039
1.050000,0.326163,-0.046917,0.131446,-0.219594,-0.479183,0.226784
1.060000,0.324193,-0.046682,0.130735,-0.224027,-0.477699,0.225538
1.070000,0.322239,-0.046448,0.130028,-0.228448,-0.476223,0.224299
1.080000,0.320301,-0.046215,0.129325,-0.232854,-0.474754,0.223069
1.090000,0.318379,-0.045984,0.128627,-0.237246,-0.473293,0.221846
1.100000,0.316472,-0.045754,0.127934,-0.241625,-0.471840,0.220632
1.110000,0.314580,-0.045524,0.127244,-0.245989,-0.470394,0.219425
1.120000,0.312704,-0.045296,0.126559,-0.250340,-0.468956,0.218226
1.130000,0.310842,-0.045070,0.125879,-0.254676,-0.467524,0.217035
1.140000,0.308994,-0.044844,0.125202,-0.258998,-0.466100,0.215852
1.150000,0.307162,-0.044619,0.124530,-0.263307,-0.464684,0.214675
1.160000,0.305343,-0.044396,0.123861,-0.267601,-0.463274,0.213507
1.170000,0.303539,-0.044174,0.123197,-0.271880,-0.461871,0.212346
1.180000,0.301748,-0.043953,0.122537,-0.276146,-0.460476,0.211192
1.190000,0.299972,-0.043732,0.121881,-0.280397,-0.459087,0.210045
1.200000,0.298209,-0.043514,0.121229,-0.284634,-0.457706,0.208906
1.210000,0.296459,-0.043296,0.120581,-0.288856,-0.456331,0.207774
1.220000,0.294723,-0.043079,0.119937,-0.293064,-0.454963,0.206649
1.230000,0.293000,-0.042863,0.119297,-0.297257,-0.453601,0.205531
1.240000,0.291290,-0.042649,0.118661,-0.301436,-0.452247,0.204420
1.250000,0.289593,-0.042435,0.118029,-0.305601,-0.450898,0.203316
1.260000,0.287908,-0.042223,0.117400,-0.309751,-0.449557,0.202219
1.270000,0.286236,-0.042012,0.116775,-0.313886,-0.448222,0.201128
1.280000,0.284577,-0.041801,0.116154,-0.318006,-0.446893,0.200045
1.290000,0.282930,-0.041592,0.115537,-0.322112,-0.445571,0.198968
1.300000,0.281294,-0.041384,0.114923,-0.326204,-0.444255,0.197897
1.310000,0.279671,-0.041177,0.114313,-0.330280,-0.442946,0.196834
1.320000,0.278060,-0.040971,0.113707,-0.334342,-0.441643,0.195777
1.330000,0.276461,-0.040766,0.113104,-0.338389,-0.440346,0.194726
1.340000,0.274873,-0.040562,0.112505,-0.342421,-0.439055,0.193682
1.350000,0.273297,-0.040359,0.111910,-0.346439,-0.437770,0.192644
1.360000,0.271732,-0.040157,0.111318,-0.350441,-0.436491,0.191612
1.370000,0.270178,-0.039956,0.110729,-0.354429,-0.435219,0.190587
1.380000,0.268635,-0.039756,0.110144,-0.358402,-0.433952,0.189568
1.390000,0.267104,-0.039557,0.109563,-0.362360,-0.432691,0.188555
1.400000,0.265583,-0.039359,0.108984,-0.366303,-0.431436,0.187548
1.410000,0.264073,-0.039162,0.108410,-0.370232,-0.430187,0.186548
1.420000,0.262574,-0.038966,0.107838,-0.374145,-0.428943,0.185553
1.430000,0.261086,-0.038771,0.107270,-0.378043,-0.427706,0.184564
1.440000,0.259607,-0.038577,0.106705,-0.381927,-0.426474,0.183581
1.450000,0.258139,-0.038384,0.106144,-0.385795,-0.425248,0.182605
1.460000,0.256682,-0.038192,0.105586,-0.389648,-0.424027,0.181634
1.470000,0.255234,-0.038001,0.105031,-0.393487,-0.422812,0.180668
1.480000,0.253797,-0.037811,0.104479,-0.397310,-0.421602,0.179709
1.490000,0.252369,-0.037622,0.103931,-0.401119,-0.420398,0.178755
1.500000,0.250952,-0.037434,0.103385,-0.404912,-0.419199,0.177807
1.510000,0.249544,-0.037247,0.102843,-0.408690,-0.418006,0.176865
1.520000,0.248145,-0.037061,0.102304,-0.412454,-0.416818,0.175928
1.530000,0.246757,-0.036875,0.101768,-0.416202,-0.415635,0.174997
1.540000,0.245377,-0.036691,0.101235,-0.419935,-0.414458,0.174071
1.550000,0.244007,-0.036507,0.100705,-0.423653,-0.413286,0.173150
1.560000,0.242647,-0.036325,0.100179,-0.427356,-0.412119,0.172235
1.570000,0.241295,-0.036143,0.099655,-0.431045,-0.410957,0.171326
1.580000,0.239953,-0.035962,0.099134,-0.434718,-0.409800,0.170422
1.590000,0.238619,-0.035783,0.098616,-0.438376,-0.408648,0.169523
1.600000,0.237295,-0.035604,0.098102,-0.442018,-0.407502,0.168629
1.610000,0.235979,-0.035426,0.097590,-0.445646,-0.406360,0.167740
1.620000,0.234672,-0.035249,0.097081,-0.449259,-0.405224,0.166857
1.630000,0.233374,-0.035072,0.096575,-0.452857,-0.404092,0.165979
1.640000,0.232084,-0.034897,0.096072,-0.456440,-0.402965,0.165106
1.650000,0.230803,-0.034722,0.095571,-0.460008,-0.401843,0.164238
1.660000,0.229530,-0.034549,0.095074,-0.463560,-0.400726,0.163375
1.670000,0.228266,-0.034376,0.094579,-0.467098,-0.399614,0.162517
1.680000,0.227010,-0.034204,0.094087,-0.470621,-0.398507,0.161664
1.690000,0.225762,-0.034033,0.093598,-0.474128,-0.397404,0.160816
1.700000,0.224522,-0.033863,0.093111,-0.477621,-0.396306,0.159972
1.710000,0.223290,-0.033694,0.092628,-0.481099,-0.395212,0.159134
1.720000,0.222066,-0.033525,0.092147,-0.484562,-0.394124,0.158300
1.730000,0.220850,-0.033358,0.091669,-0.488009,-0.393039,0.157472
1.740000,0.219642,-0.033191,0.091193,-0.491442,-0.391960,0.156648
1.750000,0.218442,-0.033025,0.090720,-0.494860,-0.390885,0.155828
1.760000,0.217249,-0.032860,0.090250,-0.498263,-0.389814,0.155014
1.770000,0.216064,-0.032696,0.089782,-0.501651,-0.388748,0.154204
1.780000,0.214887,-0.032532,0.089317,-0.505024,-0.387686,0.153398
1.790000,0.213717,-0.032370,0.088855,-0.508383,-0.386629,0.152597
1.800000,0.212555,-0.032208,0.088395,-0.511726,-0.385576,0.151801
1.810000,0.211399,-0.032047,0.087938,-0.515055,-0.384527,0.151010
1.820000,0.210252,-0.031887,0.087483,-0.518369,-0.383483,0.150222
1.830000,0.209111,-0.031728,0.087031,-0.521668,-0.382443,0.149439
1.840000,0.207978,-0.031569,0.086581,-0.524952,-0.381408,0.148661
1.850000,0.206851,-0.031411,0.086134,-0.528221,-0.380376,0.147887
1.860000,0.205732,-0.031254,0.085689,-0.531476,-0.379349,0.147118
1.870000,0.204620,-0.031098,0.085247,-0.534716,-0.378326,0.146352
1.880000,0.203515,-0.030943,0.084807,-0.537941,-0.377307,0.145591
1.890000,0.202416,-0.030788,0.084369,-0.541152,-0.376292,0.144835
1.900000,0.201324,-0.030634,0.083934,-0.544348,-0.375281,0.144082
1.910000,0.200240,-0.030481,0.083501,-0.547529,-0.374275,0.143334
1.920000,0.199162,-0.030329,0.083071,-0.550696,-0.373272,0.142590
1.930000,0.198090,-0.030177,0.082643,-0.553848,-0.372274,0.141850
1.940000,0.197025,-0.030027,0.082218,-0.556986,-0.371279,0.141114
1.950000,0.195967,-0.029877,0.081794,-0.560109,-0.370288,0.140383
1.960000,0.194915,-0.029727,0.081374,-0.563217,-0.369302,0.139655
1.970000,0.193870,-0.029579,0.080955,-0.566311,-0.368319,0.138932
1.980000,0.192830,-0.029431,0.080539,-0.569391,-0.367340,0.138212
1.990000,0.191798,-0.029284,0.080124,-0.572456,-0.366365,0.137497
2.000000,0.190771,-0.029138,0.079713,-0.575507,-0.365394,0.136785
2.010000,0.189751,-0.028992,0.079303,-0.578543,-0.364426,0.136078
2.020000,0.188737,-0.028847,0.078896,-0.581565,-0.363463,0.135374
2.030000,0.187729,-0.028703,0.078491,-0.584573,-0.362503,0.134674
2.040000,0.186728,-0.028560,0.078088,-0.587566,-0.361547,0.133978
2.050000,0.185732,-0.028417,0.077687,-0.590546,-0.360594,0.133286
2.060000,0.184742,-0.028275,0.077288,-0.593511,-0.359645,0.132598
2.070000,0.183758,-0.028134,0.076892,-0.596461,-0.358700,0.131914
2.080000,0.182780,-0.027993,0.076498,-0.599398,-0.357759,0.131233
2.090000,0.181808,-0.027853,0.076106,-0.602321,-0.356821,0.130556
2.100000,0.180842,-0.027714,0.075716,-0.605229,-0.355887,0.129883
2.110000,0.179882,-0.027576,0.075328,-0.608123,-0.354956,0.129214
2.120000,0.178927,-0.027438,0.074942,-0.611004,-0.354029,0.128548
2.130000,0.177978,-0.027301,0.074558,-0.613870,-0.353106,0.127886
2.140000,0.177034,-0.027165,0.074177,-0.616722,-0.352186,0.127227
2.150000,0.176096,-0.027029,0.073797,-0.619561,-0.351269,0.126572
2.160000,0.175164,-0.026894,0.073419,-0.622386,-0.350356,0.125921
2.170000,0.174237,-0.026760,0.073044,-0.625196,-0.349446,0.125273
2.180000,0.173316,-0.026626,0.072670,-0.627993,-0.348540,0.124629
2.190000,0.172400,-0.026493,0.072299,-0.630776,-0.347637,0.123988
2.200000,0.171489,-0.026361,0.071929,-0.633546,-0.346738,0.123351
2.210000,0.170584,-0.026229,0.071562,-0.636302,-0.345842,0.122717
2.220000,0.169684,-0.026098,0.071196,-0.639044,-0.344949,0.122087
2.230000,0.168790,-0.025968,0.070833,-0.641772,-0.344060,0.121460
2.240000,0.167900,-0.025838,0.070471,-0.644487,-0.343173,0.120836
2.250000,0.167016,-0.025709,0.070111,-0.647188,-0.342291,0.120216
2.260000,0.166137,-0.025581,0.069753,-0.649876,-0.341411,0.119599
2.270000,0.165263,-0.025453,0.069398,-0.652550,-0.340535,0.118986
2.280000,0.164394,-0.025326,0.069044,-0.655211,-0.339662,0.118376
2.290000,0.163530,-0.025199,0.068691,-0.657859,-0.338792,0.117769
2.300000,0.162671,-0.025073,0.068341,-0.660493,-0.337925,0.117165
2.310000,0.161817,-0.024948,0.067993,-0.663114,-0.337061,0.116565
2.320000,0.160968,-0.024824,0.067646,-0.665721,-0.336201,0.115968
2.330000,0.160124,-0.024700,0.067302,-0.668315,-0.335344,0.115374
2.340000,0.159285,-0.024576,0.066959,-0.670897,-0.334489,0.114784
2.350000,0.158450,-0.024454,0.066618,-0.673465,-0.333638,0.114196
2.360000,0.157621,-0.024332,0.066279,-0.676019,-0.332790,0.113612
2.370000,0.156796,-0.024210,0.065941,-0.678561,-0.331945,0.113031
2.380000,0.155976,-0.024089,0.065606,-0.681090,-0.331103,0.112453
2.390000,0.155160,-0.023969,0.065272,-0.683606,-0.330265,0.111878
2.400000,0.154349,-0.023849,0.064940,-0.686109,-0.329429,0.111306
2.410000,0.153543,-0.023730,0.064609,-0.688598,-0.328596,0.110737
2.420000,0.152742,-0.023612,0.064281,-0.691076,-0.327766,0.110171
2.430000,0.151945,-0.023494,0.063954,-0.693540,-0.326939,0.109609
2.440000,0.151152,-0.023376,0.063629,-0.695991,-0.326115,0.109049
2.450000,0.150364,-0.023260,0.063305,-0.698430,-0.325294,0.108492
2.460000,0.149580,-0.023144,0.062984,-0.700856,-0.324475,0.107938
2.470000,0.148801,-0.023028,0.062664,-0.703270,-0.323660,0.107388
2.480000,0.148026,-0.022913,0.062345,-0.705670,-0.322848,0.106840
2.490000,0.147256,-0.022799,0.062029,-0.708059,-0.322038,0.106295
2.500000,0.146490,-0.022685,0.061714,-0.710434,-0.321231,0.105753
2.510000,0.145728,-0.022572,0.061400,-0.712798,-0.320427,0.105214
2.520000,0.144971,-0.022459,0.061089,-0.715149,-0.319626,0.104677
2.530000,0.144218,-0.022347,0.060779,-0.717487,-0.318828,0.104144
2.540000,0.143469,-0.022235,0.060470,-0.719813,-0.318032,0.103613
2.550000,0.142724,-0.022124,0.060163,-0.722127,-0.317239,0.103086
2.560000,0.141983,-0.022014,0.059858,-0.724429,-0.316449,0.102561
2.570000,0.141247,-0.021904,0.059555,-0.726718,-0.315662,0.102038
2.580000,0.140514,-0.021794,0.059253,-0.728995,-0.314877,0.101519
2.590000,0.139786,-0.021686,0.058952,-0.731261,-0.314095,0.101002
2.600000,0.139062,-0.021577,0.058653,-0.733514,-0.313316,0.100488
2.610000,0.138342,-0.021470,0.058356,-0.735755,-0.312540,0.099977
2.620000,0.137626,-0.021363,0.058060,-0.737984,-0.311766,0.099468
2.630000,0.136913,-0.021256,0.057766,-0.740201,-0.310994,0.098963
2.640000,0.136205,-0.021150,0.057474,-0.742407,-0.310226,0.098459
2.650000,0.135501,-0.021044,0.057183,-0.744600,-0.309460,0.097959
2.660000,0.134800,-0.020939,0.056893,-0.746782,-0.308696,0.097461
2.670000,0.134104,-0.020835,0.056605,-0.748952,-0.307935,0.096966
2.680000,0.133411,-0.020731,0.056318,-0.751110,-0.307177,0.096473
2.690000,0.132722,-0.020627,0.056033,-0.753257,-0.306421,0.095983
2.700000,0.132037,-0.020524,0.055750,-0.755392,-0.305668,0.095496
2.710000,0.131356,-0.020422,0.055468,-0.757515,-0.304917,0.095011
2.720000,0.130678,-0.020320,0.055187,-0.759627,-0.304169,0.094528
2.730000,0.130004,-0.020218,0.054908,-0.761728,-0.303424,0.094049
2.740000,0.129334,-0.020117,0.054630,-0.763817,-0.302681,0.093571
2.750000,0.128668,-0.020017,0.054354,-0.765894,-0.301940,0.093096
2.760000,0.128005,-0.019917,0.054079,-0.767961,-0.301202,0.092624
2.770000,0.127346,-0.019818,0.053805,-0.770016,-0.300466,0.092154
2.780000,0.126690,-0.019719,0.053533,-0.772060,-0.299733,0.091687
2.790000,0.126038,-0.019620,0.053263,-0.774092,-0.299002,0.091222
2.800000,0.125390,-0.019522,0.052994,-0.776114,-0.298273,0.090760
2.810000,0.124745,-0.019425,0.052726,-0.778124,-0.297547,0.090299
2.820000,0.124103,-0.019328,0.052459,-0.780124,-0.296823,0.089842
2.830000,0.123465,-0.019232,0.052194,-0.782112,-0.296102,0.089387
2.840000,0.122831,-0.019136,0.051931,-0.784090,-0.295383,0.088934
2.850000,0.122200,-0.019040,0.051668,-0.786056,-0.294667,0.088483
2.860000,0.121573,-0.018945,0.051408,-0.788012,-0.293952,0.088035
2.870000,0.120948,-0.018850,0.051148,-0.789957,-0.293240,0.087589
2.880000,0.120328,-0.018756,0.050890,-0.791891,-0.292531,0.087146
2.890000,0.119710,-0.018663,0.050633,-0.793814,-0.291824,0.086704
2.900000,0.119096,-0.018570,0.050377,-0.795727,-0.291119,0.086266
2.910000,0.118486,-0.018477,0.050123,-0.797629,-0.290416,0.085829
2.920000,0.117878,-0.018385,0.049870,-0.799520,-0.289715,0.085395
2.930000,0.117274,-0.018293,0.049618,-0.801401,-0.289017,0.084963
2.940000,0.116673,-0.018202,0.049368,-0.803272,-0.288321,0.084533
2.950000,0.116075,-0.018111,0.049119,-0.805132,-0.287628,0.084105
2.960000,0.115481,-0.018020,0.048871,-0.806981,-0.286936,0.083680
2.970000,0.114890,-0.017931,0.048625,-0.808821,-0.286247,0.083257
2.980000,0.114302,-0.017841,0.048380,-0.810650,-0.285560,0.082836
2.990000,0.113717,-0.017752,0.048136,-0.812468,-0.284875,0.082417
3.000000,0.113135,-0.017663,0.047893,-0.814277,-0.284192,0.082000
3.010000,0.112557,-0.017575,0.047652,-0.816075,-0.283512,0.081586
3.020000,0.111981,-0.017488,0.047411,-0.817863,-0.282833,0.081174
3.030000,0.111409,-0.017400,0.047172,-0.819642,-0.282157,0.080763
3.040000,0.110839,-0.017313,0.046935,-0.821410,-0.281483,0.080355
3.050000,0.110273,-0.017227,0.046698,-0.823168,-0.280811,0.079949
3.060000,0.109710,-0.017141,0.046463,-0.824916,-0.280141,0.079546
3.070000,0.109150,-0.017056,0.046229,-0.826654,-0.279473,0.079144
3.080000,0.108592,-0.016970,0.045996,-0.828383,-0.278808,0.078744
3.090000,0.108038,-0.016886,0.045764,-0.830102,-0.278144,0.078347
3.100000,0.107487,-0.016801,0.045534,-0.831810,-0.277483,0.077951
3.110000,0.106938,-0.016718,0.045304,-0.833510,-0.276823,0.077558
3.120000,0.106393,-0.016634,0.045076,-0.835199,-0.276166,0.077166
3.130000,0.105850,-0.016551,0.044849,-0.836879,-0.275511,0.076777
3.140000,0.105311,-0.016469,0.044624,-0.838550,-0.274858,0.076389
3.150000,0.104774,-0.016386,0.044399,-0.840210,-0.274206,0.076004
3.160000,0.104240,-0.016305,0.044175,-0.841862,-0.273557,0.075621
3.170000,0.103709,-0.016223,0.043953,-0.843504,-0.272910,0.075239
3.180000,0.103181,-0.016142,0.043732,-0.845136,-0.272265,0.074860
3.190000,0.102655,-0.016062,0.043512,-0.846760,-0.271622,0.074482
3.200000,0.102132,-0.015982,0.043293,-0.848373,-0.270980,0.074107
3.210000,0.101612,-0.015902,0.043075,-0.849978,-0.270341,0.073733
3.220000,0.101095,-0.015822,0.042858,-0.851574,-0.269704,0.073361
3.230000,0.100581,-0.015744,0.042643,-0.853160,-0.269068,0.072992
3.240000,0.100069,-0.015665,0.042428,-0.854737,-0.268435,0.072624
3.250000,0.099560,-0.015587,0.042215,-0.856305,-0.267804,0.072258
3.260000,0.099054,-0.015509,0.042003,-0.857864,-0.267174,0.071893
3.270000,0.098550,-0.015432,0.041791,-0.859414,-0.266546,0.071531
3.280000,0.098049,-0.015355,0.041581,-0.860955,-0.265921,0.071171
3.290000,0.097551,-0.015278,0.041372,-0.862487,-0.265297,0.070812
3.300000,0.097055,-0.015202,0.041164,-0.864011,-0.264675,0.070456
3.310000,0.096562,-0.015126,0.040957,-0.865525,-0.264055,0.070101
3.320000,0.096071,-0.015050,0.040751,-0.867031,-0.263437,0.069748
3.330000,0.095583,-0.014975,0.040547,-0.868528,-0.262820,0.069396
3.340000,0.095098,-0.014901,0.040343,-0.870017,-0.262206,0.069047
3.350000,0.094615,-0.014826,0.040140,-0.871496,-0.261593,0.068699
3.360000,0.094135,-0.014752,0.039938,-0.872967,-0.260983,0.068354
3.370000,0.093657,-0.014679,0.039738,-0.874430,-0.260374,0.068010
3.380000,0.093182,-0.014605,0.039538,-0.875884,-0.259767,0.067667
3.390000,0.092709,-0.014533,0.039339,-0.877330,-0.259161,0.067327
3.400000,0.092239,-0.014460,0.039142,-0.878767,-0.258558,0.066988
3.410000,0.091771,-0.014388,0.038945,-0.880196,-0.257956,0.066651
3.420000,0.091306,-0.014316,0.038749,-0.881616,-0.257356,0.066315
3.430000,0.090843,-0.014245,0.038555,-0.883028,-0.256758,0.065982
3.440000,0.090382,-0.014174,0.038361,-0.884432,-0.256162,0.065650
3.450000,0.089924,-0.014103,0.038169,-0.885828,-0.255567,0.065320
3.460000,0.089469,-0.014033,0.037977,-0.887215,-0.254974,0.064991
3.470000,0.089015,-0.013963,0.037786,-0.888595,-0.254383,0.064664
3.480000,0.088564,-0.013893,0.037596,-0.889966,-0.253794,0.064339
3.490000,0.088116,-0.013824,0.037408,-0.891329,-0.253206,0.064015
3.500000,0.087669,-0.013755,0.037220,-0.892684,-0.252621,0.063694
3.510000,0.087225,-0.013686,0.037033,-0.894032,-0.252036,0.063373
3.520000,0.086784,-0.013618,0.036847,-0.895371,-0.251454,0.063055
3.530000,0.086345,-0.013550,0.036662,-0.896703,-0.250873,0.062738
3.540000,0.085908,-0.013482,0.036478,-0.898026,-0.250294,0.062422
3.550000,0.085473,-0.013415,0.036295,-0.899342,-0.249717,0.062109
3.560000,0.085040,-0.013348,0.036113,-0.900650,-0.249141,0.061797
3.570000,0.084610,-0.013281,0.035932,-0.901950,-0.248567,0.061486
3.580000,0.084182,-0.013215,0.035752,-0.903243,-0.247995,0.061177
3.590000,0.083756,-0.013149,0.035572,-0.904528,-0.247424,0.060870
3.600000,0.083333,-0.013084,0.035394,-0.905806,-0.246855,0.060564
3.610000,0.082911,-0.013018,0.035216,-0.907075,-0.246288,0.060260
3.620000,0.082492,-0.012953,0.035039,-0.908338,-0.245722,0.059957
3.630000,0.082075,-0.012889,0.034864,-0.909593,-0.245158,0.059656
3.640000,0.081660,-0.012824,0.034689,-0.910840,-0.244596,0.059356
3.650000,0.081248,-0.012760,0.034515,-0.912080,-0.244035,0.059058
3.660000,0.080837,-0.012697,0.034342,-0.913313,-0.243476,0.058761
3.670000,0.080429,-0.012633,0.034170,-0.914538,-0.242918,0.058466
3.680000,0.080023,-0.012570,0.033998,-0.915756,-0.242362,0.058173
3.690000,0.079618,-0.012508,0.033828,-0.916967,-0.241808,0.057881
3.700000,0.079216,-0.012445,0.033658,-0.918171,-0.241255,0.057590
3.710000,0.078816,-0.012383,0.033489,-0.919367,-0.240704,0.057301
3.720000,0.078418,-0.012321,0.033321,-0.920556,-0.240154,0.057013
3.730000,0.078022,-0.012260,0.033154,-0.921739,-0.239606,0.056727
3.740000,0.077629,-0.012199,0.032988,-0.922914,-0.239059,0.056442
3.750000,0.077237,-0.012138,0.032823,-0.924082,-0.238514,0.056159
3.760000,0.076847,-0.012077,0.032658,-0.925243,-0.237971,0.055877
3.770000,0.076459,-0.012017,0.032495,-0.926397,-0.237429,0.055597
3.780000,0.076073,-0.011957,0.032332,-0.927545,-0.236889,0.055318
3.790000,0.075690,-0.011897,0.032170,-0.928685,-0.236350,0.055040
3.800000,0.075308,-0.011838,0.032008,-0.929819,-0.235812,0.054764
3.810000,0.074928,-0.011779,0.031848,-0.930946,-0.235277,0.054489
3.820000,0.074550,-0.011720,0.031688,-0.932066,-0.234742,0.054216
3.830000,0.074174,-0.011662,0.031530,-0.933179,-0.234209,0.053944
3.840000,0.073800,-0.011604,0.031372,-0.934286,-0.233678,0.053673
3.850000,0.073428,-0.011546,0.031214,-0.935386,-0.233148,0.053404
3.860000,0.073058,-0.011488,0.031058,-0.936480,-0.232620,0.053136
3.870000,0.072690,-0.011431,0.030902,-0.937567,-0.232093,0.052870
3.880000,0.072323,-0.011374,0.030748,-0.938647,-0.231568,0.052605
3.890000,0.071959,-0.011317,0.030594,-0.939721,-0.231044,0.052341
3.900000,0.071596,-0.011261,0.030440,-0.940788,-0.230521,0.052078
3.910000,0.071236,-0.011204,0.030288,-0.941849,-0.230000,0.051817
3.920000,0.070877,-0.011149,0.030136,-0.942904,-0.229481,0.051557
3.930000,0.070520,-0.011093,0.029985,-0.943952,-0.228962,0.051299
3.940000,0.070165,-0.011038,0.029835,-0.944994,-0.228446,0.051042
3.950000,0.069811,-0.010982,0.029686,-0.946029,-0.227931,0.050786
3.960000,0.069460,-0.010928,0.029537,-0.947059,-0.227417,0.050531
3.970000,0.069110,-0.010873,0.029389,-0.948082,-0.226904,0.050278
3.980000,0.068762,-0.010819,0.029242,-0.949099,-0.226393,0.050026
3.990000,0.068416,-0.010765,0.029095,-0.950110,-0.225884,0.049775
4.000000,0.068071,-0.010711,0.028950,-0.951114,-0.225375,0.049526
4.010000,0.067729,-0.010658,0.028805,-0.952113,-0.224869,0.049277
4.020000,0.067388,-0.010605,0.028661,-0.953106,-0.224363,0.049030
4.030000,0.067049,-0.010552,0.028517,-0.954092,-0.223859,0.048785
4.040000,0.066711,-0.010499,0.028374,-0.955073,-0.223357,0.048540
4.050000,0.066376,-0.010447,0.028232,-0.956047,-0.222855,0.048297
4.060000,0.066042,-0.010395,0.028091,-0.957016,-0.222355,0.048055
4.070000,0.065710,-0.010343,0.027950,-0.957979,-0.221857,0.047814
4.080000,0.065379,-0.010291,0.027810,-0.958936,-0.221360,0.047575
4.090000,0.065050,-0.010240,0.027671,-0.959887,-0.220864,0.047336
4.100000,0.064723,-0.010189,0.027533,-0.960833,-0.220369,0.047099
4.110000,0.064398,-0.010138,0.027395,-0.961772,-0.219876,0.046863
4.120000,0.064074,-0.010087,0.027258,-0.962706,-0.219384,0.046629
4.130000,0.063752,-0.010037,0.027121,-0.963634,-0.218894,0.046395
4.140000,0.063431,-0.009987,0.026986,-0.964557,-0.218405,0.046163
4.150000,0.063112,-0.009937,0.026851,-0.965474,-0.217917,0.045931
4.160000,0.062795,-0.009888,0.026716,-0.966385,-0.217430,0.045701
4.170000,0.062479,-0.009838,0.026583,-0.967291,-0.216945,0.045472
4.180000,0.062165,-0.009789,0.026450,-0.968192,-0.216461,0.045245
4.190000,0.061853,-0.009740,0.026317,-0.969086,-0.215979,0.045018
4.200000,0.061542,-0.009692,0.026186,-0.969976,-0.215497,0.044793
4.210000,0.061233,-0.009643,0.026054,-0.970860,-0.215017,0.044568
4.220000,0.060925,-0.009595,0.025924,-0.971738,-0.214539,0.044345
4.230000,0.060619,-0.009547,0.025794,-0.972611,-0.214061,0.044123
4.240000,0.060314,-0.009500,0.025665,-0.973479,-0.213585,0.043902
4.250000,0.060011,-0.009452,0.025537,-0.974342,-0.213110,0.043683
4.260000,0.059710,-0.009405,0.025409,-0.975199,-0.212637,0.043464
4.270000,0.059410,-0.009358,0.025282,-0.976051,-0.212164,0.043246
4.280000,0.059112,-0.009312,0.025156,-0.976898,-0.211693,0.043030
4.290000,0.058815,-0.009265,0.025030,-0.977739,-0.211223,0.042814
4.300000,0.058519,-0.009219,0.024905,-0.978576,-0.210755,0.042600
4.310000,0.058226,-0.009173,0.024780,-0.979407,-0.210287,0.042387
4.320000,0.057933,-0.009127,0.024656,-0.980233,-0.209821,0.042175
4.330000,0.057642,-0.009082,0.024533,-0.981054,-0.209356,0.041964
4.340000,0.057353,-0.009036,0.024410,-0.981871,-0.208893,0.041754
4.350000,0.057065,-0.008991,0.024288,-0.982682,-0.208430,0.041545
4.360000,0.056779,-0.008946,0.024167,-0.983488,-0.207969,0.041337
4.370000,0.056494,-0.008902,0.024046,-0.984289,-0.207509,0.041130
4.380000,0.056210,-0.008857,0.023925,-0.985085,-0.207050,0.040924
4.390000,0.055928,-0.008813,0.023806,-0.985877,-0.206593,0.040719
4.400000,0.055647,-0.008769,0.023687,-0.986663,-0.206136,0.040515
4.410000,0.055368,-0.008726,0.023568,-0.987445,-0.205681,0.040313
4.420000,0.055090,-0.008682,0.023450,-0.988222,-0.205227,0.040111
4.430000,0.054814,-0.008639,0.023333,-0.988994,-0.204775,0.039910
4.440000,0.054539,-0.008596,0.023216,-0.989761,-0.204323,0.039711
4.450000,0.054265,-0.008553,0.023100,-0.990523,-0.203873,0.039512
4.460000,0.053993,-0.008510,0.022985,-0.991281,-0.203423,0.039314
4.470000,0.053722,-0.008468,0.022870,-0.992034,-0.202975,0.039118
4.480000,0.053453,-0.008425,0.022756,-0.992783,-0.202528,0.038922
4.490000,0.053184,-0.008383,0.022642,-0.993527,-0.202083,0.038727
4.500000,0.052918,-0.008342,0.022529,-0.994266,-0.201638,0.038533
4.510000,0.052652,-0.008300,0.022416,-0.995001,-0.201195,0.038341
4.520000,0.052388,-0.008259,0.022304,-0.995731,-0.200752,0.038149
4.530000,0.052126,-0.008217,0.022192,-0.996457,-0.200311,0.037958
4.540000,0.051864,-0.008176,0.022082,-0.997178,-0.199871,0.037768
4.550000,0.051604,-0.008136,0.021971,-0.997895,-0.199432,0.037579
4.560000,0.051345,-0.008095,0.021861,-0.998607,-0.198995,0.037391
4.570000,0.051088,-0.008055,0.021752,-0.999315,-0.198558,0.037204
4.580000,0.050832,-0.008014,0.021643,-1.000019,-0.198123,0.037018
4.590000,0.050577,-0.007974,0.021535,-1.000718,-0.197688,0.036833
4.600000,0.050323,-0.007935,0.021428,-1.001413,-0.197255,0.036649
4.610000,0.050071,-0.007895,0.021320,-1.002104,-0.196823,0.036466
4.620000,0.049820,-0.007856,0.021214,-1.002790,-0.196392,0.036283
4.630000,0.049571,-0.007817,0.021108,-1.003472,-0.195962,0.036102
4.640000,0.049322,-0.007778,0.021002,-1.004150,-0.195534,0.035921
4.650000,0.049075,-0.007739,0.020897,-1.004824,-0.195106,0.035742
4.660000,0.048829,-0.007700,0.020793,-1.005493,-0.194679,0.035563
4.670000,0.048584,-0.007662,0.020689,-1.006158,-0.194254,0.035385
4.680000,0.048341,-0.007624,0.020586,-1.006819,-0.193829,0.035208
4.690000,0.048099,-0.007586,0.020483,-1.007477,-0.193406,0.035032
4.700000,0.047858,-0.007548,0.020380,-1.008130,-0.192984,0.034857
4.710000,0.047618,-0.007510,0.020279,-1.008778,-0.192563,0.034683
4.720000,0.047379,-0.007473,0.020177,-1.009423,-0.192143,0.034509
4.730000,0.047142,-0.007435,0.020076,-1.010064,-0.191724,0.034337
4.740000,0.046906,-0.007398,0.019976,-1.010701,-0.191306,0.034165
4.750000,0.046671,-0.007361,0.019876,-1.011334,-0.190889,0.033994
4.760000,0.046437,-0.007325,0.019777,-1.011963,-0.190473,0.033825
4.770000,0.046204,-0.007288,0.019678,-1.012588,-0.190058,0.033655
4.780000,0.045973,-0.007252,0.019580,-1.013209,-0.189645,0.033487
4.790000,0.045743,-0.007216,0.019482,-1.013827,-0.189232,0.033320
4.800000,0.045514,-0.007180,0.019385,-1.014440,-0.188820,0.033153
4.810000,0.045286,-0.007144,0.019288,-1.015050,-0.188410,0.032988
4.820000,0.045059,-0.007108,0.019191,-1.015656,-0.188000,0.032823
4.830000,0.044833,-0.007073,0.019096,-1.016258,-0.187592,0.032659
4.840000,0.044609,-0.007037,0.019000,-1.016856,-0.187184,0.032495
4.850000,0.044385,-0.007002,0.018905,-1.017451,-0.186778,0.032333
4.860000,0.044163,-0.006967,0.018811,-1.018042,-0.186372,0.032171
4.870000,0.043942,-0.006933,0.018717,-1.018629,-0.185968,0.032011
4.880000,0.043722,-0.006898,0.018623,-1.019213,-0.185565,0.031851
4.890000,0.043503,-0.006864,0.018530,-1.019793,-0.185162,0.031691
4.900000,0.043285,-0.006829,0.018438,-1.020369,-0.184761,0.031533
4.910000,0.043069,-0.006795,0.018346,-1.020942,-0.184360,0.031375
4.920000,0.042853,-0.006761,0.018254,-1.021511,-0.183961,0.031219
4.930000,0.042639,-0.006728,0.018163,-1.022077,-0.183563,0.031063
4.940000,0.042425,-0.006694,0.018072,-1.022639,-0.183165,0.030907
4.950000,0.042213,-0.006661,0.017982,-1.023197,-0.182769,0.030753
4.960000,0.042002,-0.006627,0.017892,-1.023752,-0.182373,0.030599
4.970000,0.041791,-0.006594,0.017803,-1.024304,-0.181979,0.030446
4.980000,0.041582,-0.006562,0.017714,-1.024852,-0.181586,0.030294
4.990000,0.041374,-0.006529,0.017625,-1.025397,-0.181193,0.030143
5.000000,0.041167,-0.006496,0.017537,-1.025938,-0.180802,0.029992
5.010000,0.040961,-0.006464,0.017450,-1.026476,-0.180411,0.029842
5.020000,0.040756,-0.006432,0.017362,-1.027010,-0.180022,0.029693
5.030000,0.040552,-0.006400,0.017276,-1.027542,-0.179633,0.029545
5.040000,0.040349,-0.006368,0.017189,-1.028070,-0.179245,0.029397
5.050000,0.040147,-0.006336,0.017104,-1.028594,-0.178859,0.029251
5.060000,0.039946,-0.006304,0.017018,-1.029115,-0.178473,0.029104
5.070000,0.039747,-0.006273,0.016933,-1.029633,-0.178088,0.028959
5.080000,0.039548,-0.006242,0.016849,-1.030148,-0.177705,0.028814
5.090000,0.039350,-0.006210,0.016764,-1.030660,-0.177322,0.028670
5.100000,0.039153,-0.006179,0.016681,-1.031168,-0.176940,0.028527
5.110000,0.038957,-0.006149,0.016597,-1.031673,-0.176559,0.028385
5.120000,0.038762,-0.006118,0.016514,-1.032175,-0.176179,0.028243
5.130000,0.038568,-0.006087,0.016432,-1.032674,-0.175800,0.028102
5.140000,0.038375,-0.006057,0.016350,-1.033170,-0.175422,0.027961
5.150000,0.038183,-0.006027,0.016268,-1.033662,-0.175044,0.027822
5.160000,0.037992,-0.005997,0.016187,-1.034152,-0.174668,0.027683
5.170000,0.037802,-0.005967,0.016106,-1.034638,-0.174293,0.027544
5.180000,0.037613,-0.005937,0.016026,-1.035122,-0.173918,0.027407
5.190000,0.037425,-0.005907,0.015946,-1.035602,-0.173545,0.027270
5.200000,0.037238,-0.005878,0.015866,-1.036079,-0.173172,0.027134
5.210000,0.037052,-0.005849,0.015787,-1.036554,-0.172800,0.026998
5.220000,0.036866,-0.005820,0.015708,-1.037025,-0.172429,0.026863
5.230000,0.036682,-0.005790,0.015630,-1.037493,-0.172060,0.026729
5.240000,0.036499,-0.005762,0.015552,-1.037959,-0.171691,0.026596
5.250000,0.036316,-0.005733,0.015474,-1.038421,-0.171322,0.026463
5.260000,0.036135,-0.005704,0.015397,-1.038881,-0.170955,0.026331
5.270000,0.035954,-0.005676,0.015320,-1.039338,-0.170589,0.026199
5.280000,0.035774,-0.005648,0.015243,-1.039792,-0.170223,0.026068
5.290000,0.035595,-0.005619,0.015167,-1.040243,-0.169859,0.025938
5.300000,0.035417,-0.005591,0.015092,-1.040691,-0.169495,0.025809
5.310000,0.035240,-0.005563,0.015016,-1.041136,-0.169132,0.025680
5.320000,0.035064,-0.005536,0.014941,-1.041579,-0.168771,0.025551
5.330000,0.034889,-0.005508,0.014867,-1.042018,-0.168410,0.025424
5.340000,0.034714,-0.005481,0.014792,-1.042455,-0.168049,0.025297
5.350000,0.034541,-0.005453,0.014719,-1.042890,-0.167690,0.025171
5.360000,0.034368,-0.005426,0.014645,-1.043321,-0.167332,0.025045
5.370000,0.034196,-0.005399,0.014572,-1.043750,-0.166974,0.024920
5.380000,0.034025,-0.005372,0.014499,-1.044176,-0.166617,0.024795
5.390000,0.033855,-0.005345,0.014427,-1.044599,-0.166262,0.024672
5.400000,0.033686,-0.005319,0.014355,-1.045020,-0.165907,0.024548
5.410000,0.033517,-0.005292,0.014283,-1.045438,-0.165553,0.024426
5.420000,0.033350,-0.005266,0.014212,-1.045853,-0.165199,0.024304
5.430000,0.033183,-0.005239,0.014141,-1.046266,-0.164847,0.024182
5.440000,0.033017,-0.005213,0.014070,-1.046676,-0.164495,0.024062
5.450000,0.032852,-0.005187,0.014000,-1.047084,-0.164145,0.023942
5.460000,0.032688,-0.005161,0.013930,-1.047489,-0.163795,0.023822
5.470000,0.032525,-0.005136,0.013861,-1.047892,-0.163446,0.023703
5.480000,0.032362,-0.005110,0.013791,-1.048292,-0.163097,0.023585
5.490000,0.032200,-0.005085,0.013723,-1.048689,-0.162750,0.023467
5.500000,0.032040,-0.005059,0.013654,-1.049084,-0.162403,0.023350
5.510000,0.031879,-0.005034,0.013586,-1.049476,-0.162058,0.023233
5.520000,0.031720,-0.005009,0.013518,-1.049866,-0.161713,0.023117
5.530000,0.031562,-0.004984,0.013451,-1.050254,-0.161369,0.023002
5.540000,0.031404,-0.004959,0.013383,-1.050639,-0.161026,0.022887
5.550000,0.031247,-0.004934,0.013317,-1.051021,-0.160683,0.022773
5.560000,0.031091,-0.004910,0.013250,-1.051401,-0.160342,0.022659
5.570000,0.030935,-0.004885,0.013184,-1.051779,-0.160001,0.022546
5.580000,0.030781,-0.004861,0.013118,-1.052155,-0.159661,0.022433
5.590000,0.030627,-0.004837,0.013053,-1.052528,-0.159322,0.022321
5.600000,0.030474,-0.004812,0.012988,-1.052898,-0.158983,0.022210
5.610000,0.030322,-0.004788,0.012923,-1.053267,-0.158646,0.022099
5.620000,0.030170,-0.004765,0.012858,-1.053633,-0.158309,0.021989
5.630000,0.030019,-0.004741,0.012794,-1.053996,-0.157973,0.021879
5.640000,0.029869,-0.004717,0.012730,-1.054358,-0.157638,0.021770
5.650000,0.029720,-0.004694,0.012667,-1.054717,-0.157303,0.021661
5.660000,0.029572,-0.004670,0.012603,-1.055074,-0.156970,0.021553
5.670000,0.029424,-0.004647,0.012541,-1.055428,-0.156637,0.021445
5.680000,0.029277,-0.004624,0.012478,-1.055780,-0.156305,0.021338
5.690000,0.029131,-0.004601,0.012416,-1.056130,-0.155974,0.021232
5.700000,0.028985,-0.004578,0.012354,-1.056478,-0.155643,0.021126
5.710000,0.028840,-0.004555,0.012292,-1.056824,-0.155314,0.021020
5.720000,0.028696,-0.004532,0.012231,-1.057167,-0.154985,0.020915
5.730000,0.028553,-0.004510,0.012170,-1.057509,-0.154657,0.020811
5.740000,0.028410,-0.004487,0.012109,-1.057848,-0.154329,0.020707
5.750000,0.028268,-0.004465,0.012048,-1.058185,-0.154003,0.020604
5.760000,0.028127,-0.004442,0.011988,-1.058520,-0.153677,0.020501
5.770000,0.027987,-0.004420,0.011929,-1.058852,-0.153352,0.020398
5.780000,0.027847,-0.004398,0.011869,-1.059183,-0.153027,0.020297
5.790000,0.027708,-0.004376,0.011810,-1.059511,-0.152704,0.020195
5.800000,0.027569,-0.004354,0.011751,-1.059838,-0.152381,0.020095
5.810000,0.027432,-0.004333,0.011692,-1.060162,-0.152059,0.019994
5.820000,0.027295,-0.004311,0.011634,-1.060485,-0.151738,0.019894
5.830000,0.027158,-0.004290,0.011576,-1.060805,-0.151417,0.019795
5.840000,0.027023,-0.004268,0.011518,-1.061123,-0.151098,0.019696
5.850000,0.026888,-0.004247,0.011461,-1.061439,-0.150779,0.019598
5.860000,0.026753,-0.004226,0.011403,-1.061753,-0.150460,0.019500
5.870000,0.026620,-0.004205,0.011346,-1.062066,-0.150143,0.019403
5.880000,0.026487,-0.004184,0.011290,-1.062376,-0.149826,0.019306
5.890000,0.026355,-0.004163,0.011233,-1.062684,-0.149510,0.019210
5.900000,0.026223,-0.004142,0.011177,-1.062990,-0.149195,0.019114
5.910000,0.026092,-0.004121,0.011122,-1.063295,-0.148880,0.019018
5.920000,0.025962,-0.004101,0.011066,-1.063597,-0.148566,0.018923
5.930000,0.025832,-0.004080,0.011011,-1.063898,-0.148253,0.018829
5.940000,0.025703,-0.004060,0.010956,-1.064196,-0.147941,0.018735
5.950000,0.025575,-0.004040,0.010901,-1.064493,-0.147629,0.018642
5.960000,0.025447,-0.004020,0.010847,-1.064788,-0.147318,0.018548
5.970000,0.025320,-0.004000,0.010793,-1.065081,-0.147008,0.018456
5.980000,0.025193,-0.003980,0.010739,-1.065372,-0.146699,0.018364
5.990000,0.025068,-0.003960,0.010685,-1.065661,-0.146390,0.018272
6.000000,0.024942,-0.003940,0.010632,-1.065948,-0.146082,0.018181
6.010000,0.024818,-0.003920,0.010579,-1.066234,-0.145774,0.018090
6.020000,0.024694,-0.003901,0.010526,-1.066518,-0.145468,0.018000
6.030000,0.024571,-0.003881,0.010474,-1.066800,-0.145162,0.017910
6.040000,0.024448,-0.003862,0.010421,-1.067080,-0.144857,0.017821
6.050000,0.024326,-0.003843,0.010369,-1.067358,-0.144552,0.017732
6.060000,0.024204,-0.003824,0.010318,-1.067635,-0.144248,0.017643
6.070000,0.024083,-0.003805,0.010266,-1.067910,-0.143945,0.017555
6.080000,0.023963,-0.003786,0.010215,-1.068183,-0.143643,0.017468
6.090000,0.023844,-0.003767,0.010164,-1.068454,-0.143341,0.017380
6.100000,0.023724,-0.003748,0.010113,-1.068724,-0.143040,0.017294
6.110000,0.023606,-0.003729,0.010063,-1.068992,-0.142740,0.017207
6.120000,0.023488,-0.003711,0.010012,-1.069258,-0.142440,0.017122
6.130000,0.023371,-0.003692,0.009963,-1.069522,-0.142141,0.017036
6.140000,0.023254,-0.003674,0.009913,-1.069785,-0.141843,0.016951
6.150000,0.023138,-0.003655,0.009863,-1.070046,-0.141545,0.016866
6.160000,0.023023,-0.003637,0.009814,-1.070306,-0.141249,0.016782
6.170000,0.022908,-0.003619,0.009765,-1.070564,-0.140952,0.016699
6.180000,0.022793,-0.003601,0.009716,-1.070820,-0.140657,0.016615
6.190000,0.022679,-0.003583,0.009668,-1.071074,-0.140362,0.016532
6.200000,0.022566,-0.003565,0.009620,-1.071327,-0.140068,0.016450
6.210000,0.022454,-0.003547,0.009572,-1.071579,-0.139774,0.016368
6.220000,0.022341,-0.003530,0.009524,-1.071828,-0.139482,0.016286
6.230000,0.022230,-0.003512,0.009476,-1.072077,-0.139189,0.016205
6.240000,0.022119,-0.003495,0.009429,-1.072323,-0.138898,0.016124
6.250000,0.022009,-0.003477,0.009382,-1.072568,-0.138607,0.016043
6.260000,0.021899,-0.003460,0.009335,-1.072812,-0.138317,0.015963
6.270000,0.021789,-0.003442,0.009289,-1.073054,-0.138027,0.015884
6.280000,0.021681,-0.003425,0.009242,-1.073294,-0.137739,0.015804
6.290000,0.021572,-0.003408,0.009196,-1.073533,-0.137450,0.015726
6.300000,0.021465,-0.003391,0.009150,-1.073770,-0.137163,0.015647
6.310000,0.021357,-0.003374,0.009105,-1.074006,-0.136876,0.015569
6.320000,0.021251,-0.003357,0.009059,-1.074240,-0.136590,0.015491
6.330000,0.021145,-0.003341,0.009014,-1.074473,-0.136304,0.015414
6.340000,0.021039,-0.003324,0.008969,-1.074704,-0.136019,0.015337
6.350000,0.020934,-0.003308,0.008924,-1.074934,-0.135735,0.015261
6.360000,0.020830,-0.003291,0.008880,-1.075162,-0.135452,0.015184
6.370000,0.020726,-0.003275,0.008836,-1.075389,-0.135169,0.015109
6.380000,0.020622,-0.003258,0.008791,-1.075615,-0.134886,0.015033
6.390000,0.020519,-0.003242,0.008748,-1.075839,-0.134605,0.014958
6.400000,0.020417,-0.003226,0.008704,-1.076061,-0.134323,0.014884
6.410000,0.020315,-0.003210,0.008661,-1.076282,-0.134043,0.014809
6.420000,0.020214,-0.003194,0.008617,-1.076502,-0.133763,0.014736
6.430000,0.020113,-0.003178,0.008574,-1.076720,-0.133484,0.014662
6.440000,0.020012,-0.003162,0.008532,-1.076937,-0.133206,0.014589
6.450000,0.019912,-0.003146,0.008489,-1.077153,-0.132928,0.014516
6.460000,0.019813,-0.003130,0.008447,-1.077367,-0.132651,0.014444
6.470000,0.019714,-0.003115,0.008404,-1.077580,-0.132374,0.014372
6.480000,0.019616,-0.003099,0.008363,-1.077791,-0.132098,0.014300
6.490000,0.019518,-0.003084,0.008321,-1.078002,-0.131823,0.014228
6.500000,0.019420,-0.003069,0.008279,-1.078210,-0.131548,0.014157
6.510000,0.019323,-0.003053,0.008238,-1.078418,-0.131274,0.014087
6.520000,0.019227,-0.003038,0.008197,-1.078624,-0.131000,0.014017
6.530000,0.019131,-0.003023,0.008156,-1.078829,-0.130727,0.013947
6.540000,0.019036,-0.003008,0.008115,-1.079032,-0.130455,0.013877
6.550000,0.018941,-0.002993,0.008075,-1.079234,-0.130183,0.013808
6.560000,0.018846,-0.002978,0.008035,-1.079435,-0.129912,0.013739
6.570000,0.018752,-0.002963,0.007994,-1.079635,-0.129642,0.013670
6.580000,0.018658,-0.002948,0.007955,-1.079833,-0.129372,0.013602
6.590000,0.018565,-0.002933,0.007915,-1.080030,-0.129103,0.013534
6.600000,0.018473,-0.002919,0.007875,-1.080226,-0.128834,0.013467
6.610000,0.018380,-0.002904,0.007836,-1.080421,-0.128566,0.013400
6.620000,0.018289,-0.002890,0.007797,-1.080614,-0.128299,0.013333
6.630000,0.018197,-0.002875,0.007758,-1.080806,-0.128032,0.013266
6.640000,0.018107,-0.002861,0.007719,-1.080997,-0.127765,0.013200
6.650000,0.018016,-0.002847,0.007681,-1.081187,-0.127500,0.013134
6.660000,0.017926,-0.002833,0.007643,-1.081375,-0.127235,0.013069
6.670000,0.017837,-0.002818,0.007604,-1.081562,-0.126970,0.013003
6.680000,0.017748,-0.002804,0.007567,-1.081748,-0.126707,0.012939
6.690000,0.017659,-0.002790,0.007529,-1.081933,-0.126443,0.012874
6.700000,0.017571,-0.002776,0.007491,-1.082117,-0.126181,0.012810
6.710000,0.017483,-0.002763,0.007454,-1.082299,-0.125919,0.012746
6.720000,0.017396,-0.002749,0.007417,-1.082481,-0.125657,0.012682
6.730000,0.017309,-0.002735,0.007380,-1.082661,-0.125396,0.012619
6.740000,0.017223,-0.002722,0.007343,-1.082840,-0.125136,0.012556
6.750000,0.017137,-0.002708,0.007306,-1.083018,-0.124876,0.012493
6.760000,0.017051,-0.002694,0.007270,-1.083194,-0.124617,0.012431
6.770000,0.016966,-0.002681,0.007233,-1.083370,-0.124358,0.012369
6.780000,0.016882,-0.002668,0.007197,-1.083544,-0.124100,0.012307
6.790000,0.016797,-0.002654,0.007161,-1.083718,-0.123843,0.012246
6.800000,0.016714,-0.002641,0.007126,-1.083890,-0.123586,0.012185
6.810000,0.016630,-0.002628,0.007090,-1.084061,-0.123330,0.012124
6.820000,0.016547,-0.002615,0.007055,-1.084231,-0.123074,0.012064
6.830000,0.016465,-0.002602,0.007020,-1.084400,-0.122819,0.012003
6.840000,0.016382,-0.002589,0.006985,-1.084568,-0.122564,0.011943
6.850000,0.016301,-0.002576,0.006950,-1.084735,-0.122310,0.011884
6.860000,0.016219,-0.002563,0.006915,-1.084901,-0.122057,0.011825
6.870000,0.016138,-0.002550,0.006881,-1.085065,-0.121804,0.011766
6.880000,0.016058,-0.002538,0.006846,-1.085229,-0.121551,0.011707
6.890000,0.015978,-0.002525,0.006812,-1.085391,-0.121300,0.011649
6.900000,0.015898,-0.002512,0.006778,-1.085553,-0.121048,0.011590
6.910000,0.015819,-0.002500,0.006744,-1.085713,-0.120798,0.011533
6.920000,0.015740,-0.002487,0.006711,-1.085873,-0.120548,0.011475
6.930000,0.015661,-0.002475,0.006677,-1.086031,-0.120298,0.011418
6.940000,0.015583,-0.002463,0.006644,-1.086189,-0.120049,0.011361
6.950000,0.015505,-0.002450,0.006611,-1.086345,-0.119801,0.011304
6.960000,0.015428,-0.002438,0.006578,-1.086501,-0.119553,0.011248
6.970000,0.015351,-0.002426,0.006545,-1.086655,-0.119305,0.011192
6.980000,0.015274,-0.002414,0.006512,-1.086809,-0.119059,0.011136
6.990000,0.015198,-0.002402,0.006480,-1.086961,-0.118812,0.011080
7.000000,0.015122,-0.002390,0.006448,-1.087112,-0.118567,0.011025
7.010000,0.015047,-0.002378,0.006415,-1.087263,-0.118321,0.010970
7.020000,0.014972,-0.002366,0.006383,-1.087413,-0.118077,0.010915
7.030000,0.014897,-0.002354,0.006352,-1.087561,-0.117833,0.010861
7.040000,0.014823,-0.002342,0.006320,-1.087709,-0.117589,0.010807
7.050000,0.014749,-0.002331,0.006288,-1.087855,-0.117346,0.010753
7.060000,0.014675,-0.002319,0.006257,-1.088001,-0.117104,0.010699
7.070000,0.014602,-0.002308,0.006226,-1.088146,-0.116862,0.010646
7.080000,0.014529,-0.002296,0.006195,-1.088290,-0.116620,0.010593
7.090000,0.014457,-0.002285,0.006164,-1.088433,-0.116379,0.010540
7.100000,0.014385,-0.002273,0.006133,-1.088575,-0.116139,0.010487
7.110000,0.014313,-0.002262,0.006102,-1.088716,-0.115899,0.010435
7.120000,0.014241,-0.002251,0.006072,-1.088856,-0.115660,0.010383
7.130000,0.014170,-0.002239,0.006042,-1.088996,-0.115421,0.010331
7.140000,0.014100,-0.002228,0.006012,-1.089134,-0.115183,0.010279
7.150000,0.014029,-0.002217,0.005982,-1.089272,-0.114945,0.010228
7.160000,0.013959,-0.002206,0.005952,-1.089408,-0.114708,0.010177
7.170000,0.013890,-0.002195,0.005922,-1.089544,-0.114471,0.010126
7.180000,0.013820,-0.002184,0.005892,-1.089679,-0.114235,0.010076
7.190000,0.013751,-0.002173,0.005863,-1.089813,-0.113999,0.010026
7.200000,0.013683,-0.002162,0.005834,-1.089946,-0.113764,0.009976
7.210000,0.013614,-0.002152,0.005805,-1.090079,-0.113530,0.009926
7.220000,0.013547,-0.002141,0.005776,-1.090210,-0.113296,0.009876
7.230000,0.013479,-0.002130,0.005747,-1.090341,-0.113062,0.009827
7.240000,0.013412,-0.002120,0.005718,-1.090471,-0.112829,0.009778
7.250000,0.013345,-0.002109,0.005690,-1.090600,-0.112596,0.009729
7.260000,0.013278,-0.002098,0.005661,-1.090728,-0.112364,0.009681
7.270000,0.013212,-0.002088,0.005633,-1.090855,-0.112133,0.009632
7.280000,0.013146,-0.002078,0.005605,-1.090982,-0.111902,0.009584
7.290000,0.013080,-0.002067,0.005577,-1.091107,-0.111671,0.009537
7.300000,0.013015,-0.002057,0.005549,-1.091232,-0.111441,0.009489
7.310000,0.012950,-0.002047,0.005522,-1.091356,-0.111211,0.009442
7.320000,0.012886,-0.002036,0.005494,-1.091480,-0.110982,0.009395
7.330000,0.012821,-0.002026,0.005467,-1.091602,-0.110754,0.009348
7.340000,0.012757,-0.002016,0.005439,-1.091724,-0.110526,0.009301
7.350000,0.012694,-0.002006,0.005412,-1.091845,-0.110298,0.009255
7.360000,0.012630,-0.001996,0.005385,-1.091965,-0.110071,0.009209
7.370000,0.012567,-0.001986,0.005358,-1.092084,-0.109845,0.009163
7.380000,0.012505,-0.001976,0.005332,-1.092203,-0.109619,0.009117
7.390000,0.012442,-0.001966,0.005305,-1.092321,-0.109393,0.009071
7.400000,0.012380,-0.001957,0.005279,-1.092438,-0.109168,0.009026
7.410000,0.012318,-0.001947,0.005252,-1.092554,-0.108943,0.008981
7.420000,0.012257,-0.001937,0.005226,-1.092670,-0.108719,0.008936
7.430000,0.012196,-0.001927,0.005200,-1.092785,-0.108496,0.008892
7.440000,0.012135,-0.001918,0.005174,-1.092899,-0.108273,0.008847
7.450000,0.012074,-0.001908,0.005148,-1.093012,-0.108050,0.008803
7.460000,0.012014,-0.001899,0.005123,-1.093125,-0.107828,0.008759
7.470000,0.011954,-0.001889,0.005097,-1.093237,-0.107606,0.008716
7.480000,0.011895,-0.001880,0.005072,-1.093348,-0.107385,0.008672
7.490000,0.011835,-0.001870,0.005046,-1.093459,-0.107164,0.008629
7.500000,0.011776,-0.001861,0.005021,-1.093568,-0.106944,0.008586
7.510000,0.011717,-0.001852,0.004996,-1.093678,-0.106724,0.008543
7.520000,0.011659,-0.001843,0.004971,-1.093786,-0.106505,0.008500
7.530000,0.011601,-0.001833,0.004946,-1.093894,-0.106286,0.008458
7.540000,0.011543,-0.001824,0.004922,-1.094001,-0.106068,0.008416
7.550000,0.011485,-0.001815,0.004897,-1.094107,-0.105850,0.008374
7.560000,0.011428,-0.001806,0.004873,-1.094213,-0.105633,0.008332
7.570000,0.011371,-0.001797,0.004848,-1.094318,-0.105416,0.008291
7.580000,0.011314,-0.001788,0.004824,-1.094422,-0.105199,0.008249
7.590000,0.011258,-0.001779,0.004800,-1.094526,-0.104983,0.008208
7.600000,0.011202,-0.001770,0.004776,-1.094629,-0.104768,0.008167
7.610000,0.011146,-0.001762,0.004752,-1.094731,-0.104553,0.008126
7.620000,0.011090,-0.001753,0.004729,-1.094832,-0.104338,0.008086
7.630000,0.011035,-0.001744,0.004705,-1.094933,-0.104124,0.008045
7.640000,0.010980,-0.001735,0.004682,-1.095034,-0.103910,0.008005
7.650000,0.010925,-0.001727,0.004658,-1.095133,-0.103697,0.007965
7.660000,0.010871,-0.001718,0.004635,-1.095233,-0.103485,0.007926
7.670000,0.010816,-0.001709,0.004612,-1.095331,-0.103272,0.007886
7.680000,0.010762,-0.001701,0.004589,-1.095429,-0.103060,0.007847
7.690000,0.010709,-0.001692,0.004566,-1.095526,-0.102849,0.007808
7.700000,0.010655,-0.001684,0.004543,-1.095622,-0.102638,0.007769
7.710000,0.010602,-0.001676,0.004521,-1.095718,-0.102428,0.007730
7.720000,0.010549,-0.001667,0.004498,-1.095814,-0.102218,0.007691
7.730000,0.010497,-0.001659,0.004476,-1.095908,-0.102008,0.007653
7.740000,0.010444,-0.001651,0.004453,-1.096002,-0.101799,0.007615
7.750000,0.010392,-0.001642,0.004431,-1.096096,-0.101590,0.007577
7.760000,0.010340,-0.001634,0.004409,-1.096189,-0.101382,0.007539
7.770000,0.010289,-0.001626,0.004387,-1.096281,-0.101175,0.007501
7.780000,0.010237,-0.001618,0.004365,-1.096373,-0.100967,0.007464
7.790000,0.010186,-0.001610,0.004343,-1.096464,-0.100760,0.007427
7.800000,0.010136,-0.001602,0.004322,-1.096554,-0.100554,0.007390
7.810000,0.010085,-0.001594,0.004300,-1.096644,-0.100348,0.007353
7.820000,0.010035,-0.001586,0.004279,-1.096734,-0.100142,0.007316
7.830000,0.009985,-0.001578,0.004257,-1.096822,-0.099937,0.007280
7.840000,0.009935,-0.001570,0.004236,-1.096911,-0.099733,0.007243
7.850000,0.009885,-0.001562,0.004215,-1.096998,-0.099529,0.007207
7.860000,0.009836,-0.001555,0.004194,-1.097085,-0.099325,0.007171
7.870000,0.009787,-0.001547,0.004173,-1.097172,-0.099121,0.007136
7.880000,0.009738,-0.001539,0.004152,-1.097258,-0.098919,0.007100
7.890000,0.009689,-0.001531,0.004131,-1.097343,-0.098716,0.007065
7.900000,0.009641,-0.001524,0.004111,-1.097428,-0.098514,0.007029
7.910000,0.009593,-0.001516,0.004090,-1.097512,-0.098313,0.006994
7.920000,0.009545,-0.001509,0.004070,-1.097596,-0.098111,0.006959
7.930000,0.009498,-0.001501,0.004050,-1.097679,-0.097911,0.006925
7.940000,0.009450,-0.001494,0.004029,-1.097762,-0.097710,0.006890
7.950000,0.009403,-0.001486,0.004009,-1.097844,-0.097511,0.006856
7.960000,0.009356,-0.001479,0.003989,-1.097926,-0.097311,0.006822
7.970000,0.009309,-0.001471,0.003969,-1.098007,-0.097112,0.006788
7.980000,0.009263,-0.001464,0.003950,-1.098087,-0.096913,0.006754
7.990000,0.009217,-0.001457,0.003930,-1.098167,-0.096715,0.006720
8.000000,0.009171,-0.001449,0.003910,-1.098247,-0.096518,0.006686
8.010000,0.009125,-0.001442,0.003891,-1.098326,-0.096320,0.006653
8.020000,0.009080,-0.001435,0.003871,-1.098405,-0.096123,0.006620
8.030000,0.009034,-0.001428,0.003852,-1.098483,-0.095927,0.006587
8.040000,0.008989,-0.001421,0.003833,-1.098560,-0.095731,0.006554
8.050000,0.008944,-0.001414,0.003814,-1.098637,-0.095535,0.006521
8.060000,0.008900,-0.001407,0.003795,-1.098714,-0.095340,0.006489
8.070000,0.008855,-0.001400,0.003776,-1.098790,-0.095145,0.006456
8.080000,0.008811,-0.001393,0.003757,-1.098865,-0.094951,0.006424
8.090000,0.008767,-0.001386,0.003738,-1.098940,-0.094757,0.006392
8.100000,0.008724,-0.001379,0.003720,-1.099015,-0.094563,0.006360
8.110000,0.008680,-0.001372,0.003701,-1.099089,-0.094370,0.006329
8.120000,0.008637,-0.001365,0.003683,-1.099163,-0.094177,0.006297
8.130000,0.008594,-0.001358,0.003664,-1.099236,-0.093985,0.006266
8.140000,0.008551,-0.001351,0.003646,-1.099308,-0.093793,0.006234
8.150000,0.008508,-0.001345,0.003628,-1.099381,-0.093602,0.006203
8.160000,0.008466,-0.001338,0.003610,-1.099452,-0.093411,0.006172
8.170000,0.008423,-0.001331,0.003592,-1.099524,-0.093220,0.006142
8.180000,0.008381,-0.001325,0.003574,-1.099595,-0.093030,0.006111
8.190000,0.008340,-0.001318,0.003556,-1.099665,-0.092840,0.006080
8.200000,0.008298,-0.001312,0.003538,-1.099735,-0.092650,0.006050
8.210000,0.008257,-0.001305,0.003521,-1.099804,-0.092461,0.006020
8.220000,0.008215,-0.001298,0.003503,-1.099873,-0.092273,0.005990
8.230000,0.008174,-0.001292,0.003486,-1.099942,-0.092084,0.005960
8.240000,0.008134,-0.001286,0.003468,-1.100010,-0.091896,0.005930
8.250000,0.008093,-0.001279,0.003451,-1.100078,-0.091709,0.005901
8.260000,0.008053,-0.001273,0.003434,-1.100145,-0.091522,0.005871
8.270000,0.008013,-0.001266,0.003417,-1.100212,-0.091335,0.005842
8.280000,0.007973,-0.001260,0.003399,-1.100278,-0.091149,0.005813
8.290000,0.007933,-0.001254,0.003383,-1.100344,-0.090963,0.005784
8.300000,0.007893,-0.001248,0.003366,-1.100410,-0.090778,0.005755
8.310000,0.007854,-0.001241,0.003349,-1.100475,-0.090592,0.005726
8.320000,0.007815,-0.001235,0.003332,-1.100540,-0.090408,0.005698
8.330000,0.007776,-0.001229,0.003316,-1.100604,-0.090223,0.005669
8.340000,0.007737,-0.001223,0.003299,-1.100668,-0.090040,0.005641
8.350000,0.007698,-0.001217,0.003283,-1.100731,-0.089856,0.005613
8.360000,0.007660,-0.001211,0.003266,-1.100794,-0.089673,0.005585
8.370000,0.007622,-0.001205,0.003250,-1.100857,-0.089490,0.005557
8.380000,0.007584,-0.001199,0.003234,-1.100919,-0.089308,0.005529
8.390000,0.007546,-0.001193,0.003218,-1.100981,-0.089126,0.005502
8.400000,0.007508,-0.001187,0.003202,-1.101042,-0.088944,0.005474
8.410000,0.007471,-0.001181,0.003186,-1.101103,-0.088763,0.005447
8.420000,0.007434,-0.001175,0.003170,-1.101164,-0.088582,0.005420
8.430000,0.007396,-0.001169,0.003154,-1.101224,-0.088402,0.005393
8.440000,0.007360,-0.001163,0.003138,-1.101284,-0.088222,0.005366
8.450000,0.007323,-0.001157,0.003122,-1.101344,-0.088042,0.005339
8.460000,0.007286,-0.001152,0.003107,-1.101403,-0.087863,0.005313
8.470000,0.007250,-0.001146,0.003091,-1.101462,-0.087684,0.005286
8.480000,0.007214,-0.001140,0.003076,-1.101520,-0.087505,0.005260
8.490000,0.007178,-0.001134,0.003061,-1.101578,-0.087327,0.005233
8.500000,0.007142,-0.001129,0.003045,-1.101636,-0.087149,0.005207
8.510000,0.007106,-0.001123,0.003030,-1.101693,-0.086972,0.005181
8.520000,0.007071,-0.001118,0.003015,-1.101750,-0.086795,0.005156
8.530000,0.007036,-0.001112,0.003000,-1.101806,-0.086618,0.005130
8.540000,0.007001,-0.001106,0.002985,-1.101862,-0.086442,0.005104
8.550000,0.006966,-0.001101,0.002970,-1.101918,-0.086266,0.005079
8.560000,0.006931,-0.001095,0.002955,-1.101973,-0.086090,0.005053
8.570000,0.006896,-0.001090,0.002941,-1.102029,-0.085915,0.005028
8.580000,0.006862,-0.001085,0.002926,-1.102083,-0.085740,0.005003
8.590000,0.006828,-0.001079,0.002911,-1.102138,-0.085566,0.004978
8.600000,0.006794,-0.001074,0.002897,-1.102192,-0.085392,0.004953
8.610000,0.006760,-0.001068,0.002882,-1.102245,-0.085218,0.004929
8.620000,0.006726,-0.001063,0.002868,-1.102299,-0.085045,0.004904
8.630000,0.006693,-0.001058,0.002854,-1.102352,-0.084872,0.004880
8.640000,0.006659,-0.001053,0.002839,-1.102404,-0.084699,0.004855
8.650000,0.006626,-0.001047,0.002825,-1.102456,-0.084527,0.004831
8.660000,0.006593,-0.001042,0.002811,-1.102508,-0.084355,0.004807
8.670000,0.006560,-0.001037,0.002797,-1.102560,-0.084184,0.004783
8.680000,0.006527,-0.001032,0.002783,-1.102611,-0.084012,0.004759
8.690000,0.006495,-0.001027,0.002769,-1.102662,-0.083842,0.004735
8.700000,0.006462,-0.001021,0.002756,-1.102713,-0.083671,0.004712
8.710000,0.006430,-0.001016,0.002742,-1.102763,-0.083501,0.004688
8.720000,0.006398,-0.001011,0.002728,-1.102813,-0.083331,0.004665
8.730000,0.006366,-0.001006,0.002715,-1.102863,-0.083162,0.004642
8.740000,0.006334,-0.001001,0.002701,-1.102912,-0.082993,0.004618
8.750000,0.006303,-0.000996,0.002688,-1.102961,-0.082824,0.004595
8.760000,0.006271,-0.000991,0.002674,-1.103010,-0.082656,0.004573
8.770000,0.006240,-0.000986,0.002661,-1.103058,-0.082488,0.004550
8.780000,0.006209,-0.000981,0.002647,-1.103106,-0.082320,0.004527
8.790000,0.006178,-0.000976,0.002634,-1.103154,-0.082153,0.004504
8.800000,0.006147,-0.000972,0.002621,-1.103201,-0.081986,0.004482
8.810000,0.006116,-0.000967,0.002608,-1.103249,-0.081820,0.004460
8.820000,0.006086,-0.000962,0.002595,-1.103295,-0.081653,0.004437
8.830000,0.006056,-0.000957,0.002582,-1.103342,-0.081488,0.004415
8.840000,0.006025,-0.000952,0.002569,-1.103388,-0.081322,0.004393
8.850000,0.005995,-0.000948,0.002556,-1.103434,-0.081157,0.004371
8.860000,0.005965,-0.000943,0.002544,-1.103480,-0.080992,0.004350
8.870000,0.005936,-0.000938,0.002531,-1.103525,-0.080828,0.004328
8.880000,0.005906,-0.000933,0.002518,-1.103570,-0.080664,0.004306
8.890000,0.005877,-0.000929,0.002506,-1.103615,-0.080500,0.004285
8.900000,0.005847,-0.000924,0.002493,-1.103660,-0.080336,0.004263
8.910000,0.005818,-0.000920,0.002481,-1.103704,-0.080173,0.004242
8.920000,0.005789,-0.000915,0.002469,-1.103748,-0.080010,0.004221
8.930000,0.005760,-0.000910,0.002456,-1.103791,-0.079848,0.004200
8.940000,0.005731,-0.000906,0.002444,-1.103835,-0.079686,0.004179
8.950000,0.005703,-0.000901,0.002432,-1.103878,-0.079524,0.004158
8.960000,0.005674,-0.000897,0.002420,-1.103920,-0.079363,0.004137
8.970000,0.005646,-0.000892,0.002408,-1.103963,-0.079202,0.004117
8.980000,0.005618,-0.000888,0.002396,-1.104005,-0.079041,0.004096
8.990000,0.005590,-0.000884,0.002384,-1.104047,-0.078881,0.004076
9.000000,0.005562,-0.000879,0.002372,-1.104089,-0.078721,0.004055
9.010000,0.005534,-0.000875,0.002360,-1.104130,-0.078561,0.004035
9.020000,0.005507,-0.000870,0.002348,-1.104171,-0.078402,0.004015
9.030000,0.005479,-0.000866,0.002336,-1.104212,-0.078243,0.003995
9.040000,0.005452,-0.000862,0.002325,-1.104253,-0.078084,0.003975
9.050000,0.005425,-0.000857,0.002313,-1.104293,-0.077925,0.003955
9.060000,0.005398,-0.000853,0.002302,-1.104333,-0.077767,0.003936
9.070000,0.005371,-0.000849,0.002290,-1.104373,-0.077610,0.003916
9.080000,0.005344,-0.000845,0.002279,-1.104413,-0.077452,0.003896
9.090000,0.005317,-0.000840,0.002267,-1.104452,-0.077295,0.003877
9.100000,0.005291,-0.000836,0.002256,-1.104491,-0.077139,0.003858
9.110000,0.005264,-0.000832,0.002245,-1.104530,-0.076982,0.003838
9.120000,0.005238,-0.000828,0.002234,-1.104569,-0.076826,0.003819
9.130000,0.005212,-0.000824,0.002222,-1.104607,-0.076670,0.003800
9.140000,0.005186,-0.000820,0.002211,-1.104645,-0.076515,0.003781
9.150000,0.005160,-0.000816,0.002200,-1.104683,-0.076360,0.003762
9.160000,0.005134,-0.000812,0.002189,-1.104721,-0.076205,0.003744
9.170000,0.005109,-0.000807,0.002178,-1.104758,-0.076050,0.003725
9.180000,0.005083,-0.000803,0.002168,-1.104795,-0.075896,0.003706
9.190000,0.005058,-0.000799,0.002157,-1.104832,-0.075743,0.003688
9.200000,0.005033,-0.000795,0.002146,-1.104869,-0.075589,0.003670
9.210000,0.005008,-0.000792,0.002135,-1.104905,-0.075436,0.003651
9.220000,0.004983,-0.000788,0.002125,-1.104941,-0.075283,0.003633
9.230000,0.004958,-0.000784,0.002114,-1.104977,-0.075130,0.003615
9.240000,0.004933,-0.000780,0.002104,-1.105013,-0.074978,0.003597
9.250000,0.004909,-0.000776,0.002093,-1.105048,-0.074826,0.003579
9.260000,0.004884,-0.000772,0.002083,-1.105084,-0.074675,0.003561
9.270000,0.004860,-0.000768,0.002072,-1.105119,-0.074523,0.003543
9.280000,0.004835,-0.000764,0.002062,-1.105153,-0.074373,0.003526
9.290000,0.004811,-0.000760,0.002052,-1.105188,-0.074222,0.003508
9.300000,0.004787,-0.000757,0.002041,-1.105222,-0.074072,0.003491
9.310000,0.004763,-0.000753,0.002031,-1.105256,-0.073922,0.003473
9.320000,0.004740,-0.000749,0.002021,-1.105290,-0.073772,0.003456
9.330000,0.004716,-0.000745,0.002011,-1.105324,-0.073622,0.003439
9.340000,0.004693,-0.000742,0.002001,-1.105357,-0.073473,0.003421
9.350000,0.004669,-0.000738,0.001991,-1.105391,-0.073325,0.003404
9.360000,0.004646,-0.000734,0.001981,-1.105424,-0.073176,0.003387
9.370000,0.004623,-0.000731,0.001971,-1.105457,-0.073028,0.003370
9.380000,0.004600,-0.000727,0.001961,-1.105489,-0.072880,0.003354
9.390000,0.004577,-0.000723,0.001952,-1.105522,-0.072733,0.003337
9.400000,0.004554,-0.000720,0.001942,-1.105554,-0.072585,0.003320
9.410000,0.004531,-0.000716,0.001932,-1.105586,-0.072438,0.003304
9.420000,0.004509,-0.000713,0.001922,-1.105618,-0.072292,0.003287
9.430000,0.004486,-0.000709,0.001913,-1.105649,-0.072145,0.003271
9.440000,0.004464,-0.000706,0.001903,-1.105681,-0.071999,0.003255
9.450000,0.004441,-0.000702,0.001894,-1.105712,-0.071854,0.003238
9.460000,0.004419,-0.000699,0.001884,-1.105743,-0.071708,0.003222
9.470000,0.004397,-0.000695,0.001875,-1.105773,-0.071563,0.003206
9.480000,0.004375,-0.000692,0.001866,-1.105804,-0.071418,0.003190
9.490000,0.004353,-0.000688,0.001856,-1.105834,-0.071274,0.003174
9.500000,0.004332,-0.000685,0.001847,-1.105865,-0.071130,0.003158
9.510000,0.004310,-0.000681,0.001838,-1.105895,-0.070986,0.003143
9.520000,0.004289,-0.000678,0.001829,-1.105924,-0.070842,0.003127
9.530000,0.004267,-0.000674,0.001820,-1.105954,-0.070699,0.003111
9.540000,0.004246,-0.000671,0.001811,-1.105983,-0.070556,0.003096
9.550000,0.004225,-0.000668,0.001801,-1.106013,-0.070413,0.003080
9.560000,0.004204,-0.000664,0.001792,-1.106042,-0.070271,0.003065
9.570000,0.004183,-0.000661,0.001784,-1.106070,-0.070129,0.003050
9.580000,0.004162,-0.000658,0.001775,-1.106099,-0.069987,0.003035
9.590000,0.004141,-0.000655,0.001766,-1.106128,-0.069845,0.003019
9.600000,0.004120,-0.000651,0.001757,-1.106156,-0.069704,0.003004
9.610000,0.004100,-0.000648,0.001748,-1.106184,-0.069563,0.002989
9.620000,0.004079,-0.000645,0.001740,-1.106212,-0.069422,0.002974
9.630000,0.004059,-0.000642,0.001731,-1.106240,-0.069282,0.002960
9.640000,0.004039,-0.000638,0.001722,-1.106267,-0.069142,0.002945
9.650000,0.004019,-0.000635,0.001714,-1.106295,-0.069002,0.002930
9.660000,0.003999,-0.000632,0.001705,-1.106322,-0.068863,0.002916
9.670000,0.003979,-0.000629,0.001697,-1.106349,-0.068723,0.002901
9.680000,0.003959,-0.000626,0.001688,-1.106376,-0.068584,0.002887
9.690000,0.003939,-0.000623,0.001680,-1.106402,-0.068446,0.002872
9.700000,0.003919,-0.000620,0.001671,-1.106429,-0.068307,0.002858
9.710000,0.003900,-0.000616,0.001663,-1.106455,-0.068169,0.002844
9.720000,0.003880,-0.000613,0.001655,-1.106481,-0.068032,0.002829
9.730000,0.003861,-0.000610,0.001646,-1.106507,-0.067894,0.002815
9.740000,0.003842,-0.000607,0.001638,-1.106533,-0.067757,0.002801
9.750000,0.003823,-0.000604,0.001630,-1.106559,-0.067620,0.002787
9.760000,0.003804,-0.000601,0.001622,-1.106584,-0.067483,0.002773
9.770000,0.003785,-0.000598,0.001614,-1.106610,-0.067347,0.002760
9.780000,0.003766,-0.000595,0.001606,-1.106635,-0.067211,0.002746
9.790000,0.003747,-0.000592,0.001598,-1.106660,-0.067075,0.002732
9.800000,0.003728,-0.000589,0.001590,-1.106685,-0.066940,0.002718
9.810000,0.003710,-0.000586,0.001582,-1.106709,-0.066804,0.002705
9.820000,0.003691,-0.000583,0.001574,-1.106734,-0.066669,0.002691
9.830000,0.003673,-0.000581,0.001566,-1.106758,-0.066535,0.002678
9.840000,0.003654,-0.000578,0.001558,-1.106783,-0.066400,0.002665
9.850000,0.003636,-0.000575,0.001551,-1.106807,-0.066266,0.002651
9.860000,0.003618,-0.000572,0.001543,-1.106831,-0.066132,0.002638
9.870000,0.003600,-0.000569,0.001535,-1.106854,-0.065999,0.002625
9.880000,0.003582,-0.000566,0.001527,-1.106878,-0.065866,0.002612
9.890000,0.003564,-0.000563,0.001520,-1.106901,-0.065732,0.002599
9.900000,0.003546,-0.000561,0.001512,-1.106925,-0.065600,0.002586
9.910000,0.003529,-0.000558,0.001505,-1.106948,-0.065467,0.002573
9.920000,0.003511,-0.000555,0.001497,-1.106971,-0.065335,0.002560
9.930000,0.003494,-0.000552,0.001490,-1.106994,-0.065203,0.002547
9.940000,0.003476,-0.000549,0.001482,-1.107016,-0.065071,0.002535
9.950000,0.003459,-0.000547,0.001475,-1.107039,-0.064940,0.002522
9.960000,0.003442,-0.000544,0.001468,-1.107061,-0.064809,0.002509
9.970000,0.003425,-0.000541,0.001460,-1.107084,-0.064678,0.002497
9.980000,0.003407,-0.000539,0.001453,-1.107106,-0.064548,0.002484
9.990000,0.003390,-0.000536,0.001446,-1.107128,-0.064417,0.002472
10.000000,0.003374,-0.000533,0.001439,-1.107150,-0.064287,0.002460
