0.000000,-0.801357,-0.030129,0.911119,-0.735455,-0.715706,0.334751
0.010000,-0.792314,-0.029978,0.913188,-0.737686,-0.712608,0.332711
0.020000,-0.783483,-0.029828,0.915202,-0.739905,-0.709536,0.330687
0.030000,-0.774857,-0.029679,0.917161,-0.742112,-0.706490,0.328681
0.040000,-0.766428,-0.029531,0.919066,-0.744307,-0.703470,0.326690
0.050000,-0.758186,-0.029384,0.920918,-0.746490,-0.700475,0.324716
0.060000,-0.750127,-0.029237,0.922717,-0.748662,-0.697505,0.322758
0.070000,-0.742241,-0.029091,0.924464,-0.750822,-0.694560,0.320816
0.080000,-0.734524,-0.028945,0.926160,-0.752970,-0.691639,0.318890
0.090000,-0.726968,-0.028801,0.927804,-0.755106,-0.688742,0.316979
0.100000,-0.719568,-0.028657,0.929398,-0.757231,-0.685869,0.315083
0.110000,-0.712319,-0.028514,0.930941,-0.759345,-0.683019,0.313202
0.120000,-0.705215,-0.028371,0.932435,-0.761447,-0.680192,0.311336
0.130000,-0.698251,-0.028230,0.933880,-0.763537,-0.677388,0.309485
0.140000,-0.691422,-0.028089,0.935276,-0.765617,-0.674607,0.307649
0.150000,-0.684724,-0.027948,0.936623,-0.767684,-0.671847,0.305826
0.160000,-0.678153,-0.027809,0.937923,-0.769741,-0.669110,0.304018
0.170000,-0.671704,-0.027670,0.939176,-0.771786,-0.666394,0.302224
0.180000,-0.665373,-0.027532,0.940381,-0.773821,-0.663699,0.300444
0.190000,-0.659157,-0.027394,0.941540,-0.775844,-0.661025,0.298677
0.200000,-0.653053,-0.027257,0.942653,-0.777856,-0.658372,0.296924
0.210000,-0.647056,-0.027121,0.943720,-0.779856,-0.655740,0.295184
0.220000,-0.641163,-0.026986,0.944741,-0.781846,-0.653127,0.293458
0.230000,-0.635371,-0.026851,0.945718,-0.783825,-0.650535,0.291744
0.240000,-0.629678,-0.026717,0.946649,-0.785793,-0.647962,0.290044
0.250000,-0.624080,-0.026583,0.947537,-0.787750,-0.645409,0.288356
0.260000,-0.618575,-0.026450,0.948381,-0.789697,-0.642875,0.286681
0.270000,-0.613160,-0.026318,0.949181,-0.791632,-0.640360,0.285018
0.280000,-0.607832,-0.026187,0.949937,-0.793557,-0.637863,0.283367
0.290000,-0.602589,-0.026056,0.950651,-0.795471,-0.635385,0.281729
0.300000,-0.597429,-0.025926,0.951323,-0.797375,-0.632926,0.280103
0.310000,-0.592350,-0.025797,0.951952,-0.799267,-0.630484,0.278488
0.320000,-0.587348,-0.025668,0.952539,-0.801150,-0.628060,0.276886
0.330000,-0.582423,-0.025540,0.953085,-0.803022,-0.625654,0.275295
0.340000,-0.577572,-0.025412,0.953589,-0.804883,-0.623265,0.273716
0.350000,-0.572793,-0.025285,0.954053,-0.806734,-0.620893,0.272148
0.360000,-0.568085,-0.025159,0.954476,-0.808575,-0.618539,0.270591
0.370000,-0.563445,-0.025033,0.954859,-0.810405,-0.616201,0.269045
0.380000,-0.558872,-0.024908,0.955202,-0.812225,-0.613879,0.267511
0.390000,-0.554365,-0.024784,0.955506,-0.814035,-0.611574,0.265987
0.400000,-0.549921,-0.024660,0.955770,-0.815835,-0.609285,0.264475
0.410000,-0.545539,-0.024537,0.955995,-0.817624,-0.607013,0.262973
0.420000,-0.541218,-0.024414,0.956182,-0.819404,-0.604756,0.261481
0.430000,-0.536956,-0.024292,0.956330,-0.821173,-0.602514,0.260000
0.440000,-0.532751,-0.024171,0.956440,-0.822933,-0.600288,0.258530
0.450000,-0.528604,-0.024050,0.956513,-0.824682,-0.598077,0.257069
0.460000,-0.524511,-0.023930,0.956548,-0.826422,-0.595882,0.255619
0.470000,-0.520472,-0.023811,0.956546,-0.828152,-0.593701,0.254179
0.480000,-0.516486,-0.023692,0.956507,-0.829872,-0.591535,0.252749
0.490000,-0.512551,-0.023574,0.956431,-0.831582,-0.589384,0.251329
0.500000,-0.508667,-0.023456,0.956320,-0.833283,-0.587246,0.249918
0.510000,-0.504832,-0.023339,0.956172,-0.834973,-0.585124,0.248517
0.520000,-0.501045,-0.023222,0.955989,-0.836655,-0.583015,0.247126
0.530000,-0.497306,-0.023106,0.955771,-0.838326,-0.580920,0.245744
0.540000,-0.493612,-0.022991,0.955517,-0.839988,-0.578839,0.244372
0.550000,-0.489964,-0.022876,0.955229,-0.841641,-0.576772,0.243008
0.560000,-0.486360,-0.022762,0.954907,-0.843284,-0.574718,0.241654
0.570000,-0.482799,-0.022648,0.954550,-0.844918,-0.572678,0.240310
0.580000,-0.479281,-0.022535,0.954159,-0.846543,-0.570650,0.238974
0.590000,-0.475804,-0.022423,0.953735,-0.848158,-0.568636,0.237647
0.600000,-0.472368,-0.022311,0.953278,-0.849764,-0.566634,0.236329
0.610000,-0.468972,-0.022199,0.952788,-0.851360,-0.564646,0.235020
0.620000,-0.465615,-0.022089,0.952265,-0.852948,-0.562670,0.233719
0.630000,-0.462297,-0.021978,0.951710,-0.854526,-0.560706,0.232427
0.640000,-0.459016,-0.021869,0.951123,-0.856096,-0.558755,0.231144
0.650000,-0.455772,-0.021759,0.950504,-0.857656,-0.556816,0.229869
0.660000,-0.452564,-0.021651,0.949853,-0.859207,-0.554889,0.228602
0.670000,-0.449392,-0.021543,0.949171,-0.860749,-0.552974,0.227344
0.680000,-0.446255,-0.021435,0.948459,-0.862283,-0.551071,0.226093
0.690000,-0.443152,-0.021328,0.947716,-0.863807,-0.549180,0.224851
0.700000,-0.440083,-0.021222,0.946942,-0.865323,-0.547300,0.223618
0.710000,-0.437046,-0.021116,0.946139,-0.866830,-0.545432,0.222392
0.720000,-0.434043,-0.021010,0.945306,-0.868328,-0.543575,0.221174
0.730000,-0.431070,-0.020905,0.944443,-0.869818,-0.541729,0.219963
0.740000,-0.428130,-0.020801,0.943551,-0.871299,-0.539895,0.218761
0.750000,-0.425219,-0.020697,0.942631,-0.872771,-0.538071,0.217566
0.760000,-0.422340,-0.020594,0.941682,-0.874235,-0.536259,0.216379
0.770000,-0.419489,-0.020491,0.940704,-0.875690,-0.534457,0.215200
0.780000,-0.416668,-0.020389,0.939699,-0.877136,-0.532666,0.214028
0.790000,-0.413876,-0.020287,0.938666,-0.878575,-0.530885,0.212864
0.800000,-0.411111,-0.020186,0.937606,-0.880005,-0.529115,0.211707
0.810000,-0.408375,-0.020085,0.936518,-0.881426,-0.527356,0.210557
0.820000,-0.405665,-0.019985,0.935404,-0.882839,-0.525606,0.209414
0.830000,-0.402983,-0.019885,0.934263,-0.884244,-0.523867,0.208279
0.840000,-0.400327,-0.019786,0.933096,-0.885641,-0.522138,0.207151
0.850000,-0.397696,-0.019687,0.931904,-0.887030,-0.520419,0.206030
0.860000,-0.395091,-0.019589,0.930685,-0.888410,-0.518710,0.204916
0.870000,-0.392512,-0.019491,0.929441,-0.889783,-0.517010,0.203808
0.880000,-0.389957,-0.019394,0.928172,-0.891147,-0.515320,0.202708
0.890000,-0.387426,-0.019297,0.926879,-0.892503,-0.513640,0.201615
0.900000,-0.384919,-0.019201,0.925560,-0.893852,-0.511969,0.200528
0.910000,-0.382436,-0.019105,0.924218,-0.895192,-0.510308,0.199448
0.920000,-0.379976,-0.019009,0.922852,-0.896525,-0.508656,0.198375
0.930000,-0.377539,-0.018915,0.921462,-0.897849,-0.507013,0.197308
0.940000,-0.375124,-0.018820,0.920048,-0.899166,-0.505380,0.196248
0.950000,-0.372732,-0.018726,0.918612,-0.900475,-0.503755,0.195195
0.960000,-0.370361,-0.018633,0.917153,-0.901777,-0.502140,0.194147
0.970000,-0.368012,-0.018540,0.915671,-0.903070,-0.500533,0.193107
0.980000,-0.365684,-0.018447,0.914168,-0.904356,-0.498935,0.192072
0.990000,-0.363377,-0.018355,0.912642,-0.905635,-0.497346,0.191044
1.000000,-0.361091,-0.018264,0.911095,-0.906906,-0.495766,0.190022
1.010000,-0.358825,-0.018172,0.909526,-0.908169,-0.494194,0.189007
1.020000,-0.356578,-0.018082,0.907936,-0.909425,-0.492631,0.187997
1.030000,-0.354352,-0.017991,0.906325,-0.910673,-0.491076,0.186994
1.040000,-0.352145,-0.017902,0.904694,-0.911914,-0.489529,0.185997
1.050000,-0.349957,-0.017812,0.903043,-0.913148,-0.487991,0.185005
1.060000,-0.347788,-0.017723,0.901372,-0.914374,-0.486461,0.184020
1.070000,-0.345638,-0.017635,0.899681,-0.915593,-0.484939,0.183040
1.080000,-0.343506,-0.017547,0.897970,-0.916805,-0.483425,0.182067
1.090000,-0.341392,-0.017459,0.896241,-0.918010,-0.481919,0.181099
1.100000,-0.339296,-0.017372,0.894492,-0.919207,-0.480420,0.180137
1.110000,-0.337218,-0.017286,0.892726,-0.920398,-0.478930,0.179181
1.120000,-0.335157,-0.017199,0.890940,-0.921581,-0.477448,0.178230
1.130000,-0.333113,-0.017114,0.889137,-0.922757,-0.475973,0.177285
1.140000,-0.331086,-0.017028,0.887316,-0.923926,-0.474506,0.176346
1.150000,-0.329076,-0.016943,0.885477,-0.925088,-0.473046,0.175412
1.160000,-0.327083,-0.016859,0.883622,-0.926243,-0.471594,0.174484
1.170000,-0.325106,-0.016774,0.881749,-0.927392,-0.470149,0.173561
1.180000,-0.323144,-0.016691,0.879860,-0.928533,-0.468712,0.172644
1.190000,-0.321199,-0.016607,0.877954,-0.929668,-0.467282,0.171732
1.200000,-0.319270,-0.016525,0.876032,-0.930795,-0.465859,0.170825
1.210000,-0.317355,-0.016442,0.874094,-0.931916,-0.464444,0.169924
1.220000,-0.315457,-0.016360,0.872140,-0.933031,-0.463035,0.169028
1.230000,-0.313573,-0.016278,0.870171,-0.934138,-0.461634,0.168137
1.240000,-0.311704,-0.016197,0.868187,-0.935239,-0.460239,0.167251
1.250000,-0.309850,-0.016116,0.866189,-0.936334,-0.458852,0.166371
1.260000,-0.308011,-0.016036,0.864175,-0.937421,-0.457472,0.165495
1.270000,-0.306186,-0.015956,0.862147,-0.938503,-0.456098,0.164625
1.280000,-0.304375,-0.015876,0.860105,-0.939577,-0.454731,0.163760
1.290000,-0.302578,-0.015797,0.858050,-0.940646,-0.453371,0.162900
1.300000,-0.300795,-0.015718,0.855981,-0.941707,-0.452017,0.162044
1.310000,-0.299026,-0.015640,0.853898,-0.942763,-0.450670,0.161194
1.320000,-0.297270,-0.015562,0.851802,-0.943812,-0.449330,0.160349
1.330000,-0.295527,-0.015484,0.849694,-0.944855,-0.447996,0.159508
1.340000,-0.293798,-0.015407,0.847573,-0.945891,-0.446668,0.158672
1.350000,-0.292082,-0.015330,0.845439,-0.946921,-0.445347,0.157841
1.360000,-0.290379,-0.015253,0.843294,-0.947945,-0.444033,0.157015
1.370000,-0.288689,-0.015177,0.841136,-0.948963,-0.442724,0.156194
1.380000,-0.287011,-0.015102,0.838968,-0.949975,-0.441422,0.155377
1.390000,-0.285346,-0.015026,0.836787,-0.950980,-0.440126,0.154565
1.400000,-0.283693,-0.014951,0.834596,-0.951980,-0.438836,0.153758
1.410000,-0.282052,-0.014877,0.832393,-0.952973,-0.437552,0.152955
1.420000,-0.280423,-0.014802,0.830180,-0.953960,-0.436275,0.152156
1.430000,-0.278807,-0.014729,0.827957,-0.954942,-0.435003,0.151363
1.440000,-0.277202,-0.014655,0.825723,-0.955917,-0.433737,0.150573
1.450000,-0.275609,-0.014582,0.823480,-0.956887,-0.432477,0.149789
1.460000,-0.274027,-0.014509,0.821227,-0.957850,-0.431223,0.149008
1.470000,-0.272457,-0.014437,0.818964,-0.958808,-0.429975,0.148232
1.480000,-0.270898,-0.014365,0.816692,-0.959760,-0.428733,0.147461
1.490000,-0.269350,-0.014293,0.814411,-0.960706,-0.427496,0.146694
1.500000,-0.267814,-0.014222,0.812121,-0.961647,-0.426265,0.145931
1.510000,-0.266288,-0.014151,0.809822,-0.962581,-0.425040,0.145172
1.520000,-0.264773,-0.014080,0.807515,-0.963510,-0.423820,0.144418
1.530000,-0.263269,-0.014010,0.805200,-0.964434,-0.422606,0.143668
1.540000,-0.261775,-0.013940,0.802877,-0.965351,-0.421397,0.142922
1.550000,-0.260292,-0.013871,0.800546,-0.966264,-0.420194,0.142180
1.560000,-0.258820,-0.013801,0.798208,-0.967170,-0.418996,0.141443
1.570000,-0.257357,-0.013732,0.795863,-0.968071,-0.417804,0.140709
1.580000,-0.255905,-0.013664,0.793510,-0.968967,-0.416617,0.139980
1.590000,-0.254463,-0.013596,0.791150,-0.969857,-0.415435,0.139254
1.600000,-0.253031,-0.013528,0.788784,-0.970742,-0.414258,0.138533
1.610000,-0.251609,-0.013460,0.786411,-0.971621,-0.413087,0.137816
1.620000,-0.250196,-0.013393,0.784032,-0.972495,-0.411921,0.137103
1.630000,-0.248793,-0.013326,0.781647,-0.973363,-0.410760,0.136393
1.640000,-0.247400,-0.013260,0.779256,-0.974226,-0.409604,0.135688
1.650000,-0.246017,-0.013194,0.776859,-0.975084,-0.408453,0.134987
1.660000,-0.244642,-0.013128,0.774457,-0.975937,-0.407308,0.134289
1.670000,-0.243277,-0.013063,0.772049,-0.976785,-0.406167,0.133595
1.680000,-0.241921,-0.012997,0.769636,-0.977627,-0.405031,0.132905
1.690000,-0.240575,-0.012932,0.767219,-0.978464,-0.403900,0.132219
1.700000,-0.239237,-0.012868,0.764796,-0.979296,-0.402774,0.131537
1.710000,-0.237909,-0.012804,0.762369,-0.980123,-0.401653,0.130858
1.720000,-0.236589,-0.012740,0.759938,-0.980945,-0.400537,0.130183
1.730000,-0.235278,-0.012676,0.757503,-0.981762,-0.399426,0.129512
1.740000,-0.233976,-0.012613,0.755063,-0.982573,-0.398319,0.128845
1.750000,-0.232682,-0.012550,0.752620,-0.983380,-0.397217,0.128181
1.760000,-0.231397,-0.012488,0.750173,-0.984182,-0.396120,0.127521
1.770000,-0.230120,-0.012425,0.747723,-0.984979,-0.395027,0.126864
1.780000,-0.228852,-0.012363,0.745269,-0.985771,-0.393939,0.126211
1.790000,-0.227592,-0.012302,0.742812,-0.986558,-0.392856,0.125562
1.800000,-0.226340,-0.012240,0.740353,-0.987340,-0.391777,0.124916
1.810000,-0.225096,-0.012179,0.737890,-0.988118,-0.390702,0.124274
1.820000,-0.223861,-0.012118,0.735425,-0.988890,-0.389633,0.123635
1.830000,-0.222633,-0.012058,0.732957,-0.989658,-0.388567,0.123000
1.840000,-0.221414,-0.011998,0.730488,-0.990422,-0.387506,0.122368
1.850000,-0.220202,-0.011938,0.728016,-0.991180,-0.386450,0.121739
1.860000,-0.218998,-0.011878,0.725542,-0.991934,-0.385398,0.121114
1.870000,-0.217802,-0.011819,0.723066,-0.992683,-0.384350,0.120493
1.880000,-0.216614,-0.011760,0.720588,-0.993428,-0.383306,0.119874
1.890000,-0.215433,-0.011701,0.718110,-0.994168,-0.382267,0.119260
1.900000,-0.214259,-0.011643,0.715629,-0.994903,-0.381232,0.118648
1.910000,-0.213093,-0.011585,0.713148,-0.995634,-0.380201,0.118040
1.920000,-0.211935,-0.011527,0.710665,-0.996360,-0.379175,0.117435
1.930000,-0.210784,-0.011470,0.708182,-0.997082,-0.378153,0.116833
1.940000,-0.209640,-0.011412,0.705698,-0.997799,-0.377134,0.116234
1.950000,-0.208503,-0.011356,0.703213,-0.998512,-0.376120,0.115639
1.960000,-0.207373,-0.011299,0.700728,-0.999221,-0.375110,0.115047
1.970000,-0.206251,-0.011243,0.698242,-0.999925,-0.374104,0.114458
1.980000,-0.205135,-0.011186,0.695757,-1.000625,-0.373102,0.113872
1.990000,-0.204027,-0.011131,0.693271,-1.001320,-0.372104,0.113290
2.000000,-0.202925,-0.011075,0.690785,-1.002011,-0.371110,0.112711
2.010000,-0.201830,-0.011020,0.688300,-1.002698,-0.370120,0.112134
2.020000,-0.200742,-0.010965,0.685815,-1.003381,-0.369134,0.111561
2.030000,-0.199661,-0.010910,0.683330,-1.004059,-0.368152,0.110991
2.040000,-0.198587,-0.010856,0.680846,-1.004734,-0.367174,0.110424
2.050000,-0.197519,-0.010802,0.678363,-1.005404,-0.366200,0.109860
2.060000,-0.196457,-0.010748,0.675880,-1.006069,-0.365229,0.109299
2.070000,-0.195402,-0.010694,0.673399,-1.006731,-0.364262,0.108741
2.080000,-0.194354,-0.010641,0.670918,-1.007389,-0.363299,0.108185
2.090000,-0.193312,-0.010588,0.668439,-1.008042,-0.362340,0.107633
2.100000,-0.192276,-0.010535,0.665962,-1.008692,-0.361385,0.107084
2.110000,-0.191247,-0.010482,0.663485,-1.009337,-0.360433,0.106538
2.120000,-0.190224,-0.010430,0.661011,-1.009979,-0.359485,0.105995
2.130000,-0.189207,-0.010378,0.658538,-1.010616,-0.358540,0.105454
2.140000,-0.188196,-0.010326,0.656066,-1.011250,-0.357599,0.104917
2.150000,-0.187192,-0.010275,0.653597,-1.011879,-0.356662,0.104382
2.160000,-0.186193,-0.010223,0.651130,-1.012505,-0.355729,0.103850
2.170000,-0.185201,-0.010172,0.648665,-1.013127,-0.354799,0.103321
2.180000,-0.184214,-0.010122,0.646202,-1.013744,-0.353872,0.102795
2.190000,-0.183234,-0.010071,0.643741,-1.014358,-0.352949,0.102271
2.200000,-0.182259,-0.010021,0.641283,-1.014969,-0.352030,0.101751
2.210000,-0.181290,-0.009971,0.638827,-1.015575,-0.351114,0.101233
2.220000,-0.180327,-0.009921,0.636374,-1.016178,-0.350201,0.100718
2.230000,-0.179369,-0.009872,0.633924,-1.016776,-0.349292,0.100205
2.240000,-0.178418,-0.009822,0.631477,-1.017372,-0.348386,0.099695
2.250000,-0.177472,-0.009773,0.629032,-1.017963,-0.347484,0.099188
2.260000,-0.176531,-0.009725,0.626591,-1.018551,-0.346585,0.098684
2.270000,-0.175596,-0.009676,0.624153,-1.019135,-0.345690,0.098182
2.280000,-0.174667,-0.009628,0.621718,-1.019715,-0.344798,0.097683
2.290000,-0.173743,-0.009580,0.619286,-1.020292,-0.343909,0.097187
2.300000,-0.172825,-0.009532,0.616857,-1.020865,-0.343023,0.096693
2.310000,-0.171911,-0.009485,0.614432,-1.021435,-0.342141,0.096202
2.320000,-0.171004,-0.009437,0.612011,-1.022001,-0.341262,0.095713
2.330000,-0.170101,-0.009390,0.609593,-1.022564,-0.340386,0.095227
2.340000,-0.169204,-0.009343,0.607179,-1.023123,-0.339514,0.094744
2.350000,-0.168312,-0.009297,0.604769,-1.023678,-0.338644,0.094263
2.360000,-0.167426,-0.009250,0.602363,-1.024230,-0.337778,0.093784
2.370000,-0.166544,-0.009204,0.599961,-1.024779,-0.336915,0.093308
2.380000,-0.165668,-0.009158,0.597562,-1.025324,-0.336055,0.092835
2.390000,-0.164797,-0.009113,0.595168,-1.025866,-0.335198,0.092364
2.400000,-0.163930,-0.009067,0.592778,-1.026404,-0.334345,0.091895
2.410000,-0.163069,-0.009022,0.590392,-1.026939,-0.333494,0.091429
2.420000,-0.162213,-0.008977,0.588011,-1.027471,-0.332647,0.090966
2.430000,-0.161362,-0.008932,0.585634,-1.027999,-0.331802,0.090505
2.440000,-0.160515,-0.008888,0.583262,-1.028524,-0.330961,0.090046
2.450000,-0.159674,-0.008843,0.580894,-1.029046,-0.330122,0.089590
2.460000,-0.158837,-0.008799,0.578530,-1.029564,-0.329287,0.089136
2.470000,-0.158005,-0.008755,0.576172,-1.030079,-0.328455,0.088684
2.480000,-0.157178,-0.008712,0.573818,-1.030591,-0.327625,0.088235
2.490000,-0.156356,-0.008668,0.571468,-1.031100,-0.326799,0.087788
2.500000,-0.155538,-0.008625,0.569124,-1.031606,-0.325975,0.087344
2.510000,-0.154725,-0.008582,0.566785,-1.032108,-0.325154,0.086901
2.520000,-0.153917,-0.008539,0.564450,-1.032607,-0.324337,0.086461
2.530000,-0.153113,-0.008496,0.562121,-1.033104,-0.323522,0.086024
2.540000,-0.152314,-0.008454,0.559797,-1.033597,-0.322710,0.085588
2.550000,-0.151519,-0.008412,0.557478,-1.034087,-0.321901,0.085155
2.560000,-0.150729,-0.008370,0.555164,-1.034573,-0.321094,0.084725
2.570000,-0.149944,-0.008328,0.552855,-1.035057,-0.320291,0.084296
2.580000,-0.149162,-0.008287,0.550552,-1.035538,-0.319490,0.083870
2.590000,-0.148386,-0.008245,0.548254,-1.036016,-0.318692,0.083445
2.600000,-0.147613,-0.008204,0.545961,-1.036490,-0.317897,0.083023
2.610000,-0.146845,-0.008163,0.543674,-1.036962,-0.317105,0.082604
2.620000,-0.146081,-0.008123,0.541393,-1.037431,-0.316315,0.082186
2.630000,-0.145322,-0.008082,0.539117,-1.037897,-0.315528,0.081771
2.640000,-0.144567,-0.008042,0.536846,-1.038360,-0.314744,0.081358
2.650000,-0.143816,-0.008002,0.534582,-1.038820,-0.313963,0.080946
2.660000,-0.143069,-0.007962,0.532323,-1.039277,-0.313184,0.080537
2.670000,-0.142327,-0.007922,0.530069,-1.039731,-0.312408,0.080131
2.680000,-0.141588,-0.007882,0.527822,-1.040182,-0.311634,0.079726
2.690000,-0.140854,-0.007843,0.525580,-1.040631,-0.310864,0.079323
2.700000,-0.140124,-0.007804,0.523344,-1.041077,-0.310095,0.078923
2.710000,-0.139398,-0.007765,0.521114,-1.041520,-0.309330,0.078524
2.720000,-0.138676,-0.007726,0.518890,-1.041960,-0.308567,0.078128
2.730000,-0.137957,-0.007688,0.516672,-1.042397,-0.307806,0.077733
2.740000,-0.137243,-0.007649,0.514460,-1.042832,-0.307048,0.077341
2.750000,-0.136533,-0.007611,0.512254,-1.043263,-0.306293,0.076951
2.760000,-0.135827,-0.007573,0.510054,-1.043693,-0.305540,0.076562
2.770000,-0.135125,-0.007536,0.507860,-1.044119,-0.304790,0.076176
2.780000,-0.134427,-0.007498,0.505672,-1.044543,-0.304042,0.075792
2.790000,-0.133732,-0.007461,0.503491,-1.044964,-0.303297,0.075409
2.800000,-0.133041,-0.007423,0.501316,-1.045382,-0.302555,0.075029
2.810000,-0.132355,-0.007386,0.499146,-1.045798,-0.301814,0.074651
2.820000,-0.131671,-0.007349,0.496984,-1.046211,-0.301077,0.074274
2.830000,-0.130992,-0.007313,0.494827,-1.046622,-0.300341,0.073900
2.840000,-0.130317,-0.007276,0.492677,-1.047030,-0.299608,0.073527
2.850000,-0.129645,-0.007240,0.490533,-1.047435,-0.298878,0.073157
2.860000,-0.128977,-0.007204,0.488395,-1.047838,-0.298150,0.072788
2.870000,-0.128312,-0.007168,0.486264,-1.048238,-0.297424,0.072421
2.880000,-0.127651,-0.007132,0.484140,-1.048636,-0.296701,0.072056
2.890000,-0.126994,-0.007097,0.482021,-1.049031,-0.295980,0.071693
2.900000,-0.126340,-0.007061,0.479909,-1.049424,-0.295261,0.071332
2.910000,-0.125690,-0.007026,0.477804,-1.049814,-0.294545,0.070972
2.920000,-0.125044,-0.006991,0.475705,-1.050202,-0.293831,0.070615
2.930000,-0.124401,-0.006956,0.473613,-1.050587,-0.293120,0.070259
2.940000,-0.123761,-0.006921,0.471527,-1.050970,-0.292411,0.069905
2.950000,-0.123125,-0.006887,0.469448,-1.051351,-0.291704,0.069553
2.960000,-0.122493,-0.006853,0.467376,-1.051729,-0.290999,0.069203
2.970000,-0.121863,-0.006818,0.465310,-1.052105,-0.290297,0.068855
2.980000,-0.121238,-0.006784,0.463250,-1.052478,-0.289597,0.068508
2.990000,-0.120615,-0.006751,0.461197,-1.052849,-0.288899,0.068163
3.000000,-0.119996,-0.006717,0.459151,-1.053217,-0.288203,0.067820
3.010000,-0.119381,-0.006683,0.457112,-1.053584,-0.287510,0.067479
3.020000,-0.118769,-0.006650,0.455079,-1.053948,-0.286819,0.067139
3.030000,-0.118160,-0.006617,0.453053,-1.054309,-0.286130,0.066801
3.040000,-0.117554,-0.006584,0.451034,-1.054669,-0.285443,0.066465
3.050000,-0.116952,-0.006551,0.449021,-1.055026,-0.284759,0.066131
3.060000,-0.116353,-0.006518,0.447015,-1.055381,-0.284076,0.065798
3.070000,-0.115757,-0.006486,0.445016,-1.055733,-0.283396,0.065467
3.080000,-0.115164,-0.006453,0.443023,-1.056084,-0.282718,0.065138
3.090000,-0.114574,-0.006421,0.441038,-1.056432,-0.282042,0.064810
3.100000,-0.113988,-0.006389,0.439059,-1.056778,-0.281369,0.064484
3.110000,-0.113405,-0.006357,0.437086,-1.057122,-0.280697,0.064160
3.120000,-0.112825,-0.006326,0.435121,-1.057463,-0.280028,0.063837
3.130000,-0.112248,-0.006294,0.433162,-1.057802,-0.279360,0.063516
3.140000,-0.111674,-0.006263,0.431211,-1.058140,-0.278695,0.063197
3.150000,-0.111103,-0.006231,0.429266,-1.058475,-0.278032,0.062879
3.160000,-0.110536,-0.006200,0.427327,-1.058808,-0.277371,0.062563
3.170000,-0.109971,-0.006169,0.425396,-1.059139,-0.276712,0.062249
3.180000,-0.109409,-0.006139,0.423472,-1.059468,-0.276055,0.061936
3.190000,-0.108851,-0.006108,0.421554,-1.059794,-0.275400,0.061625
3.200000,-0.108295,-0.006078,0.419643,-1.060119,-0.274747,0.061315
3.210000,-0.107742,-0.006047,0.417739,-1.060441,-0.274096,0.061007
3.220000,-0.107193,-0.006017,0.415842,-1.060762,-0.273447,0.060700
3.230000,-0.106646,-0.005987,0.413951,-1.061081,-0.272800,0.060395
3.240000,-0.106102,-0.005957,0.412067,-1.061397,-0.272155,0.060092
3.250000,-0.105561,-0.005928,0.410191,-1.061711,-0.271512,0.059790
3.260000,-0.105023,-0.005898,0.408321,-1.062024,-0.270872,0.059490
3.270000,-0.104487,-0.005869,0.406458,-1.062334,-0.270233,0.059191
3.280000,-0.103955,-0.005839,0.404601,-1.062643,-0.269596,0.058894
3.290000,-0.103425,-0.005810,0.402752,-1.062950,-0.268961,0.058598
3.300000,-0.102899,-0.005781,0.400909,-1.063254,-0.268328,0.058304
3.310000,-0.102375,-0.005752,0.399074,-1.063557,-0.267696,0.058011
3.320000,-0.101853,-0.005724,0.397245,-1.063858,-0.267067,0.057720
3.330000,-0.101335,-0.005695,0.395423,-1.064156,-0.266440,0.057430
3.340000,-0.100819,-0.005667,0.393608,-1.064453,-0.265815,0.057142
3.350000,-0.100306,-0.005638,0.391799,-1.064748,-0.265191,0.056855
3.360000,-0.099796,-0.005610,0.389997,-1.065042,-0.264569,0.056569
3.370000,-0.099288,-0.005582,0.388203,-1.065333,-0.263950,0.056285
3.380000,-0.098784,-0.005554,0.386415,-1.065622,-0.263332,0.056003
3.390000,-0.098281,-0.005527,0.384634,-1.065910,-0.262716,0.055722
3.400000,-0.097782,-0.005499,0.382859,-1.066196,-0.262102,0.055442
3.410000,-0.097285,-0.005472,0.381092,-1.066480,-0.261490,0.055164
3.420000,-0.096790,-0.005444,0.379331,-1.066762,-0.260879,0.054887
3.430000,-0.096299,-0.005417,0.377577,-1.067042,-0.260270,0.054612
3.440000,-0.095810,-0.005390,0.375830,-1.067321,-0.259664,0.054338
3.450000,-0.095323,-0.005363,0.374089,-1.067598,-0.259059,0.054065
3.460000,-0.094839,-0.005337,0.372356,-1.067873,-0.258456,0.053794
3.470000,-0.094358,-0.005310,0.370629,-1.068146,-0.257854,0.053524
3.480000,-0.093879,-0.005284,0.368908,-1.068418,-0.257255,0.053256
3.490000,-0.093402,-0.005257,0.367195,-1.068688,-0.256657,0.052989
3.500000,-0.092928,-0.005231,0.365488,-1.068956,-0.256061,0.052723
3.510000,-0.092457,-0.005205,0.363788,-1.069222,-0.255466,0.052458
3.520000,-0.091988,-0.005179,0.362095,-1.069487,-0.254874,0.052195
3.530000,-0.091521,-0.005153,0.360409,-1.069750,-0.254283,0.051934
3.540000,-0.091057,-0.005127,0.358729,-1.070011,-0.253694,0.051673
3.550000,-0.090596,-0.005102,0.357056,-1.070271,-0.253107,0.051414
3.560000,-0.090137,-0.005076,0.355389,-1.070529,-0.252521,0.051156
3.570000,-0.089680,-0.005051,0.353730,-1.070786,-0.251937,0.050900
3.580000,-0.089225,-0.005026,0.352076,-1.071040,-0.251355,0.050645
3.590000,-0.088773,-0.005001,0.350430,-1.071294,-0.250775,0.050391
3.600000,-0.088324,-0.004976,0.348790,-1.071545,-0.250196,0.050138
3.610000,-0.087876,-0.004951,0.347157,-1.071795,-0.249619,0.049887
3.620000,-0.087431,-0.004926,0.345530,-1.072043,-0.249044,0.049637
3.630000,-0.086989,-0.004902,0.343910,-1.072290,-0.248470,0.049388
3.640000,-0.086548,-0.004877,0.342297,-1.072535,-0.247898,0.049141
3.650000,-0.086110,-0.004853,0.340690,-1.072779,-0.247328,0.048894
3.660000,-0.085674,-0.004829,0.339090,-1.073021,-0.246759,0.048649
3.670000,-0.085241,-0.004805,0.337496,-1.073262,-0.246192,0.048406
3.680000,-0.084810,-0.004781,0.335909,-1.073501,-0.245626,0.048163
3.690000,-0.084381,-0.004757,0.334329,-1.073738,-0.245063,0.047922
3.700000,-0.083954,-0.004733,0.332755,-1.073974,-0.244501,0.047682
3.710000,-0.083529,-0.004710,0.331187,-1.074209,-0.243940,0.047443
3.720000,-0.083107,-0.004686,0.329626,-1.074442,-0.243381,0.047205
3.730000,-0.082687,-0.004663,0.328071,-1.074673,-0.242824,0.046969
3.740000,-0.082269,-0.004639,0.326523,-1.074903,-0.242268,0.046733
3.750000,-0.081853,-0.004616,0.324982,-1.075132,-0.241714,0.046499
3.760000,-0.081439,-0.004593,0.323446,-1.075359,-0.241161,0.046266
3.770000,-0.081028,-0.004570,0.321918,-1.075584,-0.240610,0.046035
3.780000,-0.080618,-0.004548,0.320395,-1.075809,-0.240061,0.045804
3.790000,-0.080211,-0.004525,0.318879,-1.076031,-0.239513,0.045575
3.800000,-0.079806,-0.004502,0.317369,-1.076253,-0.238967,0.045346
3.810000,-0.079403,-0.004480,0.315866,-1.076473,-0.238422,0.045119
3.820000,-0.079002,-0.004458,0.314369,-1.076691,-0.237879,0.044893
3.830000,-0.078603,-0.004435,0.312879,-1.076908,-0.237337,0.044669
3.840000,-0.078206,-0.004413,0.311394,-1.077124,-0.236797,0.044445
3.850000,-0.077811,-0.004391,0.309916,-1.077339,-0.236258,0.044222
3.860000,-0.077418,-0.004369,0.308445,-1.077552,-0.235721,0.044001
3.870000,-0.077028,-0.004347,0.306979,-1.077763,-0.235186,0.043781
3.880000,-0.076639,-0.004326,0.305520,-1.077974,-0.234652,0.043561
3.890000,-0.076252,-0.004304,0.304067,-1.078182,-0.234119,0.043343
3.900000,-0.075868,-0.004283,0.302620,-1.078390,-0.233588,0.043126
3.910000,-0.075485,-0.004261,0.301180,-1.078596,-0.233058,0.042910
3.920000,-0.075104,-0.004240,0.299745,-1.078801,-0.232530,0.042696
3.930000,-0.074725,-0.004219,0.298317,-1.079005,-0.232004,0.042482
3.940000,-0.074349,-0.004198,0.296895,-1.079207,-0.231479,0.042269
3.950000,-0.073974,-0.004177,0.295479,-1.079408,-0.230955,0.042058
3.960000,-0.073601,-0.004156,0.294070,-1.079608,-0.230433,0.041847
3.970000,-0.073230,-0.004135,0.292666,-1.079807,-0.229912,0.041638
3.980000,-0.072861,-0.004115,0.291268,-1.080004,-0.229393,0.041429
3.990000,-0.072493,-0.004094,0.289877,-1.080200,-0.228875,0.041222
4.000000,-0.072128,-0.004074,0.288491,-1.080395,-0.228358,0.041016
4.010000,-0.071765,-0.004054,0.287112,-1.080588,-0.227843,0.040811
4.020000,-0.071403,-0.004033,0.285739,-1.080781,-0.227330,0.040606
4.030000,-0.071043,-0.004013,0.284371,-1.080972,-0.226817,0.040403
4.040000,-0.070685,-0.003993,0.283010,-1.081161,-0.226307,0.040201
4.050000,-0.070329,-0.003973,0.281654,-1.081350,-0.225797,0.040000
4.060000,-0.069975,-0.003953,0.280305,-1.081537,-0.225289,0.039800
4.070000,-0.069623,-0.003934,0.278961,-1.081723,-0.224783,0.039601
4.080000,-0.069272,-0.003914,0.277624,-1.081908,-0.224277,0.039402
4.090000,-0.068923,-0.003895,0.276292,-1.082092,-0.223774,0.039205
4.100000,-0.068576,-0.003875,0.274966,-1.082275,-0.223271,0.039009
4.110000,-0.068231,-0.003856,0.273646,-1.082456,-0.222770,0.038814
4.120000,-0.067888,-0.003837,0.272332,-1.082637,-0.222271,0.038620
4.130000,-0.067546,-0.003817,0.271023,-1.082816,-0.221772,0.038427
4.140000,-0.067206,-0.003798,0.269721,-1.082994,-0.221275,0.038234
4.150000,-0.066868,-0.003779,0.268424,-1.083171,-0.220780,0.038043
4.160000,-0.066531,-0.003761,0.267133,-1.083347,-0.220285,0.037853
4.170000,-0.066197,-0.003742,0.265847,-1.083521,-0.219792,0.037664
4.180000,-0.065864,-0.003723,0.264568,-1.083695,-0.219301,0.037475
4.190000,-0.065532,-0.003705,0.263294,-1.083867,-0.218811,0.037288
4.200000,-0.065203,-0.003686,0.262026,-1.084038,-0.218322,0.037101
4.210000,-0.064875,-0.003668,0.260763,-1.084208,-0.217834,0.036916
4.220000,-0.064548,-0.003649,0.259506,-1.084378,-0.217348,0.036731
4.230000,-0.064224,-0.003631,0.258255,-1.084546,-0.216863,0.036547
4.240000,-0.063901,-0.003613,0.257009,-1.084713,-0.216379,0.036365
4.250000,-0.063580,-0.003595,0.255769,-1.084878,-0.215897,0.036183
4.260000,-0.063260,-0.003577,0.254535,-1.085043,-0.215416,0.036002
4.270000,-0.062942,-0.003559,0.253306,-1.085207,-0.214936,0.035822
4.280000,-0.062626,-0.003542,0.252083,-1.085370,-0.214457,0.035643
4.290000,-0.062311,-0.003524,0.250865,-1.085531,-0.213980,0.035465
4.300000,-0.061998,-0.003506,0.249652,-1.085692,-0.213504,0.035287
4.310000,-0.061686,-0.003489,0.248446,-1.085852,-0.213030,0.035111
4.320000,-0.061376,-0.003472,0.247244,-1.086010,-0.212556,0.034935
4.330000,-0.061068,-0.003454,0.246048,-1.086168,-0.212084,0.034761
4.340000,-0.060761,-0.003437,0.244858,-1.086324,-0.211613,0.034587
4.350000,-0.060456,-0.003420,0.243672,-1.086480,-0.211144,0.034414
4.360000,-0.060152,-0.003403,0.242493,-1.086634,-0.210675,0.034242
4.370000,-0.059850,-0.003386,0.241318,-1.086788,-0.210208,0.034071
4.380000,-0.059549,-0.003369,0.240149,-1.086941,-0.209742,0.033900
4.390000,-0.059250,-0.003352,0.238985,-1.087092,-0.209278,0.033731
4.400000,-0.058952,-0.003335,0.237827,-1.087243,-0.208814,0.033562
4.410000,-0.058656,-0.003319,0.236674,-1.087393,-0.208352,0.033395
4.420000,-0.058362,-0.003302,0.235526,-1.087541,-0.207891,0.033228
4.430000,-0.058069,-0.003286,0.234383,-1.087689,-0.207431,0.033062
4.440000,-0.057777,-0.003269,0.233246,-1.087836,-0.206973,0.032896
4.450000,-0.057487,-0.003253,0.232114,-1.087982,-0.206515,0.032732
4.460000,-0.057198,-0.003237,0.230987,-1.088127,-0.206059,0.032568
4.470000,-0.056911,-0.003221,0.229865,-1.088271,-0.205604,0.032405
4.480000,-0.056626,-0.003205,0.228748,-1.088414,-0.205150,0.032243
4.490000,-0.056341,-0.003189,0.227637,-1.088556,-0.204698,0.032082
4.500000,-0.056059,-0.003173,0.226530,-1.088697,-0.204246,0.031922
4.510000,-0.055777,-0.003157,0.225429,-1.088838,-0.203796,0.031762
4.520000,-0.055497,-0.003141,0.224333,-1.088977,-0.203347,0.031604
4.530000,-0.055219,-0.003125,0.223241,-1.089116,-0.202899,0.031446
4.540000,-0.054942,-0.003110,0.222155,-1.089253,-0.202453,0.031289
4.550000,-0.054666,-0.003094,0.221074,-1.089390,-0.202007,0.031132
4.560000,-0.054392,-0.003079,0.219998,-1.089526,-0.201563,0.030977
4.570000,-0.054119,-0.003064,0.218927,-1.089661,-0.201119,0.030822
4.580000,-0.053848,-0.003048,0.217861,-1.089795,-0.200677,0.030668
4.590000,-0.053577,-0.003033,0.216799,-1.089928,-0.200236,0.030515
4.600000,-0.053309,-0.003018,0.215743,-1.090061,-0.199797,0.030362
4.610000,-0.053041,-0.003003,0.214691,-1.090193,-0.199358,0.030210
4.620000,-0.052775,-0.002988,0.213645,-1.090323,-0.198921,0.030060
4.630000,-0.052511,-0.002973,0.212603,-1.090453,-0.198484,0.029909
4.640000,-0.052247,-0.002958,0.211566,-1.090582,-0.198049,0.029760
4.650000,-0.051985,-0.002943,0.210534,-1.090711,-0.197615,0.029611
4.660000,-0.051725,-0.002929,0.209507,-1.090838,-0.197182,0.029463
4.670000,-0.051465,-0.002914,0.208485,-1.090965,-0.196750,0.029316
4.680000,-0.051207,-0.002900,0.207467,-1.091090,-0.196319,0.029170
4.690000,-0.050951,-0.002885,0.206454,-1.091215,-0.195889,0.029024
4.700000,-0.050695,-0.002871,0.205446,-1.091340,-0.195461,0.028879
4.710000,-0.050441,-0.002856,0.204442,-1.091463,-0.195033,0.028735
4.720000,-0.050188,-0.002842,0.203444,-1.091586,-0.194607,0.028591
4.730000,-0.049937,-0.002828,0.202449,-1.091708,-0.194182,0.028448
4.740000,-0.049686,-0.002814,0.201460,-1.091829,-0.193758,0.028306
4.750000,-0.049437,-0.002800,0.200475,-1.091949,-0.193334,0.028165
4.760000,-0.049190,-0.002786,0.199495,-1.092068,-0.192912,0.028024
4.770000,-0.048943,-0.002772,0.198519,-1.092187,-0.192491,0.027884
4.780000,-0.048698,-0.002758,0.197548,-1.092305,-0.192072,0.027745
4.790000,-0.048454,-0.002744,0.196582,-1.092422,-0.191653,0.027606
4.800000,-0.048211,-0.002731,0.195620,-1.092539,-0.191235,0.027468
4.810000,-0.047969,-0.002717,0.194663,-1.092654,-0.190818,0.027331
4.820000,-0.047729,-0.002704,0.193710,-1.092769,-0.190403,0.027195
4.830000,-0.047490,-0.002690,0.192761,-1.092884,-0.189988,0.027059
4.840000,-0.047252,-0.002677,0.191817,-1.092997,-0.189574,0.026924
4.850000,-0.047015,-0.002663,0.190878,-1.093110,-0.189162,0.026789
4.860000,-0.046780,-0.002650,0.189943,-1.093222,-0.188751,0.026655
4.870000,-0.046545,-0.002637,0.189012,-1.093333,-0.188340,0.026522
4.880000,-0.046312,-0.002624,0.188086,-1.093444,-0.187931,0.026390
4.890000,-0.046080,-0.002611,0.187164,-1.093554,-0.187522,0.026258
4.900000,-0.045849,-0.002598,0.186247,-1.093663,-0.187115,0.026127
4.910000,-0.045620,-0.002585,0.185333,-1.093772,-0.186709,0.025996
4.920000,-0.045391,-0.002572,0.184425,-1.093879,-0.186304,0.025866
4.930000,-0.045164,-0.002559,0.183520,-1.093986,-0.185899,0.025737
4.940000,-0.044938,-0.002546,0.182620,-1.094093,-0.185496,0.025609
4.950000,-0.044713,-0.002533,0.181724,-1.094199,-0.185094,0.025481
4.960000,-0.044489,-0.002521,0.180832,-1.094304,-0.184693,0.025354
4.970000,-0.044266,-0.002508,0.179945,-1.094408,-0.184292,0.025227
4.980000,-0.044045,-0.002496,0.179061,-1.094512,-0.183893,0.025101
4.990000,-0.043824,-0.002483,0.178182,-1.094615,-0.183495,0.024976
5.000000,-0.043605,-0.002471,0.177307,-1.094717,-0.183098,0.024851
5.010000,-0.043386,-0.002459,0.176437,-1.094819,-0.182702,0.024727
5.020000,-0.043169,-0.002446,0.175570,-1.094920,-0.182306,0.024603
5.030000,-0.042953,-0.002434,0.174707,-1.095020,-0.181912,0.024480
5.040000,-0.042738,-0.002422,0.173849,-1.095120,-0.181519,0.024358
5.050000,-0.042524,-0.002410,0.172995,-1.095219,-0.181127,0.024237
5.060000,-0.042311,-0.002398,0.172145,-1.095318,-0.180735,0.024116
5.070000,-0.042099,-0.002386,0.171298,-1.095416,-0.180345,0.023995
5.080000,-0.041889,-0.002374,0.170456,-1.095513,-0.179956,0.023875
5.090000,-0.041679,-0.002362,0.169618,-1.095610,-0.179567,0.023756
5.100000,-0.041471,-0.002350,0.168784,-1.095706,-0.179180,0.023638
5.110000,-0.041263,-0.002339,0.167954,-1.095801,-0.178793,0.023520
5.120000,-0.041057,-0.002327,0.167128,-1.095896,-0.178408,0.023402
5.130000,-0.040851,-0.002315,0.166306,-1.095990,-0.178023,0.023285
5.140000,-0.040647,-0.002304,0.165487,-1.096083,-0.177639,0.023169
5.150000,-0.040443,-0.002292,0.164673,-1.096176,-0.177257,0.023053
5.160000,-0.040241,-0.002281,0.163863,-1.096269,-0.176875,0.022938
5.170000,-0.040040,-0.002270,0.163056,-1.096360,-0.176494,0.022824
5.180000,-0.039839,-0.002258,0.162253,-1.096452,-0.176114,0.022710
5.190000,-0.039640,-0.002247,0.161454,-1.096542,-0.175735,0.022596
5.200000,-0.039442,-0.002236,0.160659,-1.096632,-0.175357,0.022484
5.210000,-0.039244,-0.002225,0.159868,-1.096722,-0.174980,0.022371
5.220000,-0.039048,-0.002214,0.159081,-1.096810,-0.174604,0.022260
5.230000,-0.038853,-0.002202,0.158297,-1.096899,-0.174229,0.022148
5.240000,-0.038658,-0.002191,0.157517,-1.096986,-0.173855,0.022038
5.250000,-0.038465,-0.002181,0.156741,-1.097074,-0.173481,0.021928
5.260000,-0.038272,-0.002170,0.155969,-1.097160,-0.173109,0.021818
5.270000,-0.038081,-0.002159,0.155200,-1.097246,-0.172737,0.021709
5.280000,-0.037890,-0.002148,0.154435,-1.097332,-0.172367,0.021601
5.290000,-0.037701,-0.002137,0.153674,-1.097417,-0.171997,0.021493
5.300000,-0.037512,-0.002127,0.152916,-1.097501,-0.171628,0.021386
5.310000,-0.037325,-0.002116,0.152162,-1.097585,-0.171260,0.021279
5.320000,-0.037138,-0.002106,0.151412,-1.097668,-0.170893,0.021173
5.330000,-0.036952,-0.002095,0.150665,-1.097751,-0.170527,0.021067
5.340000,-0.036768,-0.002085,0.149922,-1.097833,-0.170161,0.020962
5.350000,-0.036584,-0.002074,0.149182,-1.097915,-0.169797,0.020857
5.360000,-0.036401,-0.002064,0.148446,-1.097996,-0.169434,0.020753
5.370000,-0.036219,-0.002054,0.147714,-1.098077,-0.169071,0.020650
5.380000,-0.036038,-0.002043,0.146985,-1.098157,-0.168709,0.020547
5.390000,-0.035857,-0.002033,0.146260,-1.098236,-0.168348,0.020444
5.400000,-0.035678,-0.002023,0.145538,-1.098315,-0.167988,0.020342
5.410000,-0.035500,-0.002013,0.144819,-1.098394,-0.167629,0.020241
5.420000,-0.035322,-0.002003,0.144104,-1.098472,-0.167271,0.020140
5.430000,-0.035146,-0.001993,0.143393,-1.098550,-0.166913,0.020039
5.440000,-0.034970,-0.001983,0.142685,-1.098627,-0.166557,0.019939
5.450000,-0.034795,-0.001973,0.141980,-1.098703,-0.166201,0.019839
5.460000,-0.034621,-0.001963,0.141279,-1.098780,-0.165846,0.019740
5.470000,-0.034448,-0.001953,0.140581,-1.098855,-0.165492,0.019642
5.480000,-0.034276,-0.001944,0.139887,-1.098930,-0.165139,0.019544
5.490000,-0.034104,-0.001934,0.139196,-1.099005,-0.164787,0.019446
5.500000,-0.033934,-0.001924,0.138508,-1.099079,-0.164436,0.019349
5.510000,-0.033764,-0.001915,0.137824,-1.099153,-0.164085,0.019253
5.520000,-0.033596,-0.001905,0.137143,-1.099226,-0.163735,0.019157
5.530000,-0.033428,-0.001896,0.136465,-1.099299,-0.163386,0.019061
5.540000,-0.033261,-0.001886,0.135791,-1.099371,-0.163038,0.018966
5.550000,-0.033094,-0.001877,0.135119,-1.099443,-0.162691,0.018871
5.560000,-0.032929,-0.001867,0.134452,-1.099514,-0.162345,0.018777
5.570000,-0.032764,-0.001858,0.133787,-1.099585,-0.161999,0.018683
5.580000,-0.032601,-0.001849,0.133125,-1.099656,-0.161654,0.018590
5.590000,-0.032438,-0.001840,0.132467,-1.099725,-0.161310,0.018497
5.600000,-0.032275,-0.001830,0.131812,-1.099795,-0.160967,0.018405
5.610000,-0.032114,-0.001821,0.131160,-1.099864,-0.160625,0.018313
5.620000,-0.031954,-0.001812,0.130512,-1.099933,-0.160284,0.018222
5.630000,-0.031794,-0.001803,0.129866,-1.100001,-0.159943,0.018131
5.640000,-0.031635,-0.001794,0.129224,-1.100069,-0.159603,0.018040
5.650000,-0.031477,-0.001785,0.128584,-1.100136,-0.159264,0.017950
5.660000,-0.031320,-0.001776,0.127948,-1.100203,-0.158926,0.017861
5.670000,-0.031163,-0.001768,0.127315,-1.100269,-0.158588,0.017771
5.680000,-0.031007,-0.001759,0.126685,-1.100335,-0.158252,0.017683
5.690000,-0.030852,-0.001750,0.126058,-1.100401,-0.157916,0.017595
5.700000,-0.030698,-0.001741,0.125434,-1.100466,-0.157581,0.017507
5.710000,-0.030545,-0.001733,0.124813,-1.100531,-0.157247,0.017419
5.720000,-0.030392,-0.001724,0.124196,-1.100595,-0.156913,0.017332
5.730000,-0.030240,-0.001715,0.123581,-1.100659,-0.156580,0.017246
5.740000,-0.030089,-0.001707,0.122969,-1.100723,-0.156249,0.017160
5.750000,-0.029939,-0.001698,0.122360,-1.100786,-0.155917,0.017074
5.760000,-0.029789,-0.001690,0.121754,-1.100849,-0.155587,0.016989
5.770000,-0.029641,-0.001681,0.121152,-1.100911,-0.155258,0.016904
5.780000,-0.029492,-0.001673,0.120552,-1.100973,-0.154929,0.016820
5.790000,-0.029345,-0.001665,0.119955,-1.101034,-0.154601,0.016736
5.800000,-0.029199,-0.001656,0.119361,-1.101095,-0.154274,0.016652
5.810000,-0.029053,-0.001648,0.118769,-1.101156,-0.153947,0.016569
5.820000,-0.028908,-0.001640,0.118181,-1.101216,-0.153622,0.016487
5.830000,-0.028763,-0.001632,0.117596,-1.101276,-0.153297,0.016404
5.840000,-0.028619,-0.001623,0.117013,-1.101336,-0.152972,0.016322
5.850000,-0.028476,-0.001615,0.116433,-1.101395,-0.152649,0.016241
5.860000,-0.028334,-0.001607,0.115856,-1.101454,-0.152326,0.016160
5.870000,-0.028193,-0.001599,0.115282,-1.101512,-0.152005,0.016079
5.880000,-0.028052,-0.001591,0.114711,-1.101570,-0.151683,0.015999
5.890000,-0.027912,-0.001583,0.114143,-1.101628,-0.151363,0.015919
5.900000,-0.027772,-0.001576,0.113577,-1.101685,-0.151043,0.015840
5.910000,-0.027634,-0.001568,0.113014,-1.101742,-0.150725,0.015761
5.920000,-0.027495,-0.001560,0.112454,-1.101799,-0.150406,0.015682
5.930000,-0.027358,-0.001552,0.111896,-1.101855,-0.150089,0.015604
5.940000,-0.027221,-0.001544,0.111342,-1.101911,-0.149772,0.015526
5.950000,-0.027086,-0.001537,0.110790,-1.101966,-0.149456,0.015449
5.960000,-0.026950,-0.001529,0.110240,-1.102021,-0.149141,0.015371
5.970000,-0.026816,-0.001521,0.109694,-1.102076,-0.148827,0.015295
5.980000,-0.026682,-0.001514,0.109150,-1.102130,-0.148513,0.015218
5.990000,-0.026548,-0.001506,0.108609,-1.102184,-0.148200,0.015143
6.000000,-0.026416,-0.001499,0.108070,-1.102238,-0.147888,0.015067
6.010000,-0.026284,-0.001491,0.107534,-1.102291,-0.147576,0.014992
6.020000,-0.026153,-0.001484,0.107001,-1.102344,-0.147266,0.014917
6.030000,-0.026022,-0.001476,0.106470,-1.102397,-0.146955,0.014843
6.040000,-0.025892,-0.001469,0.105942,-1.102449,-0.146646,0.014768
6.050000,-0.025763,-0.001462,0.105417,-1.102501,-0.146337,0.014695
6.060000,-0.025634,-0.001454,0.104894,-1.102553,-0.146030,0.014621
6.070000,-0.025506,-0.001447,0.104373,-1.102604,-0.145722,0.014549
6.080000,-0.025379,-0.001440,0.103855,-1.102655,-0.145416,0.014476
6.090000,-0.025252,-0.001433,0.103340,-1.102706,-0.145110,0.014404
6.100000,-0.025126,-0.001426,0.102827,-1.102756,-0.144805,0.014332
6.110000,-0.025000,-0.001418,0.102317,-1.102806,-0.144501,0.014260
6.120000,-0.024876,-0.001411,0.101809,-1.102856,-0.144197,0.014189
6.130000,-0.024751,-0.001404,0.101304,-1.102905,-0.143894,0.014118
6.140000,-0.024628,-0.001397,0.100802,-1.102955,-0.143592,0.014048
6.150000,-0.024505,-0.001390,0.100301,-1.103003,-0.143290,0.013978
6.160000,-0.024382,-0.001383,0.099803,-1.103052,-0.142989,0.013908
6.170000,-0.024261,-0.001377,0.099308,-1.103100,-0.142689,0.013839
6.180000,-0.024139,-0.001370,0.098815,-1.103148,-0.142389,0.013770
6.190000,-0.024019,-0.001363,0.098325,-1.103195,-0.142091,0.013701
6.200000,-0.023899,-0.001356,0.097837,-1.103242,-0.141792,0.013633
6.210000,-0.023780,-0.001349,0.097351,-1.103289,-0.141495,0.013565
6.220000,-0.023661,-0.001343,0.096868,-1.103336,-0.141198,0.013497
6.230000,-0.023543,-0.001336,0.096387,-1.103382,-0.140902,0.013430
6.240000,-0.023425,-0.001329,0.095908,-1.103428,-0.140607,0.013363
6.250000,-0.023308,-0.001323,0.095432,-1.103474,-0.140312,0.013296
6.260000,-0.023192,-0.001316,0.094958,-1.103519,-0.140018,0.013230
6.270000,-0.023076,-0.001309,0.094486,-1.103564,-0.139725,0.013164
6.280000,-0.022961,-0.001303,0.094017,-1.103609,-0.139432,0.013098
6.290000,-0.022846,-0.001296,0.093550,-1.103654,-0.139140,0.013033
6.300000,-0.022732,-0.001290,0.093086,-1.103698,-0.138848,0.012967
6.310000,-0.022619,-0.001283,0.092623,-1.103742,-0.138558,0.012903
6.320000,-0.022506,-0.001277,0.092163,-1.103785,-0.138268,0.012838
6.330000,-0.022393,-0.001271,0.091706,-1.103829,-0.137978,0.012774
6.340000,-0.022282,-0.001264,0.091250,-1.103872,-0.137690,0.012711
6.350000,-0.022170,-0.001258,0.090797,-1.103915,-0.137402,0.012647
6.360000,-0.022060,-0.001252,0.090346,-1.103957,-0.137114,0.012584
6.370000,-0.021950,-0.001246,0.089897,-1.104000,-0.136827,0.012521
6.380000,-0.021840,-0.001239,0.089450,-1.104042,-0.136541,0.012459
6.390000,-0.021731,-0.001233,0.089006,-1.104083,-0.136256,0.012397
6.400000,-0.021622,-0.001227,0.088564,-1.104125,-0.135971,0.012335
6.410000,-0.021515,-0.001221,0.088124,-1.104166,-0.135687,0.012273
6.420000,-0.021407,-0.001215,0.087686,-1.104207,-0.135403,0.012212
6.430000,-0.021300,-0.001209,0.087250,-1.104248,-0.135121,0.012151
6.440000,-0.021194,-0.001203,0.086817,-1.104288,-0.134838,0.012091
6.450000,-0.021088,-0.001197,0.086385,-1.104328,-0.134557,0.012030
6.460000,-0.020983,-0.001191,0.085956,-1.104368,-0.134276,0.011970
6.470000,-0.020878,-0.001185,0.085529,-1.104408,-0.133995,0.011910
6.480000,-0.020774,-0.001179,0.085104,-1.104447,-0.133716,0.011851
6.490000,-0.020670,-0.001173,0.084681,-1.104486,-0.133437,0.011792
6.500000,-0.020567,-0.001167,0.084260,-1.104525,-0.133158,0.011733
6.510000,-0.020464,-0.001161,0.083841,-1.104564,-0.132881,0.011675
6.520000,-0.020362,-0.001156,0.083424,-1.104602,-0.132603,0.011616
6.530000,-0.020261,-0.001150,0.083010,-1.104640,-0.132327,0.011558
6.540000,-0.020159,-0.001144,0.082597,-1.104678,-0.132051,0.011501
6.550000,-0.020059,-0.001138,0.082186,-1.104716,-0.131776,0.011443
6.560000,-0.019959,-0.001133,0.081778,-1.104753,-0.131501,0.011386
6.570000,-0.019859,-0.001127,0.081371,-1.104790,-0.131227,0.011329
6.580000,-0.019760,-0.001121,0.080967,-1.104827,-0.130954,0.011273
6.590000,-0.019661,-0.001116,0.080564,-1.104864,-0.130681,0.011217
6.600000,-0.019563,-0.001110,0.080164,-1.104900,-0.130409,0.011161
6.610000,-0.019466,-0.001105,0.079765,-1.104936,-0.130137,0.011105
6.620000,-0.019368,-0.001099,0.079368,-1.104972,-0.129866,0.011050
6.630000,-0.019272,-0.001094,0.078974,-1.105008,-0.129596,0.010995
6.640000,-0.019176,-0.001088,0.078581,-1.105044,-0.129326,0.010940
6.650000,-0.019080,-0.001083,0.078190,-1.105079,-0.129057,0.010885
6.660000,-0.018985,-0.001077,0.077801,-1.105114,-0.128788,0.010831
6.670000,-0.018890,-0.001072,0.077415,-1.105149,-0.128521,0.010777
6.680000,-0.018796,-0.001067,0.077030,-1.105183,-0.128253,0.010723
6.690000,-0.018702,-0.001061,0.076647,-1.105218,-0.127986,0.010670
6.700000,-0.018608,-0.001056,0.076265,-1.105252,-0.127720,0.010616
6.710000,-0.018516,-0.001051,0.075886,-1.105286,-0.127455,0.010563
6.720000,-0.018423,-0.001046,0.075509,-1.105320,-0.127190,0.010511
6.730000,-0.018331,-0.001040,0.075133,-1.105353,-0.126926,0.010458
6.740000,-0.018240,-0.001035,0.074759,-1.105386,-0.126662,0.010406
6.750000,-0.018149,-0.001030,0.074387,-1.105419,-0.126399,0.010354
6.760000,-0.018058,-0.001025,0.074017,-1.105452,-0.126136,0.010302
6.770000,-0.017968,-0.001020,0.073649,-1.105485,-0.125874,0.010251
6.780000,-0.017878,-0.001015,0.073283,-1.105517,-0.125613,0.010200
6.790000,-0.017789,-0.001010,0.072918,-1.105550,-0.125352,0.010149
6.800000,-0.017700,-0.001005,0.072556,-1.105582,-0.125092,0.010098
6.810000,-0.017612,-0.001000,0.072195,-1.105613,-0.124832,0.010048
6.820000,-0.017524,-0.000995,0.071836,-1.105645,-0.124573,0.009998
6.830000,-0.017437,-0.000990,0.071478,-1.105676,-0.124314,0.009948
6.840000,-0.017350,-0.000985,0.071123,-1.105708,-0.124056,0.009898
6.850000,-0.017263,-0.000980,0.070769,-1.105739,-0.123799,0.009849
6.860000,-0.017177,-0.000975,0.070417,-1.105769,-0.123542,0.009800
6.870000,-0.017091,-0.000970,0.070066,-1.105800,-0.123286,0.009751
6.880000,-0.017006,-0.000965,0.069718,-1.105830,-0.123030,0.009702
6.890000,-0.016921,-0.000960,0.069371,-1.105861,-0.122775,0.009654
6.900000,-0.016837,-0.000956,0.069025,-1.105891,-0.122521,0.009606
6.910000,-0.016752,-0.000951,0.068682,-1.105920,-0.122267,0.009558
6.920000,-0.016669,-0.000946,0.068340,-1.105950,-0.122014,0.009510
6.930000,-0.016586,-0.000941,0.068000,-1.105979,-0.121761,0.009463
6.940000,-0.016503,-0.000937,0.067662,-1.106009,-0.121509,0.009416
6.950000,-0.016421,-0.000932,0.067325,-1.106038,-0.121257,0.009369
6.960000,-0.016339,-0.000927,0.066990,-1.106067,-0.121006,0.009322
6.970000,-0.016257,-0.000923,0.066657,-1.106095,-0.120755,0.009275
6.980000,-0.016176,-0.000918,0.066325,-1.106124,-0.120505,0.009229
6.990000,-0.016095,-0.000914,0.065995,-1.106152,-0.120256,0.009183
7.000000,-0.016015,-0.000909,0.065666,-1.106180,-0.120007,0.009137
7.010000,-0.015935,-0.000904,0.065340,-1.106208,-0.119758,0.009092
7.020000,-0.015856,-0.000900,0.065014,-1.106236,-0.119511,0.009046
7.030000,-0.015776,-0.000895,0.064691,-1.106263,-0.119263,0.009001
7.040000,-0.015698,-0.000891,0.064369,-1.106291,-0.119017,0.008956
7.050000,-0.015619,-0.000887,0.064048,-1.106318,-0.118770,0.008912
7.060000,-0.015541,-0.000882,0.063730,-1.106345,-0.118525,0.008867
7.070000,-0.015464,-0.000878,0.063412,-1.106372,-0.118280,0.008823
7.080000,-0.015387,-0.000873,0.063097,-1.106399,-0.118035,0.008779
7.090000,-0.015310,-0.000869,0.062783,-1.106425,-0.117791,0.008735
7.100000,-0.015234,-0.000865,0.062470,-1.106452,-0.117548,0.008692
7.110000,-0.015158,-0.000860,0.062159,-1.106478,-0.117305,0.008648
7.120000,-0.015082,-0.000856,0.061850,-1.106504,-0.117062,0.008605
7.130000,-0.015007,-0.000852,0.061542,-1.106530,-0.116821,0.008562
7.140000,-0.014932,-0.000848,0.061235,-1.106555,-0.116579,0.008519
7.150000,-0.014857,-0.000843,0.060930,-1.106581,-0.116338,0.008477
7.160000,-0.014783,-0.000839,0.060627,-1.106606,-0.116098,0.008435
7.170000,-0.014709,-0.000835,0.060325,-1.106632,-0.115858,0.008393
7.180000,-0.014636,-0.000831,0.060025,-1.106657,-0.115619,0.008351
7.190000,-0.014563,-0.000827,0.059726,-1.106681,-0.115381,0.008309
7.200000,-0.014490,-0.000822,0.059429,-1.106706,-0.115142,0.008268
7.210000,-0.014418,-0.000818,0.059133,-1.106731,-0.114905,0.008226
7.220000,-0.014346,-0.000814,0.058838,-1.106755,-0.114668,0.008185
7.230000,-0.014274,-0.000810,0.058545,-1.106779,-0.114431,0.008145
7.240000,-0.014203,-0.000806,0.058254,-1.106803,-0.114195,0.008104
7.250000,-0.014132,-0.000802,0.057964,-1.106827,-0.113959,0.008063
7.260000,-0.014062,-0.000798,0.057675,-1.106851,-0.113724,0.008023
7.270000,-0.013992,-0.000794,0.057388,-1.106875,-0.113490,0.007983
7.280000,-0.013922,-0.000790,0.057102,-1.106898,-0.113256,0.007943
7.290000,-0.013852,-0.000786,0.056818,-1.106922,-0.113022,0.007904
7.300000,-0.013783,-0.000782,0.056535,-1.106945,-0.112789,0.007864
7.310000,-0.013715,-0.000778,0.056253,-1.106968,-0.112557,0.007825
7.320000,-0.013646,-0.000775,0.055973,-1.106991,-0.112325,0.007786
7.330000,-0.013578,-0.000771,0.055695,-1.107013,-0.112093,0.007747
7.340000,-0.013510,-0.000767,0.055417,-1.107036,-0.111862,0.007709
7.350000,-0.013443,-0.000763,0.055141,-1.107058,-0.111632,0.007670
7.360000,-0.013376,-0.000759,0.054867,-1.107081,-0.111402,0.007632
7.370000,-0.013309,-0.000755,0.054593,-1.107103,-0.111173,0.007594
7.380000,-0.013243,-0.000752,0.054321,-1.107125,-0.110944,0.007556
7.390000,-0.013177,-0.000748,0.054051,-1.107147,-0.110715,0.007518
7.400000,-0.013111,-0.000744,0.053782,-1.107168,-0.110487,0.007481
7.410000,-0.013045,-0.000741,0.053514,-1.107190,-0.110260,0.007443
7.420000,-0.012980,-0.000737,0.053247,-1.107211,-0.110033,0.007406
7.430000,-0.012916,-0.000733,0.052982,-1.107233,-0.109806,0.007369
7.440000,-0.012851,-0.000729,0.052718,-1.107254,-0.109580,0.007333
7.450000,-0.012787,-0.000726,0.052456,-1.107275,-0.109355,0.007296
7.460000,-0.012723,-0.000722,0.052194,-1.107296,-0.109130,0.007260
7.470000,-0.012660,-0.000719,0.051934,-1.107316,-0.108905,0.007223
7.480000,-0.012597,-0.000715,0.051676,-1.107337,-0.108681,0.007187
7.490000,-0.012534,-0.000711,0.051418,-1.107358,-0.108458,0.007152
7.500000,-0.012471,-0.000708,0.051162,-1.107378,-0.108235,0.007116
7.510000,-0.012409,-0.000704,0.050907,-1.107398,-0.108012,0.007080
7.520000,-0.012347,-0.000701,0.050654,-1.107418,-0.107790,0.007045
7.530000,-0.012285,-0.000697,0.050401,-1.107438,-0.107569,0.007010
7.540000,-0.012224,-0.000694,0.050150,-1.107458,-0.107347,0.006975
7.550000,-0.012163,-0.000690,0.049901,-1.107478,-0.107127,0.006940
7.560000,-0.012103,-0.000687,0.049652,-1.107497,-0.106907,0.006906
7.570000,-0.012042,-0.000684,0.049405,-1.107517,-0.106687,0.006871
7.580000,-0.011982,-0.000680,0.049158,-1.107536,-0.106468,0.006837
7.590000,-0.011922,-0.000677,0.048914,-1.107555,-0.106249,0.006803
7.600000,-0.011863,-0.000673,0.048670,-1.107574,-0.106031,0.006769
7.610000,-0.011804,-0.000670,0.048427,-1.107593,-0.105813,0.006735
7.620000,-0.011745,-0.000667,0.048186,-1.107612,-0.105596,0.006701
7.630000,-0.011686,-0.000663,0.047946,-1.107631,-0.105379,0.006668
7.640000,-0.011628,-0.000660,0.047707,-1.107649,-0.105163,0.006635
7.650000,-0.011570,-0.000657,0.047470,-1.107668,-0.104947,0.006602
7.660000,-0.011512,-0.000653,0.047233,-1.107686,-0.104731,0.006569
7.670000,-0.011455,-0.000650,0.046998,-1.107704,-0.104516,0.006536
7.680000,-0.011398,-0.000647,0.046764,-1.107723,-0.104302,0.006503
7.690000,-0.011341,-0.000644,0.046531,-1.107741,-0.104088,0.006471
7.700000,-0.011284,-0.000641,0.046299,-1.107758,-0.103874,0.006439
7.710000,-0.011228,-0.000637,0.046068,-1.107776,-0.103661,0.006407
7.720000,-0.011172,-0.000634,0.045839,-1.107794,-0.103448,0.006375
7.730000,-0.011116,-0.000631,0.045610,-1.107811,-0.103236,0.006343
7.740000,-0.011061,-0.000628,0.045383,-1.107829,-0.103024,0.006311
7.750000,-0.011005,-0.000625,0.045157,-1.107846,-0.102813,0.006280
7.760000,-0.010951,-0.000622,0.044932,-1.107863,-0.102602,0.006248
7.770000,-0.010896,-0.000619,0.044708,-1.107880,-0.102392,0.006217
7.780000,-0.010842,-0.000615,0.044485,-1.107897,-0.102182,0.006186
7.790000,-0.010787,-0.000612,0.044264,-1.107914,-0.101973,0.006155
7.800000,-0.010734,-0.000609,0.044043,-1.107931,-0.101764,0.006125
7.810000,-0.010680,-0.000606,0.043824,-1.107948,-0.101555,0.006094
7.820000,-0.010627,-0.000603,0.043605,-1.107964,-0.101347,0.006064
7.830000,-0.010574,-0.000600,0.043388,-1.107981,-0.101139,0.006033
7.840000,-0.010521,-0.000597,0.043172,-1.107997,-0.100932,0.006003
7.850000,-0.010469,-0.000594,0.042957,-1.108013,-0.100725,0.005973
7.860000,-0.010416,-0.000591,0.042742,-1.108029,-0.100519,0.005944
7.870000,-0.010364,-0.000588,0.042529,-1.108045,-0.100313,0.005914
7.880000,-0.010313,-0.000585,0.042318,-1.108061,-0.100108,0.005884
7.890000,-0.010261,-0.000583,0.042107,-1.108077,-0.099903,0.005855
7.900000,-0.010210,-0.000580,0.041897,-1.108093,-0.099698,0.005826
7.910000,-0.010159,-0.000577,0.041688,-1.108108,-0.099494,0.005797
7.920000,-0.010108,-0.000574,0.041480,-1.108124,-0.099290,0.005768
7.930000,-0.010058,-0.000571,0.041274,-1.108139,-0.099087,0.005739
7.940000,-0.010008,-0.000568,0.041068,-1.108155,-0.098884,0.005711
7.950000,-0.009958,-0.000565,0.040863,-1.108170,-0.098682,0.005682
7.960000,-0.009908,-0.000562,0.040660,-1.108185,-0.098480,0.005654
7.970000,-0.009859,-0.000560,0.040457,-1.108200,-0.098278,0.005625
7.980000,-0.009810,-0.000557,0.040255,-1.108215,-0.098077,0.005597
7.990000,-0.009761,-0.000554,0.040055,-1.108230,-0.097877,0.005570
8.000000,-0.009712,-0.000551,0.039855,-1.108244,-0.097676,0.005542
8.010000,-0.009664,-0.000549,0.039657,-1.108259,-0.097477,0.005514
8.020000,-0.009615,-0.000546,0.039459,-1.108274,-0.097277,0.005487
8.030000,-0.009567,-0.000543,0.039262,-1.108288,-0.097078,0.005459
8.040000,-0.009520,-0.000540,0.039067,-1.108302,-0.096880,0.005432
8.050000,-0.009472,-0.000538,0.038872,-1.108317,-0.096682,0.005405
8.060000,-0.009425,-0.000535,0.038678,-1.108331,-0.096484,0.005378
8.070000,-0.009378,-0.000532,0.038485,-1.108345,-0.096287,0.005351
8.080000,-0.009331,-0.000530,0.038294,-1.108359,-0.096090,0.005324
8.090000,-0.009285,-0.000527,0.038103,-1.108373,-0.095894,0.005298
8.100000,-0.009238,-0.000524,0.037913,-1.108387,-0.095698,0.005271
8.110000,-0.009192,-0.000522,0.037724,-1.108400,-0.095502,0.005245
8.120000,-0.009146,-0.000519,0.037536,-1.108414,-0.095307,0.005219
8.130000,-0.009101,-0.000517,0.037349,-1.108427,-0.095112,0.005193
8.140000,-0.009055,-0.000514,0.037163,-1.108441,-0.094918,0.005167
8.150000,-0.009010,-0.000511,0.036977,-1.108454,-0.094724,0.005141
8.160000,-0.008965,-0.000509,0.036793,-1.108468,-0.094530,0.005116
8.170000,-0.008920,-0.000506,0.036610,-1.108481,-0.094337,0.005090
8.180000,-0.008876,-0.000504,0.036427,-1.108494,-0.094145,0.005065
8.190000,-0.008832,-0.000501,0.036246,-1.108507,-0.093953,0.005039
8.200000,-0.008788,-0.000499,0.036065,-1.108520,-0.093761,0.005014
8.210000,-0.008744,-0.000496,0.035885,-1.108533,-0.093569,0.004989
8.220000,-0.008700,-0.000494,0.035706,-1.108545,-0.093378,0.004964
8.230000,-0.008657,-0.000491,0.035528,-1.108558,-0.093188,0.004940
8.240000,-0.008614,-0.000489,0.035351,-1.108571,-0.092997,0.004915
8.250000,-0.008571,-0.000487,0.035175,-1.108583,-0.092808,0.004891
8.260000,-0.008528,-0.000484,0.035000,-1.108596,-0.092618,0.004866
8.270000,-0.008485,-0.000482,0.034825,-1.108608,-0.092429,0.004842
8.280000,-0.008443,-0.000479,0.034652,-1.108620,-0.092241,0.004818
8.290000,-0.008401,-0.000477,0.034479,-1.108633,-0.092052,0.004794
8.300000,-0.008359,-0.000475,0.034307,-1.108645,-0.091865,0.004770
8.310000,-0.008317,-0.000472,0.034136,-1.108657,-0.091677,0.004746
8.320000,-0.008276,-0.000470,0.033966,-1.108669,-0.091490,0.004722
8.330000,-0.008235,-0.000467,0.033797,-1.108681,-0.091304,0.004699
8.340000,-0.008193,-0.000465,0.033628,-1.108692,-0.091117,0.004675
8.350000,-0.008153,-0.000463,0.033460,-1.108704,-0.090932,0.004652
8.360000,-0.008112,-0.000461,0.033294,-1.108716,-0.090746,0.004629
8.370000,-0.008071,-0.000458,0.033128,-1.108727,-0.090561,0.004606
8.380000,-0.008031,-0.000456,0.032963,-1.108739,-0.090376,0.004583
8.390000,-0.007991,-0.000454,0.032798,-1.108750,-0.090192,0.004560
8.400000,-0.007951,-0.000451,0.032635,-1.108762,-0.090008,0.004537
8.410000,-0.007912,-0.000449,0.032472,-1.108773,-0.089825,0.004515
8.420000,-0.007872,-0.000447,0.032310,-1.108784,-0.089642,0.004492
8.430000,-0.007833,-0.000445,0.032149,-1.108795,-0.089459,0.004470
8.440000,-0.007794,-0.000442,0.031989,-1.108806,-0.089277,0.004447
8.450000,-0.007755,-0.000440,0.031829,-1.108817,-0.089095,0.004425
8.460000,-0.007716,-0.000438,0.031671,-1.108828,-0.088913,0.004403
8.470000,-0.007678,-0.000436,0.031513,-1.108839,-0.088732,0.004381
8.480000,-0.007639,-0.000434,0.031356,-1.108850,-0.088551,0.004359
8.490000,-0.007601,-0.000432,0.031199,-1.108861,-0.088371,0.004337
8.500000,-0.007563,-0.000429,0.031044,-1.108871,-0.088191,0.004316
8.510000,-0.007526,-0.000427,0.030889,-1.108882,-0.088011,0.004294
8.520000,-0.007488,-0.000425,0.030735,-1.108892,-0.087832,0.004273
8.530000,-0.007451,-0.000423,0.030582,-1.108903,-0.087653,0.004252
8.540000,-0.007414,-0.000421,0.030430,-1.108913,-0.087475,0.004230
8.550000,-0.007377,-0.000419,0.030278,-1.108924,-0.087297,0.004209
8.560000,-0.007340,-0.000417,0.030127,-1.108934,-0.087119,0.004188
8.570000,-0.007303,-0.000415,0.029977,-1.108944,-0.086942,0.004167
8.580000,-0.007267,-0.000413,0.029827,-1.108954,-0.086765,0.004147
8.590000,-0.007231,-0.000410,0.029679,-1.108964,-0.086588,0.004126
8.600000,-0.007195,-0.000408,0.029531,-1.108974,-0.086412,0.004105
8.610000,-0.007159,-0.000406,0.029383,-1.108984,-0.086236,0.004085
8.620000,-0.007123,-0.000404,0.029237,-1.108994,-0.086061,0.004065
8.630000,-0.007087,-0.000402,0.029091,-1.109004,-0.085885,0.004044
8.640000,-0.007052,-0.000400,0.028946,-1.109013,-0.085711,0.004024
8.650000,-0.007017,-0.000398,0.028802,-1.109023,-0.085536,0.004004
8.660000,-0.006982,-0.000396,0.028658,-1.109033,-0.085362,0.003984
8.670000,-0.006947,-0.000394,0.028515,-1.109042,-0.085189,0.003964
8.680000,-0.006912,-0.000392,0.028373,-1.109052,-0.085015,0.003944
8.690000,-0.006878,-0.000390,0.028232,-1.109061,-0.084842,0.003925
8.700000,-0.006844,-0.000389,0.028091,-1.109071,-0.084670,0.003905
8.710000,-0.006809,-0.000387,0.027951,-1.109080,-0.084498,0.003886
8.720000,-0.006775,-0.000385,0.027812,-1.109089,-0.084326,0.003866
8.730000,-0.006742,-0.000383,0.027673,-1.109098,-0.084154,0.003847
8.740000,-0.006708,-0.000381,0.027535,-1.109107,-0.083983,0.003828
8.750000,-0.006675,-0.000379,0.027398,-1.109116,-0.083813,0.003809
8.760000,-0.006641,-0.000377,0.027261,-1.109125,-0.083642,0.003790
8.770000,-0.006608,-0.000375,0.027125,-1.109134,-0.083472,0.003771
8.780000,-0.006575,-0.000373,0.026990,-1.109143,-0.083302,0.003752
8.790000,-0.006542,-0.000371,0.026855,-1.109152,-0.083133,0.003733
8.800000,-0.006510,-0.000370,0.026721,-1.109161,-0.082964,0.003715
8.810000,-0.006477,-0.000368,0.026588,-1.109170,-0.082796,0.003696
8.820000,-0.006445,-0.000366,0.026456,-1.109178,-0.082627,0.003678
8.830000,-0.006413,-0.000364,0.026324,-1.109187,-0.082459,0.003659
8.840000,-0.006381,-0.000362,0.026192,-1.109195,-0.082292,0.003641
8.850000,-0.006349,-0.000360,0.026062,-1.109204,-0.082125,0.003623
8.860000,-0.006317,-0.000359,0.025932,-1.109212,-0.081958,0.003605
8.870000,-0.006286,-0.000357,0.025803,-1.109221,-0.081791,0.003587
8.880000,-0.006255,-0.000355,0.025674,-1.109229,-0.081625,0.003569
8.890000,-0.006223,-0.000353,0.025546,-1.109237,-0.081459,0.003551
8.900000,-0.006192,-0.000352,0.025419,-1.109246,-0.081294,0.003534
8.910000,-0.006161,-0.000350,0.025292,-1.109254,-0.081129,0.003516
8.920000,-0.006131,-0.000348,0.025166,-1.109262,-0.080964,0.003498
8.930000,-0.006100,-0.000346,0.025040,-1.109270,-0.080800,0.003481
8.940000,-0.006070,-0.000345,0.024915,-1.109278,-0.080636,0.003464
8.950000,-0.006039,-0.000343,0.024791,-1.109286,-0.080472,0.003446
8.960000,-0.006009,-0.000341,0.024668,-1.109294,-0.080309,0.003429
8.970000,-0.005979,-0.000339,0.024545,-1.109302,-0.080146,0.003412
8.980000,-0.005949,-0.000338,0.024422,-1.109309,-0.079983,0.003395
8.990000,-0.005920,-0.000336,0.024300,-1.109317,-0.079821,0.003378
9.000000,-0.005890,-0.000334,0.024179,-1.109325,-0.079659,0.003361
9.010000,-0.005861,-0.000333,0.024059,-1.109333,-0.079497,0.003344
9.020000,-0.005832,-0.000331,0.023939,-1.109340,-0.079336,0.003328
9.030000,-0.005803,-0.000329,0.023819,-1.109348,-0.079175,0.003311
9.040000,-0.005774,-0.000328,0.023701,-1.109355,-0.079014,0.003295
9.050000,-0.005745,-0.000326,0.023582,-1.109363,-0.078854,0.003278
9.060000,-0.005716,-0.000325,0.023465,-1.109370,-0.078694,0.003262
9.070000,-0.005688,-0.000323,0.023348,-1.109377,-0.078534,0.003246
9.080000,-0.005659,-0.000321,0.023231,-1.109385,-0.078375,0.003229
9.090000,-0.005631,-0.000320,0.023116,-1.109392,-0.078216,0.003213
9.100000,-0.005603,-0.000318,0.023000,-1.109399,-0.078057,0.003197
9.110000,-0.005575,-0.000317,0.022886,-1.109406,-0.077899,0.003181
9.120000,-0.005547,-0.000315,0.022772,-1.109414,-0.077741,0.003165
9.130000,-0.005520,-0.000313,0.022658,-1.109421,-0.077583,0.003150
9.140000,-0.005492,-0.000312,0.022545,-1.109428,-0.077426,0.003134
9.150000,-0.005465,-0.000310,0.022433,-1.109435,-0.077269,0.003118
9.160000,-0.005437,-0.000309,0.022321,-1.109442,-0.077112,0.003103
9.170000,-0.005410,-0.000307,0.022209,-1.109449,-0.076956,0.003087
9.180000,-0.005383,-0.000306,0.022099,-1.109455,-0.076800,0.003072
9.190000,-0.005356,-0.000304,0.021989,-1.109462,-0.076644,0.003057
9.200000,-0.005330,-0.000303,0.021879,-1.109469,-0.076488,0.003041
9.210000,-0.005303,-0.000301,0.021770,-1.109476,-0.076333,0.003026
9.220000,-0.005277,-0.000300,0.021661,-1.109482,-0.076179,0.003011
9.230000,-0.005250,-0.000298,0.021553,-1.109489,-0.076024,0.002996
9.240000,-0.005224,-0.000297,0.021446,-1.109496,-0.075870,0.002981
9.250000,-0.005198,-0.000295,0.021339,-1.109502,-0.075716,0.002966
9.260000,-0.005172,-0.000294,0.021232,-1.109509,-0.075563,0.002951
9.270000,-0.005146,-0.000292,0.021127,-1.109515,-0.075410,0.002937
9.280000,-0.005121,-0.000291,0.021021,-1.109522,-0.075257,0.002922
9.290000,-0.005095,-0.000289,0.020916,-1.109528,-0.075105,0.002907
9.300000,-0.005070,-0.000288,0.020812,-1.109534,-0.074952,0.002893
9.310000,-0.005044,-0.000286,0.020708,-1.109541,-0.074801,0.002879
9.320000,-0.005019,-0.000285,0.020605,-1.109547,-0.074649,0.002864
9.330000,-0.004994,-0.000284,0.020502,-1.109553,-0.074498,0.002850
9.340000,-0.004969,-0.000282,0.020400,-1.109559,-0.074347,0.002836
9.350000,-0.004945,-0.000281,0.020298,-1.109565,-0.074196,0.002822
9.360000,-0.004920,-0.000279,0.020197,-1.109572,-0.074046,0.002807
9.370000,-0.004895,-0.000278,0.020096,-1.109578,-0.073896,0.002793
9.380000,-0.004871,-0.000277,0.019996,-1.109584,-0.073746,0.002780
9.390000,-0.004847,-0.000275,0.019896,-1.109590,-0.073597,0.002766
9.400000,-0.004822,-0.000274,0.019797,-1.109596,-0.073448,0.002752
9.410000,-0.004798,-0.000272,0.019699,-1.109601,-0.073299,0.002738
9.420000,-0.004774,-0.000271,0.019600,-1.109607,-0.073151,0.002725
9.430000,-0.004751,-0.000270,0.019503,-1.109613,-0.073003,0.002711
9.440000,-0.004727,-0.000268,0.019405,-1.109619,-0.072855,0.002697
9.450000,-0.004703,-0.000267,0.019309,-1.109625,-0.072708,0.002684
9.460000,-0.004680,-0.000266,0.019212,-1.109630,-0.072560,0.002671
9.470000,-0.004657,-0.000264,0.019116,-1.109636,-0.072413,0.002657
9.480000,-0.004633,-0.000263,0.019021,-1.109642,-0.072267,0.002644
9.490000,-0.004610,-0.000262,0.018926,-1.109647,-0.072121,0.002631
9.500000,-0.004587,-0.000260,0.018832,-1.109653,-0.071975,0.002618
9.510000,-0.004564,-0.000259,0.018738,-1.109658,-0.071829,0.002605
9.520000,-0.004542,-0.000258,0.018645,-1.109664,-0.071684,0.002592
9.530000,-0.004519,-0.000257,0.018552,-1.109669,-0.071539,0.002579
9.540000,-0.004496,-0.000255,0.018459,-1.109675,-0.071394,0.002566
9.550000,-0.004474,-0.000254,0.018367,-1.109680,-0.071249,0.002553
9.560000,-0.004452,-0.000253,0.018275,-1.109686,-0.071105,0.002540
9.570000,-0.004429,-0.000251,0.018184,-1.109691,-0.070961,0.002528
9.580000,-0.004407,-0.000250,0.018094,-1.109696,-0.070818,0.002515
9.590000,-0.004385,-0.000249,0.018003,-1.109702,-0.070675,0.002502
9.600000,-0.004364,-0.000248,0.017914,-1.109707,-0.070532,0.002490
9.610000,-0.004342,-0.000246,0.017824,-1.109712,-0.070389,0.002478
9.620000,-0.004320,-0.000245,0.017735,-1.109717,-0.070247,0.002465
9.630000,-0.004299,-0.000244,0.017647,-1.109722,-0.070104,0.002453
9.640000,-0.004277,-0.000243,0.017559,-1.109727,-0.069963,0.002441
9.650000,-0.004256,-0.000242,0.017471,-1.109732,-0.069821,0.002429
9.660000,-0.004235,-0.000240,0.017384,-1.109737,-0.069680,0.002416
9.670000,-0.004213,-0.000239,0.017298,-1.109742,-0.069539,0.002404
9.680000,-0.004192,-0.000238,0.017211,-1.109747,-0.069399,0.002392
9.690000,-0.004172,-0.000237,0.017125,-1.109752,-0.069258,0.002380
9.700000,-0.004151,-0.000236,0.017040,-1.109757,-0.069118,0.002369
9.710000,-0.004130,-0.000234,0.016955,-1.109762,-0.068978,0.002357
9.720000,-0.004109,-0.000233,0.016871,-1.109767,-0.068839,0.002345
9.730000,-0.004089,-0.000232,0.016786,-1.109772,-0.068700,0.002333
9.740000,-0.004069,-0.000231,0.016703,-1.109776,-0.068561,0.002322
9.750000,-0.004048,-0.000230,0.016619,-1.109781,-0.068422,0.002310
9.760000,-0.004028,-0.000229,0.016537,-1.109786,-0.068284,0.002299
9.770000,-0.004008,-0.000228,0.016454,-1.109791,-0.068146,0.002287
9.780000,-0.003988,-0.000226,0.016372,-1.109795,-0.068008,0.002276
9.790000,-0.003968,-0.000225,0.016290,-1.109800,-0.067871,0.002264
9.800000,-0.003948,-0.000224,0.016209,-1.109804,-0.067734,0.002253
9.810000,-0.003929,-0.000223,0.016128,-1.109809,-0.067597,0.002242
9.820000,-0.003909,-0.000222,0.016048,-1.109814,-0.067460,0.002231
9.830000,-0.003890,-0.000221,0.015968,-1.109818,-0.067324,0.002220
9.840000,-0.003870,-0.000220,0.015888,-1.109822,-0.067188,0.002208
9.850000,-0.003851,-0.000219,0.015809,-1.109827,-0.067052,0.002197
9.860000,-0.003832,-0.000218,0.015730,-1.109831,-0.066917,0.002186
9.870000,-0.003812,-0.000216,0.015652,-1.109836,-0.066781,0.002176
9.880000,-0.003793,-0.000215,0.015574,-1.109840,-0.066647,0.002165
9.890000,-0.003775,-0.000214,0.015496,-1.109844,-0.066512,0.002154
9.900000,-0.003756,-0.000213,0.015419,-1.109849,-0.066378,0.002143
9.910000,-0.003737,-0.000212,0.015342,-1.109853,-0.066243,0.002132
9.920000,-0.003718,-0.000211,0.015265,-1.109857,-0.066110,0.002122
9.930000,-0.003700,-0.000210,0.015189,-1.109861,-0.065976,0.002111
9.940000,-0.003681,-0.000209,0.015113,-1.109866,-0.065843,0.002101
9.950000,-0.003663,-0.000208,0.015038,-1.109870,-0.065710,0.002090
9.960000,-0.003645,-0.000207,0.014963,-1.109874,-0.065577,0.002080
9.970000,-0.003627,-0.000206,0.014888,-1.109878,-0.065445,0.002069
9.980000,-0.003608,-0.000205,0.014814,-1.109882,-0.065313,0.002059
9.990000,-0.003590,-0.000204,0.014740,-1.109886,-0.065181,0.002049
10.000000,-0.003573,-0.000203,0.014667,-1.109890,-0.065049,0.002039
