0.000000,0.824833,0.058716,-0.545839,0.755422,0.405446,-0.885027
0.010000,0.815219,0.058422,-0.545552,0.750268,0.404313,-0.873829
0.020000,0.805842,0.058128,-0.545236,0.745106,0.403185,-0.862939
0.030000,0.796692,0.057836,-0.544892,0.739937,0.402063,-0.852343
0.040000,0.787759,0.057546,-0.544519,0.734761,0.400945,-0.842027
0.050000,0.779034,0.057257,-0.544118,0.729578,0.399831,-0.831978
0.060000,0.770510,0.056970,-0.543690,0.724388,0.398723,-0.822186
0.070000,0.762178,0.056684,-0.543237,0.719191,0.397619,-0.812637
0.080000,0.754030,0.056399,-0.542757,0.713988,0.396520,-0.803323
0.090000,0.746061,0.056116,-0.542252,0.708778,0.395426,-0.794233
0.100000,0.738262,0.055835,-0.541722,0.703561,0.394336,-0.785357
0.110000,0.730629,0.055554,-0.541168,0.698338,0.393251,-0.776688
0.120000,0.723154,0.055276,-0.540590,0.693109,0.392171,-0.768217
0.130000,0.715832,0.054998,-0.539989,0.687873,0.391095,-0.759936
0.140000,0.708657,0.054722,-0.539365,0.682632,0.390023,-0.751838
0.150000,0.701626,0.054448,-0.538718,0.677384,0.388956,-0.743916
0.160000,0.694732,0.054175,-0.538050,0.672130,0.387894,-0.736163
0.170000,0.687971,0.053903,-0.537360,0.666870,0.386835,-0.728573
0.180000,0.681338,0.053632,-0.536650,0.661605,0.385782,-0.721141
0.190000,0.674830,0.053363,-0.535918,0.656334,0.384732,-0.713859
0.200000,0.668442,0.053096,-0.535167,0.651057,0.383687,-0.706725
0.210000,0.662171,0.052829,-0.534396,0.645775,0.382646,-0.699731
0.220000,0.656013,0.052564,-0.533605,0.640488,0.381610,-0.692874
0.230000,0.649963,0.052301,-0.532796,0.635195,0.380578,-0.686148
0.240000,0.644020,0.052039,-0.531967,0.629897,0.379550,-0.679550
0.250000,0.638180,0.051778,-0.531121,0.624595,0.378526,-0.673075
0.260000,0.632439,0.051518,-0.530257,0.619287,0.377506,-0.666719
0.270000,0.626795,0.051260,-0.529375,0.613975,0.376490,-0.660479
0.280000,0.621245,0.051003,-0.528476,0.608658,0.375479,-0.654351
0.290000,0.615787,0.050747,-0.527561,0.603336,0.374471,-0.648331
0.300000,0.610417,0.050493,-0.526629,0.598010,0.373468,-0.642416
0.310000,0.605133,0.050240,-0.525680,0.592679,0.372469,-0.636603
0.320000,0.599933,0.049988,-0.524716,0.587345,0.371473,-0.630889
0.330000,0.594814,0.049737,-0.523737,0.582006,0.370482,-0.625271
0.340000,0.589775,0.049488,-0.522742,0.576663,0.369494,-0.619747
0.350000,0.584813,0.049240,-0.521733,0.571316,0.368511,-0.614312
0.360000,0.579926,0.048993,-0.520709,0.565966,0.367531,-0.608966
0.370000,0.575112,0.048748,-0.519670,0.560612,0.366555,-0.603705
0.380000,0.570370,0.048503,-0.518618,0.555254,0.365583,-0.598528
0.390000,0.565697,0.048260,-0.517553,0.549893,0.364615,-0.593431
0.400000,0.561092,0.048018,-0.516473,0.544529,0.363651,-0.588413
0.410000,0.556552,0.047778,-0.515381,0.539161,0.362690,-0.583472
0.420000,0.552078,0.047538,-0.514276,0.533791,0.361733,-0.578605
0.430000,0.547666,0.047300,-0.513159,0.528417,0.360780,-0.573811
0.440000,0.543315,0.047063,-0.512029,0.523041,0.359831,-0.569088
0.450000,0.539024,0.046828,-0.510888,0.517662,0.358885,-0.564433
0.460000,0.534792,0.046593,-0.509734,0.512281,0.357943,-0.559846
0.470000,0.530617,0.046360,-0.508569,0.506897,0.357004,-0.555325
0.480000,0.526498,0.046127,-0.507393,0.501511,0.356069,-0.550867
0.490000,0.522433,0.045896,-0.506206,0.496122,0.355138,-0.546472
0.500000,0.518421,0.045667,-0.505009,0.490732,0.354210,-0.542138
0.510000,0.514462,0.045438,-0.503801,0.485340,0.353286,-0.537864
0.520000,0.510553,0.045210,-0.502582,0.479945,0.352365,-0.533647
0.530000,0.506694,0.044984,-0.501354,0.474550,0.351448,-0.529487
0.540000,0.502884,0.044759,-0.500116,0.469152,0.350534,-0.525383
0.550000,0.499121,0.044535,-0.498869,0.463754,0.349624,-0.521333
0.560000,0.495405,0.044312,-0.497612,0.458354,0.348717,-0.517335
0.570000,0.491735,0.044090,-0.496346,0.452952,0.347814,-0.513390
0.580000,0.488110,0.043869,-0.495071,0.447550,0.346914,-0.509495
0.590000,0.484528,0.043649,-0.493788,0.442147,0.346017,-0.505649
0.600000,0.480989,0.043431,-0.492496,0.436743,0.345123,-0.501852
0.610000,0.477492,0.043213,-0.491197,0.431339,0.344233,-0.498103
0.620000,0.474037,0.042997,-0.489889,0.425934,0.343347,-0.494399
0.630000,0.470621,0.042782,-0.488573,0.420529,0.342463,-0.490741
0.640000,0.467245,0.042568,-0.487250,0.415123,0.341583,-0.487128
0.650000,0.463908,0.042355,-0.485919,0.409717,0.340706,-0.483558
0.660000,0.460609,0.042143,-0.484581,0.404312,0.339832,-0.480031
0.670000,0.457347,0.041932,-0.483237,0.398907,0.338962,-0.476545
0.680000,0.454122,0.041722,-0.481885,0.393501,0.338094,-0.473100
0.690000,0.450933,0.041513,-0.480527,0.388097,0.337230,-0.469696
0.700000,0.447779,0.041305,-0.479162,0.382693,0.336369,-0.466331
0.710000,0.444659,0.041098,-0.477792,0.377290,0.335511,-0.463004
0.720000,0.441574,0.040893,-0.476415,0.371887,0.334656,-0.459715
0.730000,0.438521,0.040688,-0.475032,0.366486,0.333805,-0.456464
0.740000,0.435502,0.040485,-0.473643,0.361085,0.332956,-0.453248
0.750000,0.432514,0.040282,-0.472250,0.355686,0.332111,-0.450069
0.760000,0.429558,0.040080,-0.470850,0.350288,0.331268,-0.446924
0.770000,0.426633,0.039880,-0.469446,0.344892,0.330429,-0.443814
0.780000,0.423739,0.039680,-0.468036,0.339498,0.329592,-0.440737
0.790000,0.420874,0.039482,-0.466622,0.334105,0.328759,-0.437694
0.800000,0.418039,0.039284,-0.465203,0.328714,0.327928,-0.434683
0.810000,0.415232,0.039088,-0.463779,0.323326,0.327100,-0.431704
0.820000,0.412454,0.038892,-0.462351,0.317939,0.326276,-0.428757
0.830000,0.409704,0.038698,-0.460919,0.312555,0.325454,-0.425840
0.840000,0.406982,0.038504,-0.459483,0.307174,0.324635,-0.422954
0.850000,0.404286,0.038312,-0.458043,0.301795,0.323819,-0.420097
0.860000,0.401617,0.038120,-0.456599,0.296418,0.323006,-0.417270
0.870000,0.398974,0.037929,-0.455152,0.291045,0.322196,-0.414471
0.880000,0.396357,0.037740,-0.453701,0.285675,0.321389,-0.411701
0.890000,0.393765,0.037551,-0.452246,0.280308,0.320584,-0.408959
0.900000,0.391198,0.037363,-0.450789,0.274944,0.319783,-0.406243
0.910000,0.388656,0.037176,-0.449328,0.269584,0.318984,-0.403555
0.920000,0.386137,0.036990,-0.447865,0.264227,0.318188,-0.400893
0.930000,0.383643,0.036805,-0.446399,0.258874,0.317394,-0.398257
0.940000,0.381171,0.036621,-0.444930,0.253525,0.316604,-0.395647
0.950000,0.378723,0.036438,-0.443459,0.248179,0.315816,-0.393062
0.960000,0.376298,0.036256,-0.441985,0.242838,0.315031,-0.390502
0.970000,0.373895,0.036074,-0.440509,0.237502,0.314248,-0.387966
0.980000,0.371513,0.035894,-0.439031,0.232169,0.313468,-0.385454
0.990000,0.369154,0.035715,-0.437551,0.226841,0.312691,-0.382966
1.000000,0.366816,0.035536,-0.436069,0.221518,0.311917,-0.380501
1.010000,0.364498,0.035358,-0.434586,0.216200,0.311145,-0.378059
1.020000,0.362202,0.035182,-0.433100,0.210886,0.310376,-0.375640
1.030000,0.359926,0.035006,-0.431613,0.205578,0.309609,-0.373242
1.040000,0.357670,0.034831,-0.430125,0.200274,0.308845,-0.370867
1.050000,0.355434,0.034656,-0.428636,0.194976,0.308084,-0.368514
1.060000,0.353217,0.034483,-0.427145,0.189684,0.307325,-0.366181
1.070000,0.351020,0.034311,-0.425653,0.184397,0.306569,-0.363870
1.080000,0.348842,0.034139,-0.424160,0.179116,0.305815,-0.361579
1.090000,0.346683,0.033969,-0.422667,0.173841,0.305064,-0.359308
1.100000,0.344542,0.033799,-0.421172,0.168571,0.304316,-0.357058
1.110000,0.342419,0.033630,-0.419677,0.163308,0.303569,-0.354827
1.120000,0.340315,0.033462,-0.418182,0.158051,0.302826,-0.352616
1.130000,0.338228,0.033295,-0.416686,0.152801,0.302085,-0.350424
1.140000,0.336158,0.033128,-0.415190,0.147557,0.301346,-0.348251
1.150000,0.334106,0.032962,-0.413693,0.142319,0.300610,-0.346097
1.160000,0.332071,0.032798,-0.412196,0.137088,0.299876,-0.343961
1.170000,0.330053,0.032634,-0.410699,0.131865,0.299145,-0.341843
1.180000,0.328052,0.032471,-0.409203,0.126648,0.298416,-0.339743
1.190000,0.326067,0.032308,-0.407706,0.121438,0.297689,-0.337661
1.200000,0.324098,0.032147,-0.406210,0.116236,0.296965,-0.335597
1.210000,0.322145,0.031986,-0.404714,0.111041,0.296243,-0.333549
1.220000,0.320207,0.031826,-0.403218,0.105853,0.295524,-0.331519
1.230000,0.318286,0.031667,-0.401723,0.100673,0.294807,-0.329505
1.240000,0.316380,0.031509,-0.400228,0.095501,0.294092,-0.327508
1.250000,0.314489,0.031352,-0.398734,0.090337,0.293380,-0.325528
1.260000,0.312613,0.031195,-0.397241,0.085181,0.292670,-0.323563
1.270000,0.310751,0.031039,-0.395748,0.080032,0.291962,-0.321614
1.280000,0.308905,0.030884,-0.394257,0.074893,0.291256,-0.319682
1.290000,0.307073,0.030730,-0.392766,0.069761,0.290553,-0.317764
1.300000,0.305255,0.030576,-0.391276,0.064638,0.289852,-0.315862
1.310000,0.303451,0.030423,-0.389788,0.059523,0.289154,-0.313975
1.320000,0.301662,0.030271,-0.388301,0.054418,0.288457,-0.312103
1.330000,0.299886,0.030120,-0.386815,0.049321,0.287763,-0.310246
1.340000,0.298123,0.029970,-0.385330,0.044232,0.287071,-0.308404
1.350000,0.296374,0.029820,-0.383847,0.039153,0.286381,-0.306575
1.360000,0.294639,0.029671,-0.382365,0.034084,0.285694,-0.304761
1.370000,0.292916,0.029523,-0.380884,0.029023,0.285009,-0.302962
1.380000,0.291207,0.029375,-0.379406,0.023972,0.284326,-0.301176
1.390000,0.289510,0.029228,-0.377929,0.018930,0.283645,-0.299403
1.400000,0.287827,0.029082,-0.376454,0.013898,0.282966,-0.297645
1.410000,0.286155,0.028937,-0.374980,0.008875,0.282289,-0.295899
1.420000,0.284496,0.028792,-0.373509,0.003863,0.281615,-0.294168
1.430000,0.282850,0.028649,-0.372039,-0.001140,0.280942,-0.292449
1.440000,0.281215,0.028506,-0.370571,-0.006133,0.280272,-0.290743
1.450000,0.279593,0.028363,-0.369106,-0.011115,0.279604,-0.289050
1.460000,0.277982,0.028221,-0.367642,-0.016088,0.278938,-0.287369
1.470000,0.276383,0.028080,-0.366181,-0.021050,0.278274,-0.285701
1.480000,0.274796,0.027940,-0.364721,-0.026001,0.277612,-0.284046
1.490000,0.273220,0.027801,-0.363264,-0.030942,0.276952,-0.282402
1.500000,0.271656,0.027662,-0.361810,-0.035873,0.276295,-0.280771
1.510000,0.270103,0.027524,-0.360358,-0.040792,0.275639,-0.279152
1.520000,0.268561,0.027386,-0.358908,-0.045701,0.274985,-0.277545
1.530000,0.267030,0.027249,-0.357460,-0.050599,0.274334,-0.275949
1.540000,0.265509,0.027113,-0.356016,-0.055486,0.273684,-0.274365
1.550000,0.264000,0.026978,-0.354573,-0.060362,0.273036,-0.272792
1.560000,0.262501,0.026843,-0.353134,-0.065226,0.272391,-0.271231
1.570000,0.261013,0.026709,-0.351697,-0.070079,0.271747,-0.269681
1.580000,0.259536,0.026576,-0.350262,-0.074921,0.271106,-0.268142
1.590000,0.258068,0.026443,-0.348831,-0.079752,0.270466,-0.266614
1.600000,0.256611,0.026311,-0.347402,-0.084570,0.269828,-0.265097
1.610000,0.255164,0.026179,-0.345976,-0.089378,0.269193,-0.263590
1.620000,0.253727,0.026049,-0.344553,-0.094173,0.268559,-0.262094
1.630000,0.252300,0.025918,-0.343133,-0.098956,0.267927,-0.260609
1.640000,0.250883,0.025789,-0.341716,-0.103728,0.267297,-0.259134
1.650000,0.249476,0.025660,-0.340302,-0.108488,0.266669,-0.257670
1.660000,0.248078,0.025532,-0.338891,-0.113235,0.266043,-0.256215
1.670000,0.246689,0.025405,-0.337483,-0.117971,0.265419,-0.254771
1.680000,0.245310,0.025278,-0.336078,-0.122694,0.264797,-0.253337
1.690000,0.243941,0.025151,-0.334676,-0.127405,0.264176,-0.251912
1.700000,0.242581,0.025026,-0.333278,-0.132103,0.263558,-0.250498
1.710000,0.241230,0.024901,-0.331882,-0.136789,0.262941,-0.249093
1.720000,0.239888,0.024777,-0.330490,-0.141463,0.262326,-0.247698
1.730000,0.238555,0.024653,-0.329102,-0.146123,0.261713,-0.246312
1.740000,0.237231,0.024530,-0.327716,-0.150772,0.261102,-0.244936
1.750000,0.235915,0.024407,-0.326334,-0.155407,0.260493,-0.243569
1.760000,0.234609,0.024285,-0.324955,-0.160029,0.259885,-0.242211
1.770000,0.233311,0.024164,-0.323580,-0.164639,0.259280,-0.240863
1.780000,0.232022,0.024043,-0.322208,-0.169236,0.258676,-0.239523
1.790000,0.230741,0.023923,-0.320840,-0.173819,0.258074,-0.238192
1.800000,0.229469,0.023804,-0.319475,-0.178390,0.257474,-0.236871
1.810000,0.228204,0.023685,-0.318113,-0.182947,0.256875,-0.235558
1.820000,0.226949,0.023567,-0.316755,-0.187491,0.256278,-0.234254
1.830000,0.225701,0.023449,-0.315401,-0.192022,0.255683,-0.232958
1.840000,0.224462,0.023332,-0.314050,-0.196539,0.255090,-0.231671
1.850000,0.223230,0.023216,-0.312703,-0.201043,0.254499,-0.230393
1.860000,0.222007,0.023100,-0.311360,-0.205533,0.253909,-0.229123
1.870000,0.220791,0.022984,-0.310020,-0.210010,0.253321,-0.227861
1.880000,0.219584,0.022870,-0.308684,-0.214474,0.252735,-0.226607
1.890000,0.218384,0.022755,-0.307352,-0.218923,0.252151,-0.225362
1.900000,0.217192,0.022642,-0.306023,-0.223359,0.251568,-0.224125
1.910000,0.216007,0.022529,-0.304698,-0.227781,0.250987,-0.222896
1.920000,0.214830,0.022416,-0.303377,-0.232190,0.250407,-0.221674
1.930000,0.213660,0.022304,-0.302060,-0.236584,0.249830,-0.220461
1.940000,0.212498,0.022193,-0.300747,-0.240965,0.249254,-0.219256
1.950000,0.211343,0.022082,-0.299437,-0.245332,0.248680,-0.218058
1.960000,0.210196,0.021972,-0.298131,-0.249684,0.248107,-0.216868
1.970000,0.209056,0.021862,-0.296829,-0.254023,0.247536,-0.215685
1.980000,0.207923,0.021753,-0.295531,-0.258347,0.246967,-0.214510
1.990000,0.206797,0.021645,-0.294237,-0.262657,0.246399,-0.213342
2.000000,0.205678,0.021536,-0.292947,-0.266954,0.245833,-0.212182
2.010000,0.204566,0.021429,-0.291661,-0.271235,0.245269,-0.211030
2.020000,0.203461,0.021322,-0.290379,-0.275503,0.244706,-0.209884
2.030000,0.202363,0.021216,-0.289100,-0.279756,0.244145,-0.208746
2.040000,0.201272,0.021110,-0.287826,-0.283995,0.243585,-0.207615
2.050000,0.200187,0.021004,-0.286555,-0.288220,0.243027,-0.206491
2.060000,0.199109,0.020899,-0.285289,-0.292430,0.242471,-0.205374
2.070000,0.198038,0.020795,-0.284027,-0.296625,0.241916,-0.204264
2.080000,0.196973,0.020691,-0.282768,-0.300807,0.241363,-0.203161
2.090000,0.195915,0.020588,-0.281514,-0.304973,0.240811,-0.202064
2.100000,0.194864,0.020485,-0.280264,-0.309125,0.240262,-0.200975
2.110000,0.193819,0.020383,-0.279017,-0.313263,0.239713,-0.199892
2.120000,0.192780,0.020281,-0.277775,-0.317385,0.239166,-0.198816
2.130000,0.191748,0.020180,-0.276537,-0.321494,0.238621,-0.197747
2.140000,0.190722,0.020079,-0.275303,-0.325587,0.238077,-0.196684
2.150000,0.189702,0.019979,-0.274073,-0.329666,0.237535,-0.195628
2.160000,0.188688,0.019879,-0.272847,-0.333730,0.236994,-0.194578
2.170000,0.187680,0.019780,-0.271626,-0.337779,0.236455,-0.193535
2.180000,0.186679,0.019681,-0.270408,-0.341814,0.235917,-0.192498
2.190000,0.185684,0.019583,-0.269195,-0.345833,0.235381,-0.191467
2.200000,0.184694,0.019485,-0.267985,-0.349838,0.234847,-0.190443
2.210000,0.183711,0.019388,-0.266780,-0.353828,0.234314,-0.189424
2.220000,0.182733,0.019291,-0.265579,-0.357804,0.233782,-0.188412
2.230000,0.181761,0.019195,-0.264382,-0.361764,0.233252,-0.187407
2.240000,0.180795,0.019099,-0.263189,-0.365709,0.232723,-0.186407
2.250000,0.179835,0.019004,-0.262001,-0.369640,0.232196,-0.185413
2.260000,0.178881,0.018909,-0.260816,-0.373555,0.231670,-0.184425
2.270000,0.177932,0.018815,-0.259636,-0.377456,0.231146,-0.183443
2.280000,0.176989,0.018721,-0.258460,-0.381341,0.230623,-0.182467
2.290000,0.176051,0.018627,-0.257288,-0.385212,0.230102,-0.181497
2.300000,0.175119,0.018534,-0.256120,-0.389068,0.229582,-0.180533
2.310000,0.174192,0.018442,-0.254956,-0.392909,0.229064,-0.179574
2.320000,0.173271,0.018350,-0.253797,-0.396734,0.228547,-0.178621
2.330000,0.172356,0.018258,-0.252642,-0.400545,0.228031,-0.177674
2.340000,0.171445,0.018167,-0.251490,-0.404340,0.227517,-0.176732
2.350000,0.170540,0.018076,-0.250343,-0.408121,0.227004,-0.175796
2.360000,0.169641,0.017986,-0.249201,-0.411887,0.226493,-0.174865
2.370000,0.168746,0.017897,-0.248062,-0.415637,0.225983,-0.173940
2.380000,0.167857,0.017807,-0.246928,-0.419373,0.225475,-0.173021
2.390000,0.166973,0.017718,-0.245798,-0.423093,0.224968,-0.172107
2.400000,0.166094,0.017630,-0.244672,-0.426799,0.224462,-0.171198
2.410000,0.165220,0.017542,-0.243550,-0.430489,0.223958,-0.170294
2.420000,0.164352,0.017454,-0.242432,-0.434164,0.223455,-0.169396
2.430000,0.163488,0.017367,-0.241319,-0.437825,0.222953,-0.168503
2.440000,0.162630,0.017281,-0.240209,-0.441470,0.222453,-0.167615
2.450000,0.161776,0.017194,-0.239104,-0.445100,0.221954,-0.166733
2.460000,0.160927,0.017109,-0.238003,-0.448715,0.221457,-0.165855
2.470000,0.160083,0.017023,-0.236906,-0.452315,0.220961,-0.164983
2.480000,0.159244,0.016938,-0.235814,-0.455900,0.220466,-0.164116
2.490000,0.158410,0.016854,-0.234725,-0.459470,0.219973,-0.163253
2.500000,0.157581,0.016770,-0.233641,-0.463025,0.219480,-0.162396
2.510000,0.156756,0.016686,-0.232561,-0.466565,0.218990,-0.161544
2.520000,0.155936,0.016603,-0.231485,-0.470090,0.218500,-0.160696
2.530000,0.155121,0.016520,-0.230413,-0.473600,0.218012,-0.159854
2.540000,0.154310,0.016437,-0.229346,-0.477095,0.217525,-0.159016
2.550000,0.153504,0.016355,-0.228282,-0.480575,0.217040,-0.158183
2.560000,0.152703,0.016274,-0.227223,-0.484040,0.216556,-0.157355
2.570000,0.151906,0.016192,-0.226168,-0.487490,0.216073,-0.156532
2.580000,0.151114,0.016112,-0.225117,-0.490925,0.215591,-0.155713
2.590000,0.150326,0.016031,-0.224070,-0.494345,0.215111,-0.154899
2.600000,0.149542,0.015951,-0.223027,-0.497751,0.214632,-0.154090
2.610000,0.148763,0.015872,-0.221988,-0.501141,0.214155,-0.153285
2.620000,0.147989,0.015792,-0.220954,-0.504516,0.213678,-0.152485
2.630000,0.147219,0.015714,-0.219923,-0.507877,0.213203,-0.151689
2.640000,0.146453,0.015635,-0.218897,-0.511223,0.212729,-0.150898
2.650000,0.145691,0.015557,-0.217874,-0.514553,0.212257,-0.150111
2.660000,0.144934,0.015480,-0.216856,-0.517870,0.211785,-0.149329
2.670000,0.144181,0.015402,-0.215842,-0.521171,0.211315,-0.148552
2.680000,0.143432,0.015326,-0.214832,-0.524457,0.210846,-0.147778
2.690000,0.142688,0.015249,-0.213826,-0.527729,0.210379,-0.147009
2.700000,0.141947,0.015173,-0.212824,-0.530986,0.209912,-0.146245
2.710000,0.141211,0.015097,-0.211827,-0.534228,0.209447,-0.145484
2.720000,0.140479,0.015022,-0.210833,-0.537456,0.208983,-0.144728
2.730000,0.139751,0.014947,-0.209843,-0.540668,0.208521,-0.143976
2.740000,0.139027,0.014872,-0.208858,-0.543867,0.208059,-0.143229
2.750000,0.138307,0.014798,-0.207876,-0.547050,0.207599,-0.142485
2.760000,0.137591,0.014724,-0.206898,-0.550219,0.207140,-0.141746
2.770000,0.136879,0.014651,-0.205925,-0.553373,0.206682,-0.141011
2.780000,0.136171,0.014578,-0.204955,-0.556513,0.206226,-0.140280
2.790000,0.135467,0.014505,-0.203990,-0.559638,0.205770,-0.139553
2.800000,0.134766,0.014433,-0.203028,-0.562749,0.205316,-0.138830
2.810000,0.134070,0.014361,-0.202070,-0.565845,0.204863,-0.138111
2.820000,0.133377,0.014289,-0.201117,-0.568927,0.204411,-0.137396
2.830000,0.132689,0.014218,-0.200167,-0.571994,0.203961,-0.136685
2.840000,0.132004,0.014147,-0.199221,-0.575047,0.203511,-0.135978
2.850000,0.131323,0.014076,-0.198280,-0.578086,0.203063,-0.135275
2.860000,0.130645,0.014006,-0.197342,-0.581110,0.202616,-0.134576
2.870000,0.129972,0.013936,-0.196408,-0.584120,0.202170,-0.133881
2.880000,0.129302,0.013867,-0.195478,-0.587116,0.201725,-0.133189
2.890000,0.128635,0.013797,-0.194552,-0.590097,0.201281,-0.132501
2.900000,0.127973,0.013728,-0.193630,-0.593064,0.200839,-0.131817
2.910000,0.127314,0.013660,-0.192712,-0.596017,0.200397,-0.131137
2.920000,0.126658,0.013592,-0.191797,-0.598956,0.199957,-0.130461
2.930000,0.126006,0.013524,-0.190887,-0.601880,0.199518,-0.129788
2.940000,0.125358,0.013457,-0.189980,-0.604791,0.199080,-0.129119
2.950000,0.124713,0.013389,-0.189078,-0.607687,0.198644,-0.128454
2.960000,0.124072,0.013323,-0.188179,-0.610570,0.198208,-0.127792
2.970000,0.123434,0.013256,-0.187284,-0.613438,0.197773,-0.127134
2.980000,0.122800,0.013190,-0.186392,-0.616293,0.197340,-0.126480
2.990000,0.122169,0.013124,-0.185505,-0.619133,0.196908,-0.125829
3.000000,0.121542,0.013059,-0.184621,-0.621960,0.196476,-0.125182
3.010000,0.120918,0.012994,-0.183742,-0.624773,0.196046,-0.124538
3.020000,0.120298,0.012929,-0.182866,-0.627572,0.195617,-0.123898
3.030000,0.119680,0.012864,-0.181994,-0.630357,0.195190,-0.123261
3.040000,0.119066,0.012800,-0.181125,-0.633129,0.194763,-0.122628
3.050000,0.118456,0.012736,-0.180260,-0.635887,0.194337,-0.121998
3.060000,0.117849,0.012673,-0.179399,-0.638631,0.193912,-0.121371
3.070000,0.117245,0.012609,-0.178542,-0.641361,0.193489,-0.120748
3.080000,0.116644,0.012547,-0.177689,-0.644078,0.193067,-0.120129
3.090000,0.116046,0.012484,-0.176839,-0.646781,0.192645,-0.119512
3.100000,0.115452,0.012422,-0.175993,-0.649471,0.192225,-0.118899
3.110000,0.114861,0.012360,-0.175151,-0.652148,0.191806,-0.118290
3.120000,0.114273,0.012298,-0.174312,-0.654811,0.191388,-0.117683
3.130000,0.113689,0.012237,-0.173477,-0.657460,0.190970,-0.117080
3.140000,0.113107,0.012176,-0.172646,-0.660096,0.190554,-0.116481
3.150000,0.112529,0.012115,-0.171818,-0.662719,0.190139,-0.115884
3.160000,0.111953,0.012054,-0.170994,-0.665329,0.189726,-0.115291
3.170000,0.111381,0.011994,-0.170173,-0.667925,0.189313,-0.114700
3.180000,0.110812,0.011934,-0.169357,-0.670508,0.188901,-0.114113
3.190000,0.110246,0.011875,-0.168543,-0.673078,0.188490,-0.113530
3.200000,0.109683,0.011816,-0.167734,-0.675635,0.188080,-0.112949
3.210000,0.109122,0.011757,-0.166928,-0.678178,0.187672,-0.112371
3.220000,0.108565,0.011698,-0.166125,-0.680709,0.187264,-0.111797
3.230000,0.108011,0.011640,-0.165326,-0.683227,0.186857,-0.111225
3.240000,0.107460,0.011582,-0.164531,-0.685732,0.186452,-0.110657
3.250000,0.106912,0.011524,-0.163739,-0.688224,0.186047,-0.110092
3.260000,0.106366,0.011466,-0.162951,-0.690703,0.185643,-0.109529
3.270000,0.105824,0.011409,-0.162166,-0.693169,0.185241,-0.108970
3.280000,0.105284,0.011352,-0.161385,-0.695622,0.184839,-0.108414
3.290000,0.104748,0.011296,-0.160607,-0.698063,0.184439,-0.107860
3.300000,0.104214,0.011239,-0.159833,-0.700491,0.184039,-0.107310
3.310000,0.103683,0.011183,-0.159062,-0.702906,0.183641,-0.106763
3.320000,0.103155,0.011127,-0.158295,-0.705309,0.183243,-0.106218
3.330000,0.102630,0.011072,-0.157531,-0.707699,0.182846,-0.105676
3.340000,0.102107,0.011017,-0.156770,-0.710077,0.182451,-0.105138
3.350000,0.101587,0.010962,-0.156013,-0.712442,0.182056,-0.104602
3.360000,0.101070,0.010907,-0.155260,-0.714795,0.181663,-0.104069
3.370000,0.100556,0.010853,-0.154510,-0.717135,0.181270,-0.103539
3.380000,0.100044,0.010798,-0.153763,-0.719463,0.180878,-0.103011
3.390000,0.099535,0.010745,-0.153019,-0.721779,0.180488,-0.102487
3.400000,0.099029,0.010691,-0.152279,-0.724082,0.180098,-0.101965
3.410000,0.098526,0.010638,-0.151542,-0.726374,0.179709,-0.101446
3.420000,0.098025,0.010585,-0.150809,-0.728653,0.179321,-0.100929
3.430000,0.097526,0.010532,-0.150079,-0.730920,0.178934,-0.100416
3.440000,0.097031,0.010479,-0.149352,-0.733175,0.178548,-0.099905
3.450000,0.096538,0.010427,-0.148629,-0.735417,0.178164,-0.099397
3.460000,0.096048,0.010375,-0.147908,-0.737648,0.177780,-0.098891
3.470000,0.095560,0.010323,-0.147192,-0.739867,0.177397,-0.098389
3.480000,0.095074,0.010272,-0.146478,-0.742075,0.177014,-0.097888
3.490000,0.094592,0.010220,-0.145768,-0.744270,0.176633,-0.097391
3.500000,0.094112,0.010169,-0.145060,-0.746453,0.176253,-0.096896
3.510000,0.093634,0.010119,-0.144357,-0.748625,0.175874,-0.096404
3.520000,0.093159,0.010068,-0.143656,-0.750785,0.175495,-0.095914
3.530000,0.092686,0.010018,-0.142958,-0.752933,0.175118,-0.095427
3.540000,0.092216,0.009968,-0.142264,-0.755070,0.174742,-0.094942
3.550000,0.091748,0.009918,-0.141573,-0.757195,0.174366,-0.094460
3.560000,0.091283,0.009869,-0.140885,-0.759309,0.173991,-0.093981
3.570000,0.090820,0.009820,-0.140200,-0.761411,0.173618,-0.093504
3.580000,0.090360,0.009771,-0.139519,-0.763502,0.173245,-0.093030
3.590000,0.089902,0.009722,-0.138840,-0.765582,0.172873,-0.092558
3.600000,0.089446,0.009673,-0.138165,-0.767650,0.172502,-0.092088
3.610000,0.088993,0.009625,-0.137493,-0.769706,0.172132,-0.091621
3.620000,0.088542,0.009577,-0.136824,-0.771752,0.171763,-0.091157
3.630000,0.088094,0.009529,-0.136158,-0.773786,0.171394,-0.090694
3.640000,0.087648,0.009482,-0.135495,-0.775809,0.171027,-0.090235
3.650000,0.087204,0.009435,-0.134835,-0.777822,0.170660,-0.089777
3.660000,0.086762,0.009387,-0.134178,-0.779823,0.170295,-0.089322
3.670000,0.086323,0.009341,-0.133525,-0.781813,0.169930,-0.088870
3.680000,0.085886,0.009294,-0.132874,-0.783792,0.169566,-0.088420
3.690000,0.085452,0.009248,-0.132226,-0.785760,0.169203,-0.087972
3.700000,0.085019,0.009202,-0.131581,-0.787717,0.168841,-0.087526
3.710000,0.084589,0.009156,-0.130940,-0.789664,0.168480,-0.087083
3.720000,0.084161,0.009110,-0.130301,-0.791599,0.168120,-0.086642
3.730000,0.083736,0.009065,-0.129665,-0.793524,0.167760,-0.086204
3.740000,0.083312,0.009019,-0.129033,-0.795439,0.167402,-0.085767
3.750000,0.082891,0.008974,-0.128403,-0.797342,0.167044,-0.085333
3.760000,0.082472,0.008930,-0.127776,-0.799236,0.166687,-0.084902
3.770000,0.082055,0.008885,-0.127152,-0.801118,0.166331,-0.084472
3.780000,0.081640,0.008841,-0.126531,-0.802990,0.165976,-0.084045
3.790000,0.081228,0.008797,-0.125913,-0.804852,0.165622,-0.083620
3.800000,0.080817,0.008753,-0.125298,-0.806703,0.165268,-0.083197
3.810000,0.080409,0.008709,-0.124685,-0.808544,0.164916,-0.082776
3.820000,0.080003,0.008666,-0.124076,-0.810374,0.164564,-0.082358
3.830000,0.079599,0.008622,-0.123469,-0.812195,0.164213,-0.081942
3.840000,0.079197,0.008579,-0.122865,-0.814005,0.163863,-0.081528
3.850000,0.078797,0.008537,-0.122264,-0.815804,0.163514,-0.081116
3.860000,0.078399,0.008494,-0.121666,-0.817594,0.163165,-0.080706
3.870000,0.078003,0.008452,-0.121071,-0.819374,0.162818,-0.080298
3.880000,0.077609,0.008409,-0.120478,-0.821144,0.162471,-0.079892
3.890000,0.077218,0.008368,-0.119889,-0.822903,0.162125,-0.079489
3.900000,0.076828,0.008326,-0.119302,-0.824653,0.161780,-0.079087
3.910000,0.076440,0.008284,-0.118717,-0.826393,0.161436,-0.078688
3.920000,0.076055,0.008243,-0.118136,-0.828123,0.161093,-0.078291
3.930000,0.075671,0.008202,-0.117557,-0.829843,0.160750,-0.077896
3.940000,0.075289,0.008161,-0.116981,-0.831553,0.160408,-0.077502
3.950000,0.074910,0.008120,-0.116408,-0.833254,0.160067,-0.077111
3.960000,0.074532,0.008080,-0.115838,-0.834945,0.159727,-0.076722
3.970000,0.074156,0.008039,-0.115270,-0.836626,0.159388,-0.076335
3.980000,0.073782,0.007999,-0.114705,-0.838298,0.159049,-0.075950
3.990000,0.073410,0.007959,-0.114142,-0.839960,0.158712,-0.075567
4.000000,0.073040,0.007920,-0.113582,-0.841613,0.158375,-0.075186
4.010000,0.072672,0.007880,-0.113025,-0.843257,0.158039,-0.074806
4.020000,0.072306,0.007841,-0.112471,-0.844891,0.157703,-0.074429
4.030000,0.071941,0.007802,-0.111919,-0.846515,0.157369,-0.074054
4.040000,0.071579,0.007763,-0.111369,-0.848130,0.157035,-0.073680
4.050000,0.071218,0.007724,-0.110823,-0.849737,0.156702,-0.073309
4.060000,0.070859,0.007686,-0.110279,-0.851333,0.156370,-0.072939
4.070000,0.070502,0.007647,-0.109737,-0.852921,0.156038,-0.072572
4.080000,0.070147,0.007609,-0.109198,-0.854500,0.155708,-0.072206
4.090000,0.069794,0.007571,-0.108662,-0.856069,0.155378,-0.071842
4.100000,0.069443,0.007533,-0.108128,-0.857629,0.155049,-0.071480
4.110000,0.069093,0.007496,-0.107597,-0.859181,0.154721,-0.071120
4.120000,0.068745,0.007458,-0.107068,-0.860723,0.154393,-0.070762
4.130000,0.068399,0.007421,-0.106542,-0.862257,0.154066,-0.070405
4.140000,0.068055,0.007384,-0.106018,-0.863782,0.153740,-0.070051
4.150000,0.067712,0.007347,-0.105497,-0.865297,0.153415,-0.069698
4.160000,0.067371,0.007311,-0.104978,-0.866804,0.153091,-0.069347
4.170000,0.067032,0.007274,-0.104462,-0.868303,0.152767,-0.068998
4.180000,0.066695,0.007238,-0.103948,-0.869793,0.152444,-0.068650
4.190000,0.066359,0.007202,-0.103437,-0.871274,0.152122,-0.068305
4.200000,0.066026,0.007166,-0.102928,-0.872746,0.151801,-0.067961
4.210000,0.065693,0.007130,-0.102422,-0.874210,0.151480,-0.067619
4.220000,0.065363,0.007095,-0.101918,-0.875665,0.151160,-0.067279
4.230000,0.065034,0.007059,-0.101416,-0.877112,0.150841,-0.066940
4.240000,0.064707,0.007024,-0.100917,-0.878550,0.150523,-0.066603
4.250000,0.064382,0.006989,-0.100420,-0.879981,0.150205,-0.066268
4.260000,0.064058,0.006954,-0.099926,-0.881402,0.149888,-0.065935
4.270000,0.063736,0.006919,-0.099434,-0.882816,0.149572,-0.065603
4.280000,0.063415,0.006885,-0.098944,-0.884221,0.149256,-0.065273
4.290000,0.063097,0.006851,-0.098457,-0.885618,0.148942,-0.064945
4.300000,0.062779,0.006816,-0.097972,-0.887006,0.148628,-0.064618
4.310000,0.062464,0.006782,-0.097489,-0.888387,0.148314,-0.064293
4.320000,0.062150,0.006749,-0.097009,-0.889760,0.148002,-0.063970
4.330000,0.061838,0.006715,-0.096531,-0.891124,0.147690,-0.063648
4.340000,0.061527,0.006681,-0.096055,-0.892480,0.147379,-0.063328
4.350000,0.061218,0.006648,-0.095581,-0.893829,0.147069,-0.063010
4.360000,0.060910,0.006615,-0.095110,-0.895169,0.146759,-0.062693
4.370000,0.060604,0.006582,-0.094641,-0.896502,0.146450,-0.062378
4.380000,0.060300,0.006549,-0.094175,-0.897827,0.146142,-0.062065
4.390000,0.059997,0.006516,-0.093710,-0.899144,0.145835,-0.061753
4.400000,0.059695,0.006484,-0.093248,-0.900453,0.145528,-0.061442
4.410000,0.059395,0.006452,-0.092788,-0.901755,0.145222,-0.061134
4.420000,0.059097,0.006419,-0.092330,-0.903049,0.144916,-0.060826
4.430000,0.058800,0.006387,-0.091875,-0.904335,0.144612,-0.060521
4.440000,0.058505,0.006356,-0.091422,-0.905613,0.144308,-0.060217
4.450000,0.058211,0.006324,-0.090970,-0.906884,0.144005,-0.059914
4.460000,0.057919,0.006292,-0.090522,-0.908148,0.143702,-0.059613
4.470000,0.057628,0.006261,-0.090075,-0.909404,0.143400,-0.059314
4.480000,0.057339,0.006230,-0.089630,-0.910652,0.143099,-0.059016
4.490000,0.057051,0.006199,-0.089188,-0.911893,0.142799,-0.058720
4.500000,0.056765,0.006168,-0.088747,-0.913127,0.142499,-0.058425
4.510000,0.056480,0.006137,-0.088309,-0.914354,0.142200,-0.058131
4.520000,0.056196,0.006106,-0.087873,-0.915573,0.141901,-0.057839
4.530000,0.055914,0.006076,-0.087439,-0.916785,0.141604,-0.057549
4.540000,0.055634,0.006046,-0.087007,-0.917990,0.141307,-0.057260
4.550000,0.055354,0.006015,-0.086577,-0.919187,0.141010,-0.056973
4.560000,0.055077,0.005985,-0.086150,-0.920377,0.140715,-0.056687
4.570000,0.054800,0.005956,-0.085724,-0.921561,0.140420,-0.056402
4.580000,0.054525,0.005926,-0.085301,-0.922737,0.140125,-0.056119
4.590000,0.054252,0.005896,-0.084879,-0.923906,0.139832,-0.055837
4.600000,0.053980,0.005867,-0.084460,-0.925068,0.139539,-0.055557
4.610000,0.053709,0.005838,-0.084042,-0.926224,0.139246,-0.055278
4.620000,0.053439,0.005808,-0.083627,-0.927372,0.138955,-0.055001
4.630000,0.053171,0.005780,-0.083213,-0.928514,0.138664,-0.054725
4.640000,0.052905,0.005751,-0.082802,-0.929648,0.138374,-0.054451
4.650000,0.052639,0.005722,-0.082393,-0.930776,0.138084,-0.054177
4.660000,0.052375,0.005693,-0.081985,-0.931897,0.137795,-0.053906
4.670000,0.052113,0.005665,-0.081580,-0.933012,0.137507,-0.053635
4.680000,0.051851,0.005637,-0.081176,-0.934120,0.137219,-0.053366
4.690000,0.051591,0.005609,-0.080775,-0.935221,0.136932,-0.053099
4.700000,0.051333,0.005581,-0.080375,-0.936315,0.136646,-0.052832
4.710000,0.051075,0.005553,-0.079978,-0.937403,0.136360,-0.052567
4.720000,0.050819,0.005525,-0.079582,-0.938484,0.136075,-0.052304
4.730000,0.050565,0.005498,-0.079188,-0.939559,0.135791,-0.052041
4.740000,0.050311,0.005470,-0.078796,-0.940627,0.135507,-0.051780
4.750000,0.050059,0.005443,-0.078407,-0.941689,0.135224,-0.051521
4.760000,0.049808,0.005416,-0.078019,-0.942745,0.134941,-0.051262
4.770000,0.049558,0.005389,-0.077632,-0.943794,0.134660,-0.051005
4.780000,0.049310,0.005362,-0.077248,-0.944837,0.134378,-0.050750
4.790000,0.049063,0.005335,-0.076866,-0.945874,0.134098,-0.050495
4.800000,0.048817,0.005309,-0.076485,-0.946904,0.133818,-0.050242
4.810000,0.048572,0.005282,-0.076107,-0.947928,0.133539,-0.049990
4.820000,0.048329,0.005256,-0.075730,-0.948946,0.133260,-0.049740
4.830000,0.048087,0.005229,-0.075355,-0.949958,0.132982,-0.049490
4.840000,0.047846,0.005203,-0.074982,-0.950963,0.132705,-0.049242
4.850000,0.047606,0.005177,-0.074611,-0.951963,0.132428,-0.048996
4.860000,0.047368,0.005152,-0.074241,-0.952956,0.132152,-0.048750
4.870000,0.047130,0.005126,-0.073873,-0.953944,0.131876,-0.048506
4.880000,0.046894,0.005100,-0.073507,-0.954925,0.131601,-0.048263
4.890000,0.046659,0.005075,-0.073143,-0.955901,0.131327,-0.048021
4.900000,0.046426,0.005050,-0.072781,-0.956870,0.131054,-0.047780
4.910000,0.046193,0.005024,-0.072420,-0.957834,0.130781,-0.047541
4.920000,0.045962,0.004999,-0.072062,-0.958792,0.130508,-0.047303
4.930000,0.045732,0.004974,-0.071705,-0.959744,0.130236,-0.047066
4.940000,0.045503,0.004950,-0.071349,-0.960690,0.129965,-0.046830
4.950000,0.045275,0.004925,-0.070996,-0.961631,0.129695,-0.046595
4.960000,0.045048,0.004900,-0.070644,-0.962566,0.129425,-0.046362
4.970000,0.044822,0.004876,-0.070294,-0.963495,0.129155,-0.046130
4.980000,0.044598,0.004852,-0.069945,-0.964418,0.128887,-0.045899
4.990000,0.044375,0.004827,-0.069599,-0.965336,0.128618,-0.045669
5.000000,0.044152,0.004803,-0.069254,-0.966248,0.128351,-0.045440
5.010000,0.043931,0.004779,-0.068910,-0.967155,0.128084,-0.045213
5.020000,0.043711,0.004756,-0.068569,-0.968056,0.127818,-0.044986
5.030000,0.043493,0.004732,-0.068229,-0.968952,0.127552,-0.044761
5.040000,0.043275,0.004708,-0.067891,-0.969842,0.127287,-0.044537
5.050000,0.043058,0.004685,-0.067554,-0.970727,0.127022,-0.044314
5.060000,0.042843,0.004661,-0.067219,-0.971606,0.126758,-0.044092
5.070000,0.042628,0.004638,-0.066886,-0.972480,0.126495,-0.043871
5.080000,0.042415,0.004615,-0.066554,-0.973349,0.126232,-0.043652
5.090000,0.042203,0.004592,-0.066224,-0.974212,0.125970,-0.043433
5.100000,0.041991,0.004569,-0.065895,-0.975070,0.125708,-0.043216
5.110000,0.041781,0.004546,-0.065568,-0.975923,0.125447,-0.042999
5.120000,0.041572,0.004524,-0.065243,-0.976770,0.125187,-0.042784
5.130000,0.041364,0.004501,-0.064920,-0.977613,0.124927,-0.042570
5.140000,0.041157,0.004479,-0.064598,-0.978450,0.124668,-0.042357
5.150000,0.040951,0.004456,-0.064277,-0.979282,0.124409,-0.042145
5.160000,0.040746,0.004434,-0.063958,-0.980109,0.124151,-0.041934
5.170000,0.040542,0.004412,-0.063641,-0.980931,0.123893,-0.041724
5.180000,0.040339,0.004390,-0.063325,-0.981748,0.123636,-0.041515
5.190000,0.040137,0.004368,-0.063011,-0.982560,0.123380,-0.041307
5.200000,0.039937,0.004346,-0.062698,-0.983366,0.123124,-0.041101
5.210000,0.039737,0.004325,-0.062387,-0.984168,0.122869,-0.040895
5.220000,0.039538,0.004303,-0.062077,-0.984965,0.122614,-0.040690
5.230000,0.039340,0.004282,-0.061769,-0.985757,0.122360,-0.040487
5.240000,0.039143,0.004260,-0.061463,-0.986545,0.122106,-0.040284
5.250000,0.038948,0.004239,-0.061158,-0.987327,0.121853,-0.040083
5.260000,0.038753,0.004218,-0.060854,-0.988105,0.121601,-0.039882
5.270000,0.038559,0.004197,-0.060552,-0.988877,0.121349,-0.039682
5.280000,0.038366,0.004176,-0.060251,-0.989645,0.121097,-0.039484
5.290000,0.038174,0.004155,-0.059952,-0.990409,0.120847,-0.039286
5.300000,0.037983,0.004134,-0.059654,-0.991167,0.120597,-0.039090
5.310000,0.037793,0.004114,-0.059358,-0.991921,0.120347,-0.038894
5.320000,0.037604,0.004093,-0.059064,-0.992670,0.120098,-0.038700
5.330000,0.037416,0.004073,-0.058770,-0.993415,0.119849,-0.038506
5.340000,0.037229,0.004052,-0.058478,-0.994155,0.119601,-0.038314
5.350000,0.037043,0.004032,-0.058188,-0.994891,0.119354,-0.038122
5.360000,0.036857,0.004012,-0.057899,-0.995621,0.119107,-0.037931
5.370000,0.036673,0.003992,-0.057611,-0.996348,0.118860,-0.037741
5.380000,0.036490,0.003972,-0.057325,-0.997070,0.118615,-0.037553
5.390000,0.036307,0.003952,-0.057041,-0.997787,0.118369,-0.037365
5.400000,0.036126,0.003933,-0.056757,-0.998500,0.118125,-0.037178
5.410000,0.035945,0.003913,-0.056475,-0.999209,0.117880,-0.036992
5.420000,0.035765,0.003893,-0.056195,-0.999913,0.117637,-0.036807
5.430000,0.035587,0.003874,-0.055916,-1.000613,0.117394,-0.036623
5.440000,0.035409,0.003855,-0.055638,-1.001309,0.117151,-0.036440
5.450000,0.035232,0.003836,-0.055362,-1.002000,0.116909,-0.036258
5.460000,0.035055,0.003816,-0.055086,-1.002687,0.116667,-0.036076
5.470000,0.034880,0.003797,-0.054813,-1.003369,0.116426,-0.035896
5.480000,0.034706,0.003778,-0.054540,-1.004048,0.116186,-0.035716
5.490000,0.034532,0.003760,-0.054269,-1.004722,0.115946,-0.035538
5.500000,0.034360,0.003741,-0.054000,-1.005392,0.115707,-0.035360
5.510000,0.034188,0.003722,-0.053731,-1.006058,0.115468,-0.035183
5.520000,0.034017,0.003704,-0.053464,-1.006720,0.115229,-0.035007
5.530000,0.033847,0.003685,-0.053199,-1.007378,0.114992,-0.034832
5.540000,0.033678,0.003667,-0.052934,-1.008031,0.114754,-0.034658
5.550000,0.033509,0.003648,-0.052671,-1.008681,0.114517,-0.034485
5.560000,0.033342,0.003630,-0.052409,-1.009326,0.114281,-0.034313
5.570000,0.033175,0.003612,-0.052149,-1.009968,0.114045,-0.034141
5.580000,0.033009,0.003594,-0.051890,-1.010605,0.113810,-0.033970
5.590000,0.032844,0.003576,-0.051632,-1.011239,0.113575,-0.033801
5.600000,0.032680,0.003558,-0.051375,-1.011869,0.113341,-0.033632
5.610000,0.032517,0.003541,-0.051120,-1.012494,0.113108,-0.033464
5.620000,0.032354,0.003523,-0.050866,-1.013116,0.112874,-0.033296
5.630000,0.032193,0.003505,-0.050613,-1.013734,0.112642,-0.033130
5.640000,0.032032,0.003488,-0.050361,-1.014348,0.112410,-0.032964
5.650000,0.031872,0.003470,-0.050111,-1.014958,0.112178,-0.032799
5.660000,0.031712,0.003453,-0.049862,-1.015565,0.111947,-0.032636
5.670000,0.031554,0.003436,-0.049614,-1.016167,0.111716,-0.032472
5.680000,0.031396,0.003419,-0.049367,-1.016766,0.111486,-0.032310
5.690000,0.031239,0.003402,-0.049122,-1.017362,0.111256,-0.032149
5.700000,0.031083,0.003385,-0.048877,-1.017953,0.111027,-0.031988
5.710000,0.030928,0.003368,-0.048634,-1.018541,0.110799,-0.031828
5.720000,0.030773,0.003351,-0.048393,-1.019125,0.110570,-0.031669
5.730000,0.030620,0.003334,-0.048152,-1.019705,0.110343,-0.031511
5.740000,0.030467,0.003318,-0.047912,-1.020282,0.110116,-0.031353
5.750000,0.030314,0.003301,-0.047674,-1.020856,0.109889,-0.031197
5.760000,0.030163,0.003285,-0.047437,-1.021425,0.109663,-0.031041
5.770000,0.030012,0.003268,-0.047201,-1.021991,0.109437,-0.030886
5.780000,0.029862,0.003252,-0.046966,-1.022554,0.109212,-0.030731
5.790000,0.029713,0.003236,-0.046733,-1.023113,0.108987,-0.030578
5.800000,0.029565,0.003220,-0.046500,-1.023669,0.108763,-0.030425
5.810000,0.029417,0.003204,-0.046269,-1.024221,0.108539,-0.030273
5.820000,0.029270,0.003188,-0.046039,-1.024769,0.108316,-0.030122
5.830000,0.029124,0.003172,-0.045810,-1.025315,0.108094,-0.029971
5.840000,0.028978,0.003156,-0.045582,-1.025856,0.107871,-0.029821
5.850000,0.028833,0.003140,-0.045355,-1.026395,0.107650,-0.029672
5.860000,0.028689,0.003125,-0.045130,-1.026930,0.107428,-0.029524
5.870000,0.028546,0.003109,-0.044905,-1.027462,0.107207,-0.029377
5.880000,0.028403,0.003093,-0.044682,-1.027990,0.106987,-0.029230
5.890000,0.028261,0.003078,-0.044460,-1.028515,0.106767,-0.029084
5.900000,0.028120,0.003063,-0.044238,-1.029037,0.106548,-0.028939
5.910000,0.027980,0.003047,-0.044018,-1.029555,0.106329,-0.028794
5.920000,0.027840,0.003032,-0.043799,-1.030071,0.106111,-0.028650
5.930000,0.027701,0.003017,-0.043581,-1.030583,0.105893,-0.028507
5.940000,0.027563,0.003002,-0.043364,-1.031092,0.105675,-0.028365
5.950000,0.027425,0.002987,-0.043149,-1.031597,0.105458,-0.028223
5.960000,0.027288,0.002972,-0.042934,-1.032100,0.105242,-0.028082
5.970000,0.027152,0.002957,-0.042720,-1.032599,0.105026,-0.027942
5.980000,0.027016,0.002943,-0.042508,-1.033095,0.104810,-0.027802
5.990000,0.026881,0.002928,-0.042296,-1.033588,0.104595,-0.027663
6.000000,0.026747,0.002913,-0.042086,-1.034078,0.104380,-0.027525
6.010000,0.026613,0.002899,-0.041876,-1.034565,0.104166,-0.027388
6.020000,0.026480,0.002884,-0.041668,-1.035049,0.103952,-0.027251
6.030000,0.026348,0.002870,-0.041461,-1.035530,0.103739,-0.027115
6.040000,0.026216,0.002856,-0.041254,-1.036008,0.103526,-0.026979
6.050000,0.026086,0.002841,-0.041049,-1.036482,0.103314,-0.026844
6.060000,0.025955,0.002827,-0.040845,-1.036954,0.103102,-0.026710
6.070000,0.025826,0.002813,-0.040641,-1.037423,0.102890,-0.026577
6.080000,0.025697,0.002799,-0.040439,-1.037889,0.102679,-0.026444
6.090000,0.025568,0.002785,-0.040238,-1.038352,0.102469,-0.026312
6.100000,0.025441,0.002771,-0.040038,-1.038812,0.102259,-0.026181
6.110000,0.025314,0.002757,-0.039838,-1.039269,0.102049,-0.026050
6.120000,0.025187,0.002744,-0.039640,-1.039723,0.101840,-0.025920
6.130000,0.025061,0.002730,-0.039443,-1.040175,0.101631,-0.025790
6.140000,0.024936,0.002716,-0.039246,-1.040623,0.101423,-0.025662
6.150000,0.024812,0.002703,-0.039051,-1.041069,0.101215,-0.025533
6.160000,0.024688,0.002689,-0.038857,-1.041512,0.101008,-0.025406
6.170000,0.024565,0.002676,-0.038663,-1.041952,0.100801,-0.025279
6.180000,0.024442,0.002663,-0.038471,-1.042390,0.100594,-0.025153
6.190000,0.024320,0.002649,-0.038279,-1.042824,0.100388,-0.025027
6.200000,0.024198,0.002636,-0.038089,-1.043256,0.100183,-0.024902
6.210000,0.024078,0.002623,-0.037899,-1.043685,0.099978,-0.024778
6.220000,0.023957,0.002610,-0.037710,-1.044112,0.099773,-0.024654
6.230000,0.023838,0.002597,-0.037523,-1.044536,0.099569,-0.024531
6.240000,0.023719,0.002584,-0.037336,-1.044957,0.099365,-0.024409
6.250000,0.023600,0.002571,-0.037150,-1.045375,0.099161,-0.024287
6.260000,0.023482,0.002558,-0.036965,-1.045791,0.098958,-0.024165
6.270000,0.023365,0.002545,-0.036781,-1.046204,0.098756,-0.024045
6.280000,0.023249,0.002533,-0.036598,-1.046615,0.098554,-0.023925
6.290000,0.023132,0.002520,-0.036415,-1.047023,0.098352,-0.023805
6.300000,0.023017,0.002508,-0.036234,-1.047428,0.098151,-0.023686
6.310000,0.022902,0.002495,-0.036054,-1.047831,0.097950,-0.023568
6.320000,0.022788,0.002483,-0.035874,-1.048231,0.097750,-0.023450
6.330000,0.022674,0.002470,-0.035696,-1.048629,0.097550,-0.023333
6.340000,0.022561,0.002458,-0.035518,-1.049024,0.097350,-0.023217
6.350000,0.022448,0.002446,-0.035341,-1.049417,0.097151,-0.023101
6.360000,0.022336,0.002433,-0.035165,-1.049808,0.096952,-0.022986
6.370000,0.022225,0.002421,-0.034990,-1.050195,0.096754,-0.022871
6.380000,0.022114,0.002409,-0.034816,-1.050581,0.096556,-0.022757
6.390000,0.022003,0.002397,-0.034642,-1.050964,0.096359,-0.022643
6.400000,0.021893,0.002385,-0.034470,-1.051344,0.096162,-0.022530
6.410000,0.021784,0.002373,-0.034298,-1.051722,0.095965,-0.022417
6.420000,0.021675,0.002361,-0.034127,-1.052098,0.095769,-0.022306
6.430000,0.021567,0.002350,-0.033957,-1.052472,0.095574,-0.022194
6.440000,0.021459,0.002338,-0.033788,-1.052843,0.095378,-0.022083
6.450000,0.021352,0.002326,-0.033620,-1.053211,0.095183,-0.021973
6.460000,0.021246,0.002315,-0.033452,-1.053578,0.094989,-0.021863
6.470000,0.021140,0.002303,-0.033286,-1.053942,0.094795,-0.021754
6.480000,0.021034,0.002292,-0.033120,-1.054303,0.094601,-0.021646
6.490000,0.020929,0.002280,-0.032955,-1.054663,0.094408,-0.021538
6.500000,0.020825,0.002269,-0.032791,-1.055020,0.094215,-0.021430
6.510000,0.020721,0.002258,-0.032628,-1.055375,0.094023,-0.021323
6.520000,0.020617,0.002246,-0.032465,-1.055727,0.093831,-0.021217
6.530000,0.020514,0.002235,-0.032303,-1.056078,0.093639,-0.021111
6.540000,0.020412,0.002224,-0.032143,-1.056426,0.093448,-0.021005
6.550000,0.020310,0.002213,-0.031982,-1.056772,0.093257,-0.020901
6.560000,0.020209,0.002202,-0.031823,-1.057116,0.093067,-0.020796
6.570000,0.020108,0.002191,-0.031665,-1.057457,0.092877,-0.020692
6.580000,0.020007,0.002180,-0.031507,-1.057797,0.092687,-0.020589
6.590000,0.019908,0.002169,-0.031350,-1.058134,0.092498,-0.020486
6.600000,0.019808,0.002158,-0.031194,-1.058469,0.092309,-0.020384
6.610000,0.019709,0.002147,-0.031038,-1.058802,0.092121,-0.020282
6.620000,0.019611,0.002137,-0.030884,-1.059133,0.091933,-0.020181
6.630000,0.019513,0.002126,-0.030730,-1.059462,0.091746,-0.020080
6.640000,0.019416,0.002115,-0.030577,-1.059789,0.091558,-0.019980
6.650000,0.019319,0.002105,-0.030424,-1.060113,0.091372,-0.019880
6.660000,0.019222,0.002094,-0.030273,-1.060436,0.091185,-0.019781
6.670000,0.019126,0.002084,-0.030122,-1.060757,0.090999,-0.019682
6.680000,0.019031,0.002074,-0.029972,-1.061075,0.090814,-0.019584
6.690000,0.018936,0.002063,-0.029823,-1.061392,0.090629,-0.019486
6.700000,0.018841,0.002053,-0.029674,-1.061706,0.090444,-0.019389
6.710000,0.018747,0.002043,-0.029526,-1.062019,0.090260,-0.019292
6.720000,0.018654,0.002033,-0.029379,-1.062329,0.090076,-0.019196
6.730000,0.018561,0.002022,-0.029233,-1.062638,0.089892,-0.019100
6.740000,0.018468,0.002012,-0.029087,-1.062944,0.089709,-0.019005
6.750000,0.018376,0.002002,-0.028942,-1.063249,0.089526,-0.018910
6.760000,0.018284,0.001992,-0.028798,-1.063552,0.089343,-0.018816
6.770000,0.018193,0.001982,-0.028655,-1.063852,0.089161,-0.018722
6.780000,0.018102,0.001972,-0.028512,-1.064151,0.088980,-0.018628
6.790000,0.018012,0.001963,-0.028370,-1.064448,0.088798,-0.018535
6.800000,0.017922,0.001953,-0.028228,-1.064743,0.088618,-0.018443
6.810000,0.017832,0.001943,-0.028088,-1.065037,0.088437,-0.018351
6.820000,0.017743,0.001933,-0.027948,-1.065328,0.088257,-0.018259
6.830000,0.017655,0.001924,-0.027809,-1.065618,0.088077,-0.018168
6.840000,0.017567,0.001914,-0.027670,-1.065905,0.087898,-0.018077
6.850000,0.017479,0.001905,-0.027532,-1.066191,0.087719,-0.017987
6.860000,0.017392,0.001895,-0.027395,-1.066475,0.087540,-0.017897
6.870000,0.017305,0.001886,-0.027258,-1.066757,0.087362,-0.017808
6.880000,0.017219,0.001876,-0.027123,-1.067038,0.087184,-0.017719
6.890000,0.017133,0.001867,-0.026987,-1.067316,0.087007,-0.017631
6.900000,0.017047,0.001858,-0.026853,-1.067593,0.086829,-0.017543
6.910000,0.016962,0.001848,-0.026719,-1.067868,0.086653,-0.017455
6.920000,0.016878,0.001839,-0.026586,-1.068142,0.086476,-0.017368
6.930000,0.016793,0.001830,-0.026454,-1.068413,0.086300,-0.017281
6.940000,0.016710,0.001821,-0.026322,-1.068683,0.086125,-0.017195
6.950000,0.016626,0.001812,-0.026191,-1.068951,0.085949,-0.017109
6.960000,0.016543,0.001803,-0.026060,-1.069218,0.085775,-0.017024
6.970000,0.016461,0.001794,-0.025930,-1.069483,0.085600,-0.016939
6.980000,0.016379,0.001785,-0.025801,-1.069746,0.085426,-0.016855
6.990000,0.016297,0.001776,-0.025672,-1.070007,0.085252,-0.016770
7.000000,0.016215,0.001767,-0.025544,-1.070267,0.085079,-0.016687
7.010000,0.016135,0.001758,-0.025417,-1.070525,0.084906,-0.016603
7.020000,0.016054,0.001749,-0.025291,-1.070781,0.084733,-0.016521
7.030000,0.015974,0.001741,-0.025164,-1.071036,0.084561,-0.016438
7.040000,0.015894,0.001732,-0.025039,-1.071289,0.084389,-0.016356
7.050000,0.015815,0.001723,-0.024914,-1.071541,0.084217,-0.016275
7.060000,0.015736,0.001715,-0.024790,-1.071791,0.084046,-0.016193
7.070000,0.015657,0.001706,-0.024667,-1.072039,0.083875,-0.016113
7.080000,0.015579,0.001698,-0.024544,-1.072286,0.083704,-0.016032
7.090000,0.015502,0.001689,-0.024421,-1.072531,0.083534,-0.015952
7.100000,0.015424,0.001681,-0.024300,-1.072775,0.083364,-0.015873
7.110000,0.015347,0.001672,-0.024179,-1.073017,0.083195,-0.015793
7.120000,0.015271,0.001664,-0.024058,-1.073258,0.083026,-0.015715
7.130000,0.015194,0.001656,-0.023938,-1.073497,0.082857,-0.015636
7.140000,0.015119,0.001648,-0.023819,-1.073734,0.082689,-0.015558
7.150000,0.015043,0.001639,-0.023700,-1.073970,0.082521,-0.015480
7.160000,0.014968,0.001631,-0.023582,-1.074205,0.082353,-0.015403
7.170000,0.014893,0.001623,-0.023464,-1.074438,0.082186,-0.015326
7.180000,0.014819,0.001615,-0.023347,-1.074669,0.082019,-0.015250
7.190000,0.014745,0.001607,-0.023231,-1.074899,0.081852,-0.015174
7.200000,0.014672,0.001599,-0.023115,-1.075128,0.081686,-0.015098
7.210000,0.014598,0.001591,-0.023000,-1.075355,0.081520,-0.015023
7.220000,0.014526,0.001583,-0.022885,-1.075581,0.081354,-0.014948
7.230000,0.014453,0.001575,-0.022771,-1.075805,0.081189,-0.014873
7.240000,0.014381,0.001567,-0.022658,-1.076028,0.081024,-0.014799
7.250000,0.014309,0.001559,-0.022545,-1.076249,0.080860,-0.014725
7.260000,0.014238,0.001552,-0.022433,-1.076469,0.080696,-0.014652
7.270000,0.014167,0.001544,-0.022321,-1.076688,0.080532,-0.014579
7.280000,0.014096,0.001536,-0.022210,-1.076905,0.080368,-0.014506
7.290000,0.014026,0.001529,-0.022099,-1.077121,0.080205,-0.014433
7.300000,0.013956,0.001521,-0.021989,-1.077335,0.080042,-0.014361
7.310000,0.013886,0.001513,-0.021879,-1.077548,0.079880,-0.014290
7.320000,0.013817,0.001506,-0.021770,-1.077760,0.079718,-0.014218
7.330000,0.013748,0.001498,-0.021662,-1.077970,0.079556,-0.014147
7.340000,0.013679,0.001491,-0.021554,-1.078179,0.079394,-0.014077
7.350000,0.013611,0.001483,-0.021446,-1.078387,0.079233,-0.014007
7.360000,0.013543,0.001476,-0.021339,-1.078593,0.079073,-0.013937
7.370000,0.013476,0.001469,-0.021233,-1.078798,0.078912,-0.013867
7.380000,0.013408,0.001461,-0.021127,-1.079002,0.078752,-0.013798
7.390000,0.013342,0.001454,-0.021022,-1.079204,0.078592,-0.013729
7.400000,0.013275,0.001447,-0.020917,-1.079405,0.078433,-0.013661
7.410000,0.013209,0.001439,-0.020813,-1.079605,0.078274,-0.013593
7.420000,0.013143,0.001432,-0.020709,-1.079803,0.078115,-0.013525
7.430000,0.013077,0.001425,-0.020606,-1.080001,0.077956,-0.013457
7.440000,0.013012,0.001418,-0.020503,-1.080197,0.077798,-0.013390
7.450000,0.012947,0.001411,-0.020401,-1.080391,0.077641,-0.013323
7.460000,0.012882,0.001404,-0.020299,-1.080585,0.077483,-0.013257
7.470000,0.012818,0.001397,-0.020198,-1.080777,0.077326,-0.013191
7.480000,0.012754,0.001390,-0.020097,-1.080968,0.077169,-0.013125
7.490000,0.012691,0.001383,-0.019997,-1.081158,0.077013,-0.013059
7.500000,0.012627,0.001376,-0.019897,-1.081347,0.076857,-0.012994
7.510000,0.012564,0.001369,-0.019798,-1.081534,0.076701,-0.012929
7.520000,0.012502,0.001362,-0.019699,-1.081720,0.076545,-0.012865
7.530000,0.012439,0.001356,-0.019601,-1.081905,0.076390,-0.012801
7.540000,0.012377,0.001349,-0.019504,-1.082089,0.076235,-0.012737
7.550000,0.012315,0.001342,-0.019406,-1.082272,0.076081,-0.012673
7.560000,0.012254,0.001335,-0.019310,-1.082453,0.075927,-0.012610
7.570000,0.012193,0.001329,-0.019213,-1.082634,0.075773,-0.012547
7.580000,0.012132,0.001322,-0.019117,-1.082813,0.075619,-0.012485
7.590000,0.012072,0.001316,-0.019022,-1.082991,0.075466,-0.012422
7.600000,0.012011,0.001309,-0.018927,-1.083168,0.075313,-0.012360
7.610000,0.011951,0.001303,-0.018833,-1.083344,0.075160,-0.012299
7.620000,0.011892,0.001296,-0.018739,-1.083518,0.075008,-0.012237
7.630000,0.011832,0.001290,-0.018646,-1.083692,0.074856,-0.012176
7.640000,0.011773,0.001283,-0.018553,-1.083864,0.074704,-0.012115
7.650000,0.011715,0.001277,-0.018460,-1.084035,0.074553,-0.012055
7.660000,0.011656,0.001270,-0.018368,-1.084206,0.074402,-0.011995
7.670000,0.011598,0.001264,-0.018277,-1.084375,0.074251,-0.011935
7.680000,0.011540,0.001258,-0.018186,-1.084543,0.074101,-0.011876
7.690000,0.011483,0.001251,-0.018095,-1.084710,0.073951,-0.011816
7.700000,0.011425,0.001245,-0.018005,-1.084876,0.073801,-0.011757
7.710000,0.011368,0.001239,-0.017915,-1.085040,0.073652,-0.011699
7.720000,0.011312,0.001233,-0.017826,-1.085204,0.073503,-0.011640
7.730000,0.011255,0.001227,-0.017737,-1.085367,0.073354,-0.011582
7.740000,0.011199,0.001221,-0.017648,-1.085529,0.073205,-0.011524
7.750000,0.011143,0.001214,-0.017560,-1.085689,0.073057,-0.011467
7.760000,0.011088,0.001208,-0.017473,-1.085849,0.072909,-0.011410
7.770000,0.011032,0.001202,-0.017386,-1.086008,0.072761,-0.011353
7.780000,0.010977,0.001196,-0.017299,-1.086165,0.072614,-0.011296
7.790000,0.010922,0.001190,-0.017213,-1.086322,0.072467,-0.011240
7.800000,0.010868,0.001184,-0.017127,-1.086477,0.072320,-0.011184
7.810000,0.010814,0.001179,-0.017041,-1.086632,0.072174,-0.011128
7.820000,0.010760,0.001173,-0.016957,-1.086785,0.072028,-0.011072
7.830000,0.010706,0.001167,-0.016872,-1.086938,0.071882,-0.011017
7.840000,0.010653,0.001161,-0.016788,-1.087090,0.071737,-0.010962
7.850000,0.010600,0.001155,-0.016704,-1.087240,0.071592,-0.010908
7.860000,0.010547,0.001149,-0.016621,-1.087390,0.071447,-0.010853
7.870000,0.010494,0.001144,-0.016538,-1.087539,0.071302,-0.010799
7.880000,0.010442,0.001138,-0.016456,-1.087687,0.071158,-0.010745
7.890000,0.010390,0.001132,-0.016374,-1.087833,0.071014,-0.010692
7.900000,0.010338,0.001127,-0.016292,-1.087979,0.070870,-0.010638
7.910000,0.010286,0.001121,-0.016211,-1.088124,0.070727,-0.010585
7.920000,0.010235,0.001115,-0.016130,-1.088268,0.070584,-0.010532
7.930000,0.010184,0.001110,-0.016049,-1.088411,0.070441,-0.010480
7.940000,0.010133,0.001104,-0.015969,-1.088554,0.070299,-0.010427
7.950000,0.010083,0.001099,-0.015890,-1.088695,0.070156,-0.010375
7.960000,0.010032,0.001093,-0.015811,-1.088835,0.070015,-0.010324
7.970000,0.009982,0.001088,-0.015732,-1.088975,0.069873,-0.010272
7.980000,0.009932,0.001083,-0.015653,-1.089113,0.069732,-0.010221
7.990000,0.009883,0.001077,-0.015575,-1.089251,0.069591,-0.010170
8.000000,0.009834,0.001072,-0.015498,-1.089388,0.069450,-0.010119
8.010000,0.009784,0.001066,-0.015420,-1.089524,0.069309,-0.010069
8.020000,0.009736,0.001061,-0.015343,-1.089659,0.069169,-0.010019
8.030000,0.009687,0.001056,-0.015267,-1.089793,0.069029,-0.009969
8.040000,0.009639,0.001051,-0.015191,-1.089926,0.068890,-0.009919
8.050000,0.009591,0.001045,-0.015115,-1.090059,0.068751,-0.009869
8.060000,0.009543,0.001040,-0.015040,-1.090190,0.068612,-0.009820
8.070000,0.009495,0.001035,-0.014965,-1.090321,0.068473,-0.009771
8.080000,0.009448,0.001030,-0.014890,-1.090451,0.068335,-0.009722
8.090000,0.009401,0.001025,-0.014816,-1.090580,0.068196,-0.009674
8.100000,0.009354,0.001019,-0.014742,-1.090708,0.068059,-0.009626
8.110000,0.009307,0.001014,-0.014668,-1.090836,0.067921,-0.009578
8.120000,0.009261,0.001009,-0.014595,-1.090963,0.067784,-0.009530
8.130000,0.009215,0.001004,-0.014523,-1.091088,0.067647,-0.009482
8.140000,0.009169,0.000999,-0.014450,-1.091213,0.067510,-0.009435
8.150000,0.009123,0.000994,-0.014378,-1.091338,0.067374,-0.009388
8.160000,0.009077,0.000989,-0.014306,-1.091461,0.067238,-0.009341
8.170000,0.009032,0.000984,-0.014235,-1.091584,0.067102,-0.009295
8.180000,0.008987,0.000979,-0.014164,-1.091705,0.066966,-0.009248
8.190000,0.008942,0.000975,-0.014093,-1.091827,0.066831,-0.009202
8.200000,0.008898,0.000970,-0.014023,-1.091947,0.066696,-0.009156
8.210000,0.008853,0.000965,-0.013953,-1.092066,0.066561,-0.009110
8.220000,0.008809,0.000960,-0.013884,-1.092185,0.066427,-0.009065
8.230000,0.008765,0.000955,-0.013814,-1.092303,0.066292,-0.009020
8.240000,0.008721,0.000951,-0.013746,-1.092420,0.066159,-0.008975
8.250000,0.008678,0.000946,-0.013677,-1.092537,0.066025,-0.008930
8.260000,0.008635,0.000941,-0.013609,-1.092653,0.065892,-0.008885
8.270000,0.008592,0.000936,-0.013541,-1.092767,0.065758,-0.008841
8.280000,0.008549,0.000932,-0.013473,-1.092882,0.065626,-0.008797
8.290000,0.008506,0.000927,-0.013406,-1.092995,0.065493,-0.008753
8.300000,0.008464,0.000922,-0.013339,-1.093108,0.065361,-0.008709
8.310000,0.008421,0.000918,-0.013273,-1.093220,0.065229,-0.008666
8.320000,0.008379,0.000913,-0.013207,-1.093331,0.065097,-0.008623
8.330000,0.008338,0.000909,-0.013141,-1.093442,0.064966,-0.008580
8.340000,0.008296,0.000904,-0.013075,-1.093552,0.064835,-0.008537
8.350000,0.008255,0.000900,-0.013010,-1.093661,0.064704,-0.008494
8.360000,0.008213,0.000895,-0.012945,-1.093770,0.064573,-0.008452
8.370000,0.008172,0.000891,-0.012881,-1.093878,0.064443,-0.008410
8.380000,0.008132,0.000886,-0.012816,-1.093985,0.064313,-0.008368
8.390000,0.008091,0.000882,-0.012753,-1.094091,0.064183,-0.008326
8.400000,0.008051,0.000877,-0.012689,-1.094197,0.064053,-0.008285
8.410000,0.008011,0.000873,-0.012626,-1.094302,0.063924,-0.008243
8.420000,0.007971,0.000869,-0.012563,-1.094406,0.063795,-0.008202
8.430000,0.007931,0.000864,-0.012500,-1.094510,0.063666,-0.008161
8.440000,0.007891,0.000860,-0.012438,-1.094613,0.063538,-0.008121
8.450000,0.007852,0.000856,-0.012376,-1.094715,0.063410,-0.008080
8.460000,0.007813,0.000852,-0.012314,-1.094817,0.063282,-0.008040
8.470000,0.007774,0.000847,-0.012253,-1.094918,0.063154,-0.008000
8.480000,0.007735,0.000843,-0.012192,-1.095019,0.063026,-0.007960
8.490000,0.007696,0.000839,-0.012131,-1.095118,0.062899,-0.007920
8.500000,0.007658,0.000835,-0.012070,-1.095218,0.062772,-0.007881
8.510000,0.007620,0.000831,-0.012010,-1.095316,0.062646,-0.007841
8.520000,0.007582,0.000826,-0.011950,-1.095414,0.062519,-0.007802
8.530000,0.007544,0.000822,-0.011891,-1.095511,0.062393,-0.007763
8.540000,0.007506,0.000818,-0.011831,-1.095608,0.062267,-0.007725
8.550000,0.007469,0.000814,-0.011772,-1.095704,0.062142,-0.007686
8.560000,0.007432,0.000810,-0.011714,-1.095799,0.062016,-0.007648
8.570000,0.007395,0.000806,-0.011655,-1.095894,0.061891,-0.007609
8.580000,0.007358,0.000802,-0.011597,-1.095988,0.061766,-0.007572
8.590000,0.007321,0.000798,-0.011539,-1.096082,0.061642,-0.007534
8.600000,0.007285,0.000794,-0.011482,-1.096175,0.061517,-0.007496
8.610000,0.007248,0.000790,-0.011424,-1.096267,0.061393,-0.007459
8.620000,0.007212,0.000786,-0.011367,-1.096359,0.061270,-0.007422
8.630000,0.007176,0.000782,-0.011311,-1.096450,0.061146,-0.007385
8.640000,0.007140,0.000778,-0.011254,-1.096541,0.061023,-0.007348
8.650000,0.007105,0.000774,-0.011198,-1.096631,0.060900,-0.007311
8.660000,0.007069,0.000771,-0.011142,-1.096720,0.060777,-0.007275
8.670000,0.007034,0.000767,-0.011087,-1.096809,0.060654,-0.007238
8.680000,0.006999,0.000763,-0.011032,-1.096897,0.060532,-0.007202
8.690000,0.006964,0.000759,-0.010977,-1.096985,0.060410,-0.007166
8.700000,0.006929,0.000755,-0.010922,-1.097072,0.060288,-0.007131
8.710000,0.006895,0.000751,-0.010867,-1.097159,0.060167,-0.007095
8.720000,0.006860,0.000748,-0.010813,-1.097245,0.060045,-0.007060
8.730000,0.006826,0.000744,-0.010759,-1.097330,0.059924,-0.007024
8.740000,0.006792,0.000740,-0.010706,-1.097415,0.059803,-0.006989
8.750000,0.006758,0.000737,-0.010652,-1.097500,0.059683,-0.006954
8.760000,0.006724,0.000733,-0.010599,-1.097583,0.059563,-0.006920
8.770000,0.006691,0.000729,-0.010546,-1.097667,0.059443,-0.006885
8.780000,0.006658,0.000726,-0.010494,-1.097749,0.059323,-0.006851
8.790000,0.006624,0.000722,-0.010441,-1.097832,0.059203,-0.006817
8.800000,0.006591,0.000718,-0.010389,-1.097913,0.059084,-0.006783
8.810000,0.006558,0.000715,-0.010337,-1.097995,0.058965,-0.006749
8.820000,0.006526,0.000711,-0.010286,-1.098075,0.058846,-0.006715
8.830000,0.006493,0.000708,-0.010235,-1.098155,0.058727,-0.006682
8.840000,0.006461,0.000704,-0.010184,-1.098235,0.058609,-0.006648
8.850000,0.006429,0.000701,-0.010133,-1.098314,0.058491,-0.006615
8.860000,0.006396,0.000697,-0.010082,-1.098393,0.058373,-0.006582
8.870000,0.006365,0.000694,-0.010032,-1.098471,0.058255,-0.006549
8.880000,0.006333,0.000690,-0.009982,-1.098548,0.058138,-0.006517
8.890000,0.006301,0.000687,-0.009932,-1.098626,0.058021,-0.006484
8.900000,0.006270,0.000683,-0.009883,-1.098702,0.057904,-0.006452
8.910000,0.006239,0.000680,-0.009833,-1.098778,0.057787,-0.006420
8.920000,0.006207,0.000677,-0.009784,-1.098854,0.057671,-0.006388
8.930000,0.006176,0.000673,-0.009735,-1.098929,0.057555,-0.006356
8.940000,0.006146,0.000670,-0.009687,-1.099004,0.057439,-0.006324
8.950000,0.006115,0.000667,-0.009639,-1.099078,0.057323,-0.006293
8.960000,0.006084,0.000663,-0.009591,-1.099152,0.057208,-0.006261
8.970000,0.006054,0.000660,-0.009543,-1.099225,0.057092,-0.006230
8.980000,0.006024,0.000657,-0.009495,-1.099298,0.056977,-0.006199
8.990000,0.005994,0.000653,-0.009448,-1.099370,0.056863,-0.006168
9.000000,0.005964,0.000650,-0.009401,-1.099442,0.056748,-0.006137
9.010000,0.005934,0.000647,-0.009354,-1.099513,0.056634,-0.006107
9.020000,0.005905,0.000644,-0.009307,-1.099584,0.056520,-0.006076
9.030000,0.005875,0.000640,-0.009261,-1.099654,0.056406,-0.006046
9.040000,0.005846,0.000637,-0.009215,-1.099724,0.056292,-0.006016
9.050000,0.005817,0.000634,-0.009169,-1.099794,0.056179,-0.005986
9.060000,0.005788,0.000631,-0.009123,-1.099863,0.056066,-0.005956
9.070000,0.005759,0.000628,-0.009077,-1.099932,0.055953,-0.005926
9.080000,0.005730,0.000625,-0.009032,-1.100000,0.055840,-0.005897
9.090000,0.005702,0.000621,-0.008987,-1.100068,0.055728,-0.005867
9.100000,0.005673,0.000618,-0.008942,-1.100135,0.055616,-0.005838
9.110000,0.005645,0.000615,-0.008898,-1.100202,0.055504,-0.005809
9.120000,0.005617,0.000612,-0.008853,-1.100268,0.055392,-0.005780
9.130000,0.005589,0.000609,-0.008809,-1.100334,0.055280,-0.005751
9.140000,0.005561,0.000606,-0.008765,-1.100400,0.055169,-0.005722
9.150000,0.005533,0.000603,-0.008721,-1.100465,0.055058,-0.005694
9.160000,0.005505,0.000600,-0.008678,-1.100530,0.054947,-0.005665
9.170000,0.005478,0.000597,-0.008635,-1.100594,0.054837,-0.005637
9.180000,0.005451,0.000594,-0.008592,-1.100658,0.054726,-0.005609
9.190000,0.005423,0.000591,-0.008549,-1.100722,0.054616,-0.005581
9.200000,0.005396,0.000588,-0.008506,-1.100785,0.054506,-0.005553
9.210000,0.005369,0.000585,-0.008464,-1.100847,0.054396,-0.005525
9.220000,0.005343,0.000582,-0.008422,-1.100910,0.054287,-0.005498
9.230000,0.005316,0.000579,-0.008380,-1.100972,0.054178,-0.005470
9.240000,0.005290,0.000577,-0.008338,-1.101033,0.054069,-0.005443
9.250000,0.005263,0.000574,-0.008296,-1.101094,0.053960,-0.005416
9.260000,0.005237,0.000571,-0.008255,-1.101155,0.053851,-0.005389
9.270000,0.005211,0.000568,-0.008214,-1.101215,0.053743,-0.005362
9.280000,0.005185,0.000565,-0.008173,-1.101275,0.053635,-0.005335
9.290000,0.005159,0.000562,-0.008132,-1.101335,0.053527,-0.005309
9.300000,0.005133,0.000559,-0.008091,-1.101394,0.053419,-0.005282
9.310000,0.005108,0.000557,-0.008051,-1.101453,0.053312,-0.005256
9.320000,0.005082,0.000554,-0.008011,-1.101511,0.053204,-0.005230
9.330000,0.005057,0.000551,-0.007971,-1.101569,0.053097,-0.005204
9.340000,0.005032,0.000548,-0.007931,-1.101627,0.052990,-0.005178
9.350000,0.005006,0.000546,-0.007892,-1.101684,0.052884,-0.005152
9.360000,0.004981,0.000543,-0.007852,-1.101741,0.052777,-0.005126
9.370000,0.004957,0.000540,-0.007813,-1.101798,0.052671,-0.005101
9.380000,0.004932,0.000538,-0.007774,-1.101854,0.052565,-0.005075
9.390000,0.004907,0.000535,-0.007735,-1.101910,0.052460,-0.005050
9.400000,0.004883,0.000532,-0.007697,-1.101965,0.052354,-0.005025
9.410000,0.004858,0.000530,-0.007658,-1.102020,0.052249,-0.005000
9.420000,0.004834,0.000527,-0.007620,-1.102075,0.052144,-0.004975
9.430000,0.004810,0.000524,-0.007582,-1.102129,0.052039,-0.004950
9.440000,0.004786,0.000522,-0.007544,-1.102183,0.051934,-0.004925
9.450000,0.004762,0.000519,-0.007507,-1.102237,0.051830,-0.004901
9.460000,0.004739,0.000516,-0.007469,-1.102291,0.051725,-0.004876
9.470000,0.004715,0.000514,-0.007432,-1.102344,0.051621,-0.004852
9.480000,0.004691,0.000511,-0.007395,-1.102396,0.051517,-0.004828
9.490000,0.004668,0.000509,-0.007358,-1.102449,0.051414,-0.004804
9.500000,0.004645,0.000506,-0.007321,-1.102501,0.051310,-0.004780
9.510000,0.004622,0.000504,-0.007285,-1.102552,0.051207,-0.004756
9.520000,0.004598,0.000501,-0.007249,-1.102604,0.051104,-0.004732
9.530000,0.004576,0.000499,-0.007212,-1.102655,0.051001,-0.004708
9.540000,0.004553,0.000496,-0.007176,-1.102705,0.050899,-0.004685
9.550000,0.004530,0.000494,-0.007141,-1.102756,0.050797,-0.004662
9.560000,0.004507,0.000491,-0.007105,-1.102806,0.050694,-0.004638
9.570000,0.004485,0.000489,-0.007070,-1.102855,0.050592,-0.004615
9.580000,0.004463,0.000486,-0.007034,-1.102905,0.050491,-0.004592
9.590000,0.004440,0.000484,-0.006999,-1.102954,0.050389,-0.004569
9.600000,0.004418,0.000482,-0.006964,-1.103002,0.050288,-0.004547
9.610000,0.004396,0.000479,-0.006930,-1.103051,0.050187,-0.004524
9.620000,0.004374,0.000477,-0.006895,-1.103099,0.050086,-0.004501
9.630000,0.004352,0.000474,-0.006861,-1.103147,0.049985,-0.004479
9.640000,0.004331,0.000472,-0.006826,-1.103194,0.049885,-0.004456
9.650000,0.004309,0.000470,-0.006792,-1.103242,0.049784,-0.004434
9.660000,0.004288,0.000467,-0.006759,-1.103288,0.049684,-0.004412
9.670000,0.004266,0.000465,-0.006725,-1.103335,0.049584,-0.004390
9.680000,0.004245,0.000463,-0.006691,-1.103381,0.049485,-0.004368
9.690000,0.004224,0.000460,-0.006658,-1.103427,0.049385,-0.004346
9.700000,0.004203,0.000458,-0.006625,-1.103473,0.049286,-0.004325
9.710000,0.004182,0.000456,-0.006592,-1.103518,0.049187,-0.004303
9.720000,0.004161,0.000454,-0.006559,-1.103563,0.049088,-0.004282
9.730000,0.004140,0.000451,-0.006526,-1.103608,0.048989,-0.004260
9.740000,0.004119,0.000449,-0.006494,-1.103653,0.048891,-0.004239
9.750000,0.004099,0.000447,-0.006461,-1.103697,0.048793,-0.004218
9.760000,0.004078,0.000445,-0.006429,-1.103741,0.048695,-0.004197
9.770000,0.004058,0.000442,-0.006397,-1.103785,0.048597,-0.004176
9.780000,0.004038,0.000440,-0.006365,-1.103828,0.048499,-0.004155
9.790000,0.004018,0.000438,-0.006333,-1.103871,0.048402,-0.004134
9.800000,0.003998,0.000436,-0.006302,-1.103914,0.048304,-0.004114
9.810000,0.003978,0.000434,-0.006270,-1.103957,0.048207,-0.004093
9.820000,0.003958,0.000431,-0.006239,-1.103999,0.048110,-0.004073
9.830000,0.003938,0.000429,-0.006208,-1.104041,0.048014,-0.004053
9.840000,0.003919,0.000427,-0.006177,-1.104083,0.047917,-0.004032
9.850000,0.003899,0.000425,-0.006146,-1.104124,0.047821,-0.004012
9.860000,0.003880,0.000423,-0.006115,-1.104165,0.047725,-0.003992
9.870000,0.003860,0.000421,-0.006085,-1.104206,0.047629,-0.003972
9.880000,0.003841,0.000419,-0.006055,-1.104247,0.047533,-0.003953
9.890000,0.003822,0.000417,-0.006024,-1.104287,0.047438,-0.003933
9.900000,0.003803,0.000414,-0.005994,-1.104327,0.047342,-0.003913
9.910000,0.003784,0.000412,-0.005964,-1.104367,0.047247,-0.003894
9.920000,0.003765,0.000410,-0.005935,-1.104407,0.047152,-0.003874
9.930000,0.003746,0.000408,-0.005905,-1.104446,0.047058,-0.003855
9.940000,0.003727,0.000406,-0.005876,-1.104485,0.046963,-0.003836
9.950000,0.003709,0.000404,-0.005846,-1.104524,0.046869,-0.003817
9.960000,0.003690,0.000402,-0.005817,-1.104563,0.046775,-0.003798
9.970000,0.003672,0.000400,-0.005788,-1.104601,0.046681,-0.003779
9.980000,0.003654,0.000398,-0.005759,-1.104639,0.046587,-0.003760
9.990000,0.003635,0.000396,-0.005731,-1.104677,0.046493,-0.003741
10.000000,0.003617,0.000394,-0.005702,-1.104715,0.046400,-0.003722
