0.000000,0.685980,-0.513004,0.743883,-0.670610,0.762513,-0.387553
0.010000,0.679385,-0.509171,0.736443,-0.673180,0.758996,-0.385045
0.020000,0.672913,-0.505384,0.729148,-0.675736,0.755512,-0.382561
0.030000,0.666560,-0.501644,0.721994,-0.678279,0.752060,-0.380099
0.040000,0.660323,-0.497947,0.714977,-0.680809,0.748640,-0.377661
0.050000,0.654197,-0.494295,0.708092,-0.683326,0.745251,-0.375245
0.060000,0.648180,-0.490686,0.701335,-0.685831,0.741892,-0.372852
0.070000,0.642268,-0.487119,0.694701,-0.688322,0.738564,-0.370480
0.080000,0.636458,-0.483593,0.688187,-0.690801,0.735265,-0.368130
0.090000,0.630746,-0.480108,0.681789,-0.693266,0.731996,-0.365801
0.100000,0.625131,-0.476663,0.675504,-0.695719,0.728756,-0.363493
0.110000,0.619608,-0.473256,0.669328,-0.698159,0.725544,-0.361205
0.120000,0.614176,-0.469888,0.663258,-0.700587,0.722361,-0.358938
0.130000,0.608832,-0.466558,0.657291,-0.703002,0.719205,-0.356691
0.140000,0.603573,-0.463264,0.651424,-0.705404,0.716076,-0.354464
0.150000,0.598398,-0.460007,0.645653,-0.707794,0.712975,-0.352256
0.160000,0.593303,-0.456785,0.639977,-0.710171,0.709899,-0.350067
0.170000,0.588287,-0.453598,0.634393,-0.712535,0.706850,-0.347897
0.180000,0.583348,-0.450445,0.628897,-0.714888,0.703827,-0.345745
0.190000,0.578483,-0.447327,0.623488,-0.717228,0.700829,-0.343613
0.200000,0.573691,-0.444241,0.618164,-0.719555,0.697856,-0.341498
0.210000,0.568969,-0.441188,0.612922,-0.721870,0.694908,-0.339401
0.220000,0.564316,-0.438166,0.607759,-0.724173,0.691984,-0.337322
0.230000,0.559731,-0.435177,0.602675,-0.726464,0.689085,-0.335260
0.240000,0.555211,-0.432218,0.597666,-0.728743,0.686209,-0.333216
0.250000,0.550755,-0.429289,0.592731,-0.731009,0.683356,-0.331188
0.260000,0.546362,-0.426391,0.587868,-0.733264,0.680527,-0.329177
0.270000,0.542029,-0.423521,0.583075,-0.735506,0.677720,-0.327183
0.280000,0.537756,-0.420681,0.578351,-0.737737,0.674936,-0.325205
0.290000,0.533541,-0.417869,0.573694,-0.739955,0.672174,-0.323243
0.300000,0.529383,-0.415085,0.569102,-0.742162,0.669434,-0.321297
0.310000,0.525280,-0.412328,0.564573,-0.744357,0.666715,-0.319366
0.320000,0.521231,-0.409599,0.560107,-0.746540,0.664018,-0.317451
0.330000,0.517235,-0.406896,0.555701,-0.748711,0.661342,-0.315552
0.340000,0.513291,-0.404219,0.551355,-0.750870,0.658686,-0.313667
0.350000,0.509397,-0.401568,0.547066,-0.753018,0.656051,-0.311798
0.360000,0.505553,-0.398943,0.542835,-0.755155,0.653436,-0.309943
0.370000,0.501757,-0.396342,0.538658,-0.757279,0.650842,-0.308103
0.380000,0.498008,-0.393766,0.534536,-0.759393,0.648267,-0.306277
0.390000,0.494306,-0.391215,0.530467,-0.761494,0.645711,-0.304466
0.400000,0.490649,-0.388687,0.526449,-0.763585,0.643175,-0.302668
0.410000,0.487037,-0.386183,0.522482,-0.765664,0.640657,-0.300884
0.420000,0.483468,-0.383702,0.518565,-0.767731,0.638159,-0.299114
0.430000,0.479942,-0.381243,0.514696,-0.769788,0.635679,-0.297358
0.440000,0.476457,-0.378807,0.510875,-0.771833,0.633217,-0.295615
0.450000,0.473014,-0.376394,0.507100,-0.773867,0.630773,-0.293885
0.460000,0.469610,-0.374002,0.503370,-0.775889,0.628347,-0.292168
0.470000,0.466246,-0.371632,0.499686,-0.777901,0.625939,-0.290464
0.480000,0.462921,-0.369282,0.496045,-0.779902,0.623548,-0.288773
0.490000,0.459633,-0.366954,0.492447,-0.781891,0.621174,-0.287095
0.500000,0.456382,-0.364647,0.488891,-0.783870,0.618817,-0.285429
0.510000,0.453168,-0.362359,0.485376,-0.785838,0.616477,-0.283776
0.520000,0.449989,-0.360092,0.481902,-0.787795,0.614154,-0.282134
0.530000,0.446845,-0.357844,0.478467,-0.789741,0.611847,-0.280505
0.540000,0.443736,-0.355616,0.475071,-0.791676,0.609556,-0.278888
0.550000,0.440660,-0.353408,0.471713,-0.793601,0.607282,-0.277282
0.560000,0.437618,-0.351218,0.468392,-0.795514,0.605023,-0.275689
0.570000,0.434608,-0.349047,0.465109,-0.797418,0.602780,-0.274106
0.580000,0.431629,-0.346894,0.461861,-0.799310,0.600552,-0.272536
0.590000,0.428683,-0.344759,0.458648,-0.801193,0.598339,-0.270976
0.600000,0.425767,-0.342643,0.455471,-0.803064,0.596142,-0.269428
0.610000,0.422881,-0.340544,0.452327,-0.804925,0.593959,-0.267891
0.620000,0.420025,-0.338463,0.449217,-0.806776,0.591791,-0.266364
0.630000,0.417199,-0.336398,0.446139,-0.808617,0.589638,-0.264849
0.640000,0.414401,-0.334351,0.443094,-0.810447,0.587500,-0.263344
0.650000,0.411631,-0.332321,0.440081,-0.812267,0.585375,-0.261850
0.660000,0.408890,-0.330308,0.437099,-0.814076,0.583265,-0.260367
0.670000,0.406175,-0.328310,0.434147,-0.815876,0.581168,-0.258893
0.680000,0.403487,-0.326329,0.431226,-0.817665,0.579086,-0.257431
0.690000,0.400826,-0.324364,0.428334,-0.819444,0.577017,-0.255978
0.700000,0.398191,-0.322415,0.425472,-0.821213,0.574961,-0.254535
0.710000,0.395581,-0.320481,0.422638,-0.822973,0.572919,-0.253103
0.720000,0.392997,-0.318563,0.419832,-0.824722,0.570890,-0.251680
0.730000,0.390437,-0.316660,0.417054,-0.826461,0.568874,-0.250267
0.740000,0.387902,-0.314772,0.414303,-0.828191,0.566871,-0.248864
0.750000,0.385391,-0.312899,0.411579,-0.829911,0.564881,-0.247470
0.760000,0.382903,-0.311040,0.408882,-0.831621,0.562904,-0.246086
0.770000,0.380439,-0.309196,0.406210,-0.833321,0.560939,-0.244711
0.780000,0.377998,-0.307366,0.403564,-0.835012,0.558986,-0.243346
0.790000,0.375579,-0.305551,0.400943,-0.836693,0.557046,-0.241990
0.800000,0.373182,-0.303749,0.398347,-0.838364,0.555117,-0.240642
0.810000,0.370807,-0.301961,0.395775,-0.840026,0.553201,-0.239304
0.820000,0.368454,-0.300187,0.393227,-0.841679,0.551297,-0.237975
0.830000,0.366122,-0.298426,0.390703,-0.843322,0.549404,-0.236655
0.840000,0.363811,-0.296679,0.388202,-0.844955,0.547523,-0.235344
0.850000,0.361521,-0.294945,0.385724,-0.846579,0.545653,-0.234041
0.860000,0.359251,-0.293224,0.383269,-0.848194,0.543795,-0.232747
0.870000,0.357001,-0.291515,0.380836,-0.849800,0.541948,-0.231461
0.880000,0.354771,-0.289820,0.378425,-0.851397,0.540112,-0.230184
0.890000,0.352560,-0.288137,0.376036,-0.852984,0.538287,-0.228915
0.900000,0.350369,-0.286467,0.373668,-0.854562,0.536473,-0.227655
0.910000,0.348196,-0.284809,0.371321,-0.856131,0.534670,-0.226403
0.920000,0.346042,-0.283163,0.368994,-0.857691,0.532878,-0.225159
0.930000,0.343907,-0.281529,0.366688,-0.859242,0.531096,-0.223923
0.940000,0.341790,-0.279907,0.364402,-0.860784,0.529325,-0.222695
0.950000,0.339691,-0.278297,0.362136,-0.862317,0.527564,-0.221475
0.960000,0.337609,-0.276698,0.359890,-0.863842,0.525814,-0.220263
0.970000,0.335545,-0.275112,0.357663,-0.865357,0.524073,-0.219059
0.980000,0.333498,-0.273536,0.355455,-0.866864,0.522343,-0.217862
0.990000,0.331468,-0.271972,0.353265,-0.868362,0.520623,-0.216673
1.000000,0.329455,-0.270419,0.351095,-0.869851,0.518912,-0.215492
1.010000,0.327458,-0.268877,0.348942,-0.871332,0.517211,-0.214318
1.020000,0.325478,-0.267346,0.346808,-0.872804,0.515521,-0.213152
1.030000,0.323514,-0.265826,0.344691,-0.874268,0.513839,-0.211993
1.040000,0.321565,-0.264316,0.342592,-0.875723,0.512167,-0.210841
1.050000,0.319633,-0.262818,0.340510,-0.877169,0.510505,-0.209697
1.060000,0.317716,-0.261329,0.338446,-0.878607,0.508852,-0.208560
1.070000,0.315814,-0.259851,0.336398,-0.880037,0.507208,-0.207430
1.080000,0.313928,-0.258384,0.334367,-0.881458,0.505573,-0.206307
1.090000,0.312056,-0.256926,0.332352,-0.882872,0.503948,-0.205191
1.100000,0.310199,-0.255479,0.330354,-0.884276,0.502331,-0.204082
1.110000,0.308357,-0.254042,0.328372,-0.885673,0.500724,-0.202980
1.120000,0.306529,-0.252614,0.326405,-0.887061,0.499125,-0.201885
1.130000,0.304716,-0.251197,0.324454,-0.888442,0.497535,-0.200797
1.140000,0.302916,-0.249789,0.322519,-0.889814,0.495953,-0.199715
1.150000,0.301131,-0.248390,0.320599,-0.891178,0.494380,-0.198641
1.160000,0.299359,-0.247001,0.318694,-0.892534,0.492816,-0.197572
1.170000,0.297600,-0.245622,0.316804,-0.893882,0.491260,-0.196511
1.180000,0.295855,-0.244252,0.314928,-0.895222,0.489712,-0.195455
1.190000,0.294124,-0.242891,0.313068,-0.896555,0.488173,-0.194407
1.200000,0.292405,-0.241539,0.311221,-0.897879,0.486642,-0.193364
1.210000,0.290700,-0.240196,0.309389,-0.899196,0.485119,-0.192328
1.220000,0.289007,-0.238862,0.307571,-0.900505,0.483604,-0.191299
1.230000,0.287327,-0.237537,0.305766,-0.901806,0.482097,-0.190275
1.240000,0.285659,-0.236221,0.303976,-0.903100,0.480598,-0.189258
1.250000,0.284004,-0.234914,0.302199,-0.904386,0.479107,-0.188247
1.260000,0.282361,-0.233615,0.300435,-0.905664,0.477623,-0.187242
1.270000,0.280730,-0.232325,0.298684,-0.906935,0.476148,-0.186243
1.280000,0.279111,-0.231044,0.296947,-0.908198,0.474680,-0.185251
1.290000,0.277504,-0.229770,0.295223,-0.909453,0.473219,-0.184264
1.300000,0.275909,-0.228505,0.293511,-0.910702,0.471766,-0.183283
1.310000,0.274325,-0.227249,0.291812,-0.911943,0.470321,-0.182308
1.320000,0.272753,-0.226000,0.290126,-0.913176,0.468882,-0.181339
1.330000,0.271191,-0.224760,0.288452,-0.914402,0.467451,-0.180375
1.340000,0.269642,-0.223527,0.286790,-0.915621,0.466028,-0.179417
1.350000,0.268103,-0.222303,0.285140,-0.916833,0.464611,-0.178465
1.360000,0.266575,-0.221086,0.283502,-0.918037,0.463202,-0.177519
1.370000,0.265058,-0.219878,0.281877,-0.919234,0.461800,-0.176578
1.380000,0.263552,-0.218677,0.280262,-0.920425,0.460405,-0.175643
1.390000,0.262057,-0.217483,0.278660,-0.921608,0.459017,-0.174714
1.400000,0.260572,-0.216298,0.277069,-0.922783,0.457635,-0.173789
1.410000,0.259097,-0.215120,0.275489,-0.923952,0.456261,-0.172871
1.420000,0.257633,-0.213949,0.273921,-0.925114,0.454893,-0.171957
1.430000,0.256179,-0.212786,0.272363,-0.926269,0.453532,-0.171049
1.440000,0.254735,-0.211630,0.270817,-0.927418,0.452178,-0.170147
1.450000,0.253301,-0.210481,0.269281,-0.928559,0.450830,-0.169249
1.460000,0.251877,-0.209340,0.267757,-0.929693,0.449489,-0.168357
1.470000,0.250462,-0.208206,0.266243,-0.930821,0.448154,-0.167470
1.480000,0.249058,-0.207079,0.264739,-0.931942,0.446826,-0.166589
1.490000,0.247663,-0.205958,0.263246,-0.933056,0.445504,-0.165712
1.500000,0.246277,-0.204845,0.261763,-0.934163,0.444188,-0.164840
1.510000,0.244901,-0.203739,0.260291,-0.935264,0.442879,-0.163974
1.520000,0.243534,-0.202640,0.258829,-0.936358,0.441576,-0.163113
1.530000,0.242177,-0.201548,0.257376,-0.937446,0.440280,-0.162256
1.540000,0.240829,-0.200462,0.255934,-0.938527,0.438989,-0.161405
1.550000,0.239489,-0.199383,0.254501,-0.939602,0.437705,-0.160558
1.560000,0.238159,-0.198311,0.253079,-0.940670,0.436426,-0.159716
1.570000,0.236837,-0.197245,0.251666,-0.941731,0.435154,-0.158879
1.580000,0.235525,-0.196186,0.250262,-0.942787,0.433887,-0.158047
1.590000,0.234221,-0.195133,0.248868,-0.943836,0.432627,-0.157220
1.600000,0.232926,-0.194087,0.247483,-0.944878,0.431372,-0.156397
1.610000,0.231639,-0.193047,0.246108,-0.945915,0.430123,-0.155579
1.620000,0.230361,-0.192013,0.244741,-0.946945,0.428880,-0.154766
1.630000,0.229091,-0.190986,0.243384,-0.947968,0.427643,-0.153958
1.640000,0.227829,-0.189965,0.242036,-0.948986,0.426411,-0.153154
1.650000,0.226576,-0.188950,0.240697,-0.949998,0.425185,-0.152354
1.660000,0.225331,-0.187941,0.239367,-0.951003,0.423965,-0.151559
1.670000,0.224094,-0.186939,0.238045,-0.952002,0.422750,-0.150769
1.680000,0.222865,-0.185942,0.236732,-0.952995,0.421540,-0.149983
1.690000,0.221644,-0.184951,0.235428,-0.953983,0.420337,-0.149202
1.700000,0.220430,-0.183967,0.234132,-0.954964,0.419138,-0.148425
1.710000,0.219225,-0.182988,0.232845,-0.955939,0.417945,-0.147652
1.720000,0.218027,-0.182015,0.231566,-0.956909,0.416757,-0.146884
1.730000,0.216838,-0.181048,0.230295,-0.957872,0.415575,-0.146120
1.740000,0.215655,-0.180086,0.229033,-0.958830,0.414398,-0.145360
1.750000,0.214480,-0.179131,0.227779,-0.959782,0.413226,-0.144605
1.760000,0.213313,-0.178181,0.226533,-0.960728,0.412059,-0.143854
1.770000,0.212153,-0.177236,0.225294,-0.961668,0.410898,-0.143107
1.780000,0.211001,-0.176297,0.224064,-0.962603,0.409741,-0.142364
1.790000,0.209855,-0.175364,0.222842,-0.963531,0.408590,-0.141625
1.800000,0.208717,-0.174436,0.221627,-0.964455,0.407443,-0.140891
1.810000,0.207586,-0.173514,0.220421,-0.965372,0.406302,-0.140160
1.820000,0.206462,-0.172597,0.219221,-0.966284,0.405166,-0.139434
1.830000,0.205345,-0.171686,0.218030,-0.967191,0.404034,-0.138712
1.840000,0.204236,-0.170780,0.216846,-0.968092,0.402908,-0.137994
1.850000,0.203133,-0.169879,0.215669,-0.968987,0.401786,-0.137279
1.860000,0.202037,-0.168983,0.214500,-0.969877,0.400669,-0.136569
1.870000,0.200947,-0.168093,0.213338,-0.970762,0.399557,-0.135863
1.880000,0.199865,-0.167208,0.212184,-0.971641,0.398450,-0.135160
1.890000,0.198789,-0.166328,0.211037,-0.972515,0.397348,-0.134462
1.900000,0.197720,-0.165453,0.209896,-0.973383,0.396250,-0.133767
1.910000,0.196657,-0.164583,0.208763,-0.974246,0.395157,-0.133076
1.920000,0.195601,-0.163718,0.207637,-0.975104,0.394068,-0.132389
1.930000,0.194552,-0.162859,0.206518,-0.975956,0.392984,-0.131706
1.940000,0.193508,-0.162004,0.205406,-0.976804,0.391905,-0.131026
1.950000,0.192472,-0.161154,0.204301,-0.977646,0.390830,-0.130351
1.960000,0.191441,-0.160309,0.203203,-0.978483,0.389759,-0.129678
1.970000,0.190417,-0.159469,0.202111,-0.979315,0.388694,-0.129010
1.980000,0.189399,-0.158633,0.201026,-0.980142,0.387632,-0.128345
1.990000,0.188387,-0.157803,0.199947,-0.980963,0.386575,-0.127684
2.000000,0.187381,-0.156977,0.198876,-0.981780,0.385522,-0.127027
2.010000,0.186381,-0.156156,0.197810,-0.982592,0.384474,-0.126373
2.020000,0.185388,-0.155340,0.196752,-0.983398,0.383430,-0.125723
2.030000,0.184400,-0.154528,0.195699,-0.984200,0.382390,-0.125076
2.040000,0.183418,-0.153721,0.194653,-0.984997,0.381355,-0.124433
2.050000,0.182443,-0.152918,0.193614,-0.985789,0.380324,-0.123793
2.060000,0.181473,-0.152120,0.192581,-0.986576,0.379297,-0.123157
2.070000,0.180508,-0.151327,0.191553,-0.987358,0.378274,-0.122524
2.080000,0.179550,-0.150538,0.190533,-0.988135,0.377255,-0.121895
2.090000,0.178597,-0.149754,0.189518,-0.988908,0.376240,-0.121269
2.100000,0.177650,-0.148974,0.188509,-0.989676,0.375230,-0.120647
2.110000,0.176708,-0.148198,0.187506,-0.990439,0.374224,-0.120028
2.120000,0.175772,-0.147427,0.186510,-0.991197,0.373221,-0.119412
2.130000,0.174842,-0.146660,0.185519,-0.991951,0.372223,-0.118799
2.140000,0.173917,-0.145897,0.184534,-0.992700,0.371228,-0.118190
2.150000,0.172998,-0.145139,0.183555,-0.993444,0.370238,-0.117584
2.160000,0.172084,-0.144385,0.182582,-0.994184,0.369251,-0.116982
2.170000,0.171175,-0.143635,0.181615,-0.994920,0.368269,-0.116383
2.180000,0.170271,-0.142890,0.180653,-0.995650,0.367290,-0.115787
2.190000,0.169373,-0.142148,0.179697,-0.996377,0.366315,-0.115194
2.200000,0.168481,-0.141411,0.178747,-0.997098,0.365344,-0.114604
2.210000,0.167593,-0.140678,0.177802,-0.997816,0.364377,-0.114018
2.220000,0.166710,-0.139949,0.176863,-0.998528,0.363413,-0.113434
2.230000,0.165833,-0.139224,0.175929,-0.999237,0.362454,-0.112854
2.240000,0.164961,-0.138503,0.175001,-0.999941,0.361498,-0.112277
2.250000,0.164094,-0.137786,0.174078,-1.000641,0.360546,-0.111703
2.260000,0.163232,-0.137073,0.173160,-1.001336,0.359597,-0.111132
2.270000,0.162374,-0.136363,0.172248,-1.002027,0.358652,-0.110564
2.280000,0.161522,-0.135658,0.171342,-1.002714,0.357711,-0.109999
2.290000,0.160675,-0.134957,0.170440,-1.003396,0.356773,-0.109438
2.300000,0.159832,-0.134260,0.169544,-1.004075,0.355839,-0.108879
2.310000,0.158995,-0.133566,0.168653,-1.004749,0.354909,-0.108323
2.320000,0.158162,-0.132877,0.167767,-1.005419,0.353982,-0.107770
2.330000,0.157334,-0.132191,0.166886,-1.006085,0.353059,-0.107220
2.340000,0.156511,-0.131509,0.166010,-1.006746,0.352139,-0.106673
2.350000,0.155692,-0.130830,0.165140,-1.007404,0.351222,-0.106129
2.360000,0.154878,-0.130156,0.164274,-1.008057,0.350309,-0.105588
2.370000,0.154069,-0.129485,0.163413,-1.008706,0.349400,-0.105050
2.380000,0.153265,-0.128817,0.162558,-1.009352,0.348494,-0.104514
2.390000,0.152465,-0.128154,0.161707,-1.009993,0.347591,-0.103982
2.400000,0.151669,-0.127494,0.160861,-1.010631,0.346692,-0.103452
2.410000,0.150878,-0.126838,0.160020,-1.011264,0.345796,-0.102925
2.420000,0.150092,-0.126185,0.159183,-1.011893,0.344903,-0.102401
2.430000,0.149310,-0.125536,0.158352,-1.012519,0.344014,-0.101880
2.440000,0.148532,-0.124890,0.157525,-1.013141,0.343128,-0.101361
2.450000,0.147759,-0.124248,0.156703,-1.013758,0.342246,-0.100845
2.460000,0.146990,-0.123609,0.155885,-1.014372,0.341366,-0.100332
2.470000,0.146225,-0.122974,0.155072,-1.014982,0.340490,-0.099822
2.480000,0.145465,-0.122342,0.154264,-1.015589,0.339617,-0.099314
2.490000,0.144709,-0.121714,0.153460,-1.016191,0.338747,-0.098809
2.500000,0.143957,-0.121089,0.152661,-1.016790,0.337881,-0.098307
2.510000,0.143210,-0.120468,0.151867,-1.017385,0.337017,-0.097807
2.520000,0.142466,-0.119850,0.151077,-1.017976,0.336157,-0.097310
2.530000,0.141727,-0.119235,0.150291,-1.018564,0.335300,-0.096815
2.540000,0.140992,-0.118624,0.149510,-1.019148,0.334446,-0.096323
2.550000,0.140261,-0.118015,0.148733,-1.019728,0.333595,-0.095834
2.560000,0.139534,-0.117411,0.147960,-1.020305,0.332747,-0.095347
2.570000,0.138812,-0.116809,0.147192,-1.020878,0.331902,-0.094863
2.580000,0.138093,-0.116211,0.146428,-1.021448,0.331061,-0.094382
2.590000,0.137378,-0.115616,0.145669,-1.022014,0.330222,-0.093903
2.600000,0.136667,-0.115024,0.144913,-1.022576,0.329386,-0.093426
2.610000,0.135960,-0.114435,0.144162,-1.023135,0.328553,-0.092952
2.620000,0.135257,-0.113849,0.143415,-1.023691,0.327724,-0.092481
2.630000,0.134558,-0.113267,0.142672,-1.024243,0.326897,-0.092012
2.640000,0.133863,-0.112688,0.141934,-1.024791,0.326073,-0.091545
2.650000,0.133172,-0.112112,0.141199,-1.025336,0.325252,-0.091081
2.660000,0.132484,-0.111539,0.140468,-1.025878,0.324434,-0.090619
2.670000,0.131800,-0.110968,0.139742,-1.026416,0.323619,-0.090160
2.680000,0.131120,-0.110402,0.139020,-1.026951,0.322806,-0.089703
2.690000,0.130444,-0.109838,0.138301,-1.027483,0.321997,-0.089248
2.700000,0.129771,-0.109277,0.137587,-1.028011,0.321190,-0.088796
2.710000,0.129103,-0.108719,0.136876,-1.028536,0.320386,-0.088346
2.720000,0.128437,-0.108164,0.136169,-1.029058,0.319585,-0.087899
2.730000,0.127776,-0.107612,0.135467,-1.029576,0.318787,-0.087454
2.740000,0.127118,-0.107063,0.134768,-1.030091,0.317992,-0.087011
2.750000,0.126463,-0.106517,0.134073,-1.030603,0.317199,-0.086570
2.760000,0.125813,-0.105974,0.133382,-1.031112,0.316409,-0.086132
2.770000,0.125166,-0.105433,0.132694,-1.031617,0.315622,-0.085696
2.780000,0.124522,-0.104896,0.132011,-1.032120,0.314837,-0.085263
2.790000,0.123882,-0.104361,0.131331,-1.032619,0.314056,-0.084831
2.800000,0.123245,-0.103830,0.130655,-1.033115,0.313276,-0.084402
2.810000,0.122612,-0.103301,0.129982,-1.033608,0.312500,-0.083975
2.820000,0.121982,-0.102774,0.129313,-1.034098,0.311726,-0.083550
2.830000,0.121356,-0.102251,0.128648,-1.034584,0.310955,-0.083128
2.840000,0.120733,-0.101731,0.127987,-1.035068,0.310186,-0.082708
2.850000,0.120113,-0.101213,0.127329,-1.035549,0.309421,-0.082290
2.860000,0.119497,-0.100698,0.126674,-1.036026,0.308657,-0.081874
2.870000,0.118884,-0.100185,0.126024,-1.036501,0.307897,-0.081460
2.880000,0.118274,-0.099676,0.125376,-1.036973,0.307138,-0.081048
2.890000,0.117668,-0.099169,0.124733,-1.037442,0.306383,-0.080639
2.900000,0.117065,-0.098665,0.124093,-1.037907,0.305630,-0.080231
2.910000,0.116465,-0.098163,0.123456,-1.038370,0.304879,-0.079826
2.920000,0.115869,-0.097664,0.122822,-1.038830,0.304131,-0.079423
2.930000,0.115276,-0.097168,0.122193,-1.039287,0.303386,-0.079022
2.940000,0.114686,-0.096674,0.121566,-1.039741,0.302643,-0.078623
2.950000,0.114099,-0.096183,0.120943,-1.040193,0.301902,-0.078226
2.960000,0.113515,-0.095695,0.120323,-1.040641,0.301164,-0.077831
2.970000,0.112934,-0.095209,0.119707,-1.041087,0.300428,-0.077438
2.980000,0.112357,-0.094725,0.119094,-1.041530,0.299695,-0.077047
2.990000,0.111782,-0.094244,0.118484,-1.041970,0.298964,-0.076659
3.000000,0.111211,-0.093766,0.117878,-1.042407,0.298236,-0.076272
3.010000,0.110643,-0.093290,0.117274,-1.042841,0.297510,-0.075887
3.020000,0.110077,-0.092817,0.116674,-1.043273,0.296787,-0.075504
3.030000,0.109515,-0.092346,0.116078,-1.043702,0.296065,-0.075123
3.040000,0.108956,-0.091878,0.115484,-1.044129,0.295347,-0.074744
3.050000,0.108400,-0.091412,0.114894,-1.044552,0.294630,-0.074367
3.060000,0.107846,-0.090948,0.114307,-1.044973,0.293916,-0.073992
3.070000,0.107296,-0.090487,0.113723,-1.045392,0.293204,-0.073619
3.080000,0.106749,-0.090029,0.113142,-1.045807,0.292495,-0.073248
3.090000,0.106204,-0.089572,0.112564,-1.046220,0.291788,-0.072879
3.100000,0.105663,-0.089119,0.111989,-1.046631,0.291083,-0.072512
3.110000,0.105124,-0.088667,0.111417,-1.047039,0.290380,-0.072146
3.120000,0.104588,-0.088218,0.110849,-1.047444,0.289680,-0.071783
3.130000,0.104055,-0.087771,0.110283,-1.047847,0.288982,-0.071421
3.140000,0.103525,-0.087327,0.109721,-1.048247,0.288286,-0.071061
3.150000,0.102998,-0.086885,0.109161,-1.048645,0.287592,-0.070703
3.160000,0.102473,-0.086445,0.108604,-1.049040,0.286901,-0.070347
3.170000,0.101952,-0.086007,0.108051,-1.049433,0.286212,-0.069993
3.180000,0.101433,-0.085572,0.107500,-1.049823,0.285525,-0.069640
3.190000,0.100916,-0.085139,0.106952,-1.050211,0.284840,-0.069290
3.200000,0.100403,-0.084708,0.106407,-1.050596,0.284157,-0.068941
3.210000,0.099892,-0.084280,0.105866,-1.050979,0.283477,-0.068594
3.220000,0.099384,-0.083854,0.105326,-1.051359,0.282799,-0.068248
3.230000,0.098879,-0.083430,0.104790,-1.051737,0.282123,-0.067905
3.240000,0.098376,-0.083008,0.104257,-1.052113,0.281449,-0.067563
3.250000,0.097876,-0.082588,0.103726,-1.052486,0.280777,-0.067223
3.260000,0.097378,-0.082171,0.103198,-1.052857,0.280107,-0.066885
3.270000,0.096884,-0.081755,0.102674,-1.053226,0.279439,-0.066548
3.280000,0.096391,-0.081342,0.102151,-1.053592,0.278774,-0.066213
3.290000,0.095902,-0.080931,0.101632,-1.053956,0.278110,-0.065880
3.300000,0.095415,-0.080522,0.101115,-1.054318,0.277449,-0.065549
3.310000,0.094930,-0.080115,0.100601,-1.054677,0.276790,-0.065219
3.320000,0.094448,-0.079711,0.100090,-1.055034,0.276133,-0.064891
3.330000,0.093969,-0.079308,0.099581,-1.055389,0.275477,-0.064565
3.340000,0.093492,-0.078908,0.099075,-1.055741,0.274824,-0.064240
3.350000,0.093018,-0.078509,0.098572,-1.056092,0.274173,-0.063917
3.360000,0.092546,-0.078113,0.098072,-1.056440,0.273524,-0.063596
3.370000,0.092076,-0.077719,0.097574,-1.056786,0.272877,-0.063276
3.380000,0.091609,-0.077326,0.097078,-1.057129,0.272232,-0.062958
3.390000,0.091145,-0.076936,0.096586,-1.057471,0.271589,-0.062641
3.400000,0.090683,-0.076548,0.096096,-1.057810,0.270948,-0.062327
3.410000,0.090223,-0.076162,0.095608,-1.058147,0.270308,-0.062013
3.420000,0.089766,-0.075777,0.095123,-1.058482,0.269671,-0.061702
3.430000,0.089311,-0.075395,0.094640,-1.058815,0.269036,-0.061392
3.440000,0.088858,-0.075015,0.094161,-1.059146,0.268403,-0.061083
3.450000,0.088408,-0.074637,0.093683,-1.059475,0.267771,-0.060776
3.460000,0.087961,-0.074260,0.093208,-1.059802,0.267142,-0.060471
3.470000,0.087515,-0.073886,0.092736,-1.060126,0.266514,-0.060167
3.480000,0.087072,-0.073513,0.092266,-1.060449,0.265889,-0.059865
3.490000,0.086631,-0.073143,0.091798,-1.060769,0.265265,-0.059564
3.500000,0.086193,-0.072774,0.091333,-1.061088,0.264643,-0.059265
3.510000,0.085756,-0.072407,0.090871,-1.061404,0.264023,-0.058967
3.520000,0.085323,-0.072042,0.090410,-1.061719,0.263405,-0.058671
3.530000,0.084891,-0.071679,0.089952,-1.062031,0.262789,-0.058377
3.540000,0.084461,-0.071318,0.089497,-1.062341,0.262175,-0.058083
3.550000,0.084034,-0.070959,0.089044,-1.062650,0.261562,-0.057792
3.560000,0.083609,-0.070602,0.088593,-1.062956,0.260952,-0.057502
3.570000,0.083186,-0.070246,0.088145,-1.063261,0.260343,-0.057213
3.580000,0.082766,-0.069892,0.087699,-1.063564,0.259736,-0.056926
3.590000,0.082347,-0.069540,0.087255,-1.063864,0.259130,-0.056640
3.600000,0.081931,-0.069190,0.086814,-1.064163,0.258527,-0.056356
3.610000,0.081517,-0.068842,0.086375,-1.064460,0.257925,-0.056073
3.620000,0.081105,-0.068495,0.085938,-1.064755,0.257326,-0.055791
3.630000,0.080695,-0.068150,0.085503,-1.065048,0.256728,-0.055512
3.640000,0.080288,-0.067807,0.085071,-1.065340,0.256131,-0.055233
3.650000,0.079882,-0.067466,0.084641,-1.065629,0.255537,-0.054956
3.660000,0.079479,-0.067126,0.084213,-1.065917,0.254944,-0.054680
3.670000,0.079077,-0.066789,0.083788,-1.066202,0.254353,-0.054406
3.680000,0.078678,-0.066453,0.083364,-1.066486,0.253764,-0.054133
3.690000,0.078281,-0.066118,0.082943,-1.066768,0.253177,-0.053861
3.700000,0.077886,-0.065786,0.082524,-1.067049,0.252591,-0.053591
3.710000,0.077492,-0.065455,0.082107,-1.067327,0.252007,-0.053322
3.720000,0.077101,-0.065125,0.081692,-1.067604,0.251424,-0.053055
3.730000,0.076712,-0.064798,0.081280,-1.067879,0.250844,-0.052789
3.740000,0.076325,-0.064472,0.080870,-1.068152,0.250265,-0.052524
3.750000,0.075940,-0.064148,0.080461,-1.068424,0.249688,-0.052261
3.760000,0.075557,-0.063825,0.080055,-1.068694,0.249112,-0.051999
3.770000,0.075176,-0.063504,0.079651,-1.068962,0.248538,-0.051738
3.780000,0.074797,-0.063185,0.079249,-1.069228,0.247966,-0.051478
3.790000,0.074420,-0.062867,0.078849,-1.069493,0.247395,-0.051220
3.800000,0.074044,-0.062551,0.078451,-1.069756,0.246826,-0.050963
3.810000,0.073671,-0.062237,0.078056,-1.070017,0.246259,-0.050708
3.820000,0.073300,-0.061924,0.077662,-1.070277,0.245694,-0.050454
3.830000,0.072930,-0.061613,0.077270,-1.070535,0.245130,-0.050201
3.840000,0.072563,-0.061303,0.076880,-1.070791,0.244567,-0.049949
3.850000,0.072197,-0.060995,0.076493,-1.071046,0.244006,-0.049699
3.860000,0.071833,-0.060689,0.076107,-1.071299,0.243447,-0.049450
3.870000,0.071471,-0.060384,0.075723,-1.071551,0.242890,-0.049202
3.880000,0.071111,-0.060081,0.075342,-1.071801,0.242334,-0.048955
3.890000,0.070753,-0.059779,0.074962,-1.072049,0.241780,-0.048710
3.900000,0.070396,-0.059479,0.074584,-1.072296,0.241227,-0.048466
3.910000,0.070042,-0.059180,0.074208,-1.072541,0.240676,-0.048223
3.920000,0.069689,-0.058883,0.073834,-1.072785,0.240126,-0.047981
3.930000,0.069338,-0.058587,0.073462,-1.073027,0.239578,-0.047741
3.940000,0.068989,-0.058293,0.073092,-1.073267,0.239032,-0.047502
3.950000,0.068642,-0.058000,0.072724,-1.073506,0.238487,-0.047264
3.960000,0.068296,-0.057709,0.072358,-1.073744,0.237943,-0.047027
3.970000,0.067952,-0.057419,0.071993,-1.073980,0.237401,-0.046792
3.980000,0.067610,-0.057131,0.071631,-1.074214,0.236861,-0.046557
3.990000,0.067270,-0.056844,0.071270,-1.074447,0.236322,-0.046324
4.000000,0.066932,-0.056559,0.070911,-1.074678,0.235785,-0.046092
4.010000,0.066595,-0.056275,0.070554,-1.074908,0.235249,-0.045861
4.020000,0.066260,-0.055993,0.070199,-1.075137,0.234715,-0.045631
4.030000,0.065926,-0.055712,0.069846,-1.075364,0.234182,-0.045403
4.040000,0.065595,-0.055432,0.069494,-1.075590,0.233651,-0.045176
4.050000,0.065265,-0.055154,0.069144,-1.075814,0.233121,-0.044949
4.060000,0.064937,-0.054877,0.068796,-1.076036,0.232593,-0.044724
4.070000,0.064610,-0.054602,0.068450,-1.076258,0.232066,-0.044500
4.080000,0.064285,-0.054328,0.068106,-1.076478,0.231541,-0.044277
4.090000,0.063962,-0.054055,0.067763,-1.076696,0.231017,-0.044056
4.100000,0.063640,-0.053784,0.067422,-1.076913,0.230495,-0.043835
4.110000,0.063320,-0.053514,0.067083,-1.077129,0.229974,-0.043616
4.120000,0.063002,-0.053246,0.066746,-1.077343,0.229454,-0.043397
4.130000,0.062685,-0.052979,0.066410,-1.077556,0.228936,-0.043180
4.140000,0.062370,-0.052713,0.066076,-1.077768,0.228419,-0.042964
4.150000,0.062057,-0.052449,0.065744,-1.077978,0.227904,-0.042749
4.160000,0.061745,-0.052186,0.065413,-1.078187,0.227390,-0.042535
4.170000,0.061434,-0.051924,0.065084,-1.078395,0.226878,-0.042322
4.180000,0.061126,-0.051664,0.064757,-1.078601,0.226367,-0.042110
4.190000,0.060819,-0.051405,0.064432,-1.078806,0.225858,-0.041899
4.200000,0.060513,-0.051147,0.064108,-1.079010,0.225350,-0.041690
4.210000,0.060209,-0.050890,0.063786,-1.079212,0.224843,-0.041481
4.220000,0.059907,-0.050635,0.063465,-1.079413,0.224337,-0.041273
4.230000,0.059606,-0.050382,0.063146,-1.079613,0.223833,-0.041067
4.240000,0.059306,-0.050129,0.062829,-1.079811,0.223331,-0.040861
4.250000,0.059008,-0.049878,0.062513,-1.080009,0.222830,-0.040657
4.260000,0.058712,-0.049628,0.062199,-1.080204,0.222330,-0.040453
4.270000,0.058417,-0.049379,0.061887,-1.080399,0.221831,-0.040251
4.280000,0.058124,-0.049132,0.061576,-1.080593,0.221334,-0.040050
4.290000,0.057832,-0.048885,0.061266,-1.080785,0.220838,-0.039849
4.300000,0.057542,-0.048640,0.060959,-1.080976,0.220344,-0.039650
4.310000,0.057253,-0.048397,0.060653,-1.081166,0.219851,-0.039452
4.320000,0.056965,-0.048154,0.060348,-1.081354,0.219359,-0.039254
4.330000,0.056680,-0.047913,0.060045,-1.081542,0.218869,-0.039058
4.340000,0.056395,-0.047673,0.059743,-1.081728,0.218380,-0.038862
4.350000,0.056112,-0.047434,0.059444,-1.081913,0.217892,-0.038668
4.360000,0.055830,-0.047196,0.059145,-1.082096,0.217406,-0.038475
4.370000,0.055550,-0.046960,0.058848,-1.082279,0.216920,-0.038282
4.380000,0.055271,-0.046725,0.058553,-1.082461,0.216437,-0.038091
4.390000,0.054994,-0.046491,0.058259,-1.082641,0.215954,-0.037900
4.400000,0.054718,-0.046258,0.057966,-1.082820,0.215473,-0.037710
4.410000,0.054444,-0.046026,0.057675,-1.082998,0.214993,-0.037522
4.420000,0.054171,-0.045796,0.057386,-1.083175,0.214514,-0.037334
4.430000,0.053899,-0.045566,0.057098,-1.083350,0.214037,-0.037147
4.440000,0.053628,-0.045338,0.056812,-1.083525,0.213561,-0.036962
4.450000,0.053359,-0.045111,0.056526,-1.083699,0.213086,-0.036777
4.460000,0.053092,-0.044885,0.056243,-1.083871,0.212612,-0.036593
4.470000,0.052825,-0.044660,0.055961,-1.084042,0.212140,-0.036410
4.480000,0.052561,-0.044437,0.055680,-1.084212,0.211669,-0.036228
4.490000,0.052297,-0.044214,0.055401,-1.084381,0.211199,-0.036047
4.500000,0.052035,-0.043993,0.055123,-1.084549,0.210731,-0.035866
4.510000,0.051774,-0.043772,0.054846,-1.084716,0.210264,-0.035687
4.520000,0.051514,-0.043553,0.054571,-1.084882,0.209797,-0.035509
4.530000,0.051256,-0.043335,0.054297,-1.085047,0.209333,-0.035331
4.540000,0.050999,-0.043118,0.054025,-1.085211,0.208869,-0.035154
4.550000,0.050743,-0.042903,0.053754,-1.085373,0.208407,-0.034979
4.560000,0.050489,-0.042688,0.053485,-1.085535,0.207946,-0.034804
4.570000,0.050236,-0.042474,0.053216,-1.085696,0.207486,-0.034630
4.580000,0.049984,-0.042261,0.052950,-1.085855,0.207027,-0.034457
4.590000,0.049733,-0.042050,0.052684,-1.086014,0.206569,-0.034284
4.600000,0.049484,-0.041839,0.052420,-1.086171,0.206113,-0.034113
4.610000,0.049236,-0.041630,0.052157,-1.086328,0.205658,-0.033943
4.620000,0.048989,-0.041422,0.051896,-1.086483,0.205204,-0.033773
4.630000,0.048744,-0.041214,0.051636,-1.086638,0.204751,-0.033604
4.640000,0.048500,-0.041008,0.051377,-1.086792,0.204300,-0.033436
4.650000,0.048257,-0.040803,0.051119,-1.086944,0.203850,-0.033269
4.660000,0.048015,-0.040599,0.050863,-1.087096,0.203400,-0.033103
4.670000,0.047774,-0.040396,0.050608,-1.087246,0.202952,-0.032937
4.680000,0.047535,-0.040194,0.050355,-1.087396,0.202506,-0.032773
4.690000,0.047297,-0.039992,0.050102,-1.087545,0.202060,-0.032609
4.700000,0.047060,-0.039792,0.049851,-1.087692,0.201615,-0.032446
4.710000,0.046824,-0.039593,0.049601,-1.087839,0.201172,-0.032284
4.720000,0.046590,-0.039395,0.049353,-1.087985,0.200730,-0.032122
4.730000,0.046356,-0.039198,0.049106,-1.088130,0.200289,-0.031962
4.740000,0.046124,-0.039002,0.048860,-1.088274,0.199849,-0.031802
4.750000,0.045893,-0.038807,0.048615,-1.088417,0.199410,-0.031643
4.760000,0.045663,-0.038613,0.048371,-1.088559,0.198972,-0.031485
4.770000,0.045434,-0.038420,0.048129,-1.088700,0.198536,-0.031328
4.780000,0.045207,-0.038227,0.047888,-1.088841,0.198101,-0.031171
4.790000,0.044981,-0.038036,0.047648,-1.088980,0.197666,-0.031015
4.800000,0.044755,-0.037846,0.047409,-1.089119,0.197233,-0.030860
4.810000,0.044531,-0.037657,0.047172,-1.089256,0.196801,-0.030706
4.820000,0.044308,-0.037468,0.046936,-1.089393,0.196370,-0.030553
4.830000,0.044086,-0.037281,0.046701,-1.089529,0.195940,-0.030400
4.840000,0.043866,-0.037094,0.046467,-1.089664,0.195512,-0.030248
4.850000,0.043646,-0.036909,0.046234,-1.089798,0.195084,-0.030097
4.860000,0.043428,-0.036724,0.046002,-1.089931,0.194658,-0.029947
4.870000,0.043210,-0.036541,0.045772,-1.090064,0.194232,-0.029797
4.880000,0.042994,-0.036358,0.045543,-1.090196,0.193808,-0.029648
4.890000,0.042779,-0.036176,0.045315,-1.090326,0.193385,-0.029500
4.900000,0.042564,-0.035995,0.045088,-1.090456,0.192962,-0.029353
4.910000,0.042351,-0.035815,0.044862,-1.090585,0.192541,-0.029206
4.920000,0.042139,-0.035636,0.044638,-1.090713,0.192121,-0.029060
4.930000,0.041928,-0.035458,0.044414,-1.090841,0.191702,-0.028915
4.940000,0.041719,-0.035281,0.044192,-1.090968,0.191285,-0.028770
4.950000,0.041510,-0.035104,0.043971,-1.091093,0.190868,-0.028627
4.960000,0.041302,-0.034929,0.043751,-1.091218,0.190452,-0.028484
4.970000,0.041095,-0.034754,0.043532,-1.091342,0.190037,-0.028341
4.980000,0.040890,-0.034580,0.043314,-1.091466,0.189624,-0.028200
4.990000,0.040685,-0.034408,0.043097,-1.091588,0.189211,-0.028059
5.000000,0.040482,-0.034236,0.042881,-1.091710,0.188799,-0.027919
5.010000,0.040279,-0.034064,0.042667,-1.091831,0.188389,-0.027779
5.020000,0.040077,-0.033894,0.042453,-1.091952,0.187979,-0.027640
5.030000,0.039877,-0.033725,0.042241,-1.092071,0.187571,-0.027502
5.040000,0.039677,-0.033556,0.042029,-1.092190,0.187163,-0.027365
5.050000,0.039479,-0.033388,0.041819,-1.092308,0.186757,-0.027228
5.060000,0.039281,-0.033221,0.041610,-1.092425,0.186352,-0.027092
5.070000,0.039085,-0.033055,0.041402,-1.092541,0.185947,-0.026957
5.080000,0.038889,-0.032890,0.041194,-1.092657,0.185544,-0.026822
5.090000,0.038695,-0.032726,0.040988,-1.092772,0.185142,-0.026688
5.100000,0.038501,-0.032562,0.040783,-1.092886,0.184740,-0.026555
5.110000,0.038309,-0.032399,0.040579,-1.093000,0.184340,-0.026423
5.120000,0.038117,-0.032238,0.040376,-1.093112,0.183941,-0.026291
5.130000,0.037926,-0.032076,0.040174,-1.093225,0.183542,-0.026159
5.140000,0.037737,-0.031916,0.039973,-1.093336,0.183145,-0.026029
5.150000,0.037548,-0.031757,0.039773,-1.093446,0.182749,-0.025899
5.160000,0.037360,-0.031598,0.039574,-1.093556,0.182353,-0.025769
5.170000,0.037173,-0.031440,0.039376,-1.093665,0.181959,-0.025641
5.180000,0.036987,-0.031283,0.039179,-1.093774,0.181566,-0.025513
5.190000,0.036802,-0.031127,0.038983,-1.093882,0.181173,-0.025385
5.200000,0.036618,-0.030971,0.038788,-1.093989,0.180782,-0.025258
5.210000,0.036435,-0.030816,0.038594,-1.094095,0.180391,-0.025132
5.220000,0.036253,-0.030662,0.038401,-1.094201,0.180002,-0.025007
5.230000,0.036072,-0.030509,0.038209,-1.094306,0.179613,-0.024882
5.240000,0.035891,-0.030357,0.038018,-1.094410,0.179226,-0.024758
5.250000,0.035712,-0.030205,0.037828,-1.094514,0.178839,-0.024634
5.260000,0.035533,-0.030054,0.037639,-1.094617,0.178453,-0.024511
5.270000,0.035356,-0.029904,0.037451,-1.094719,0.178069,-0.024389
5.280000,0.035179,-0.029754,0.037263,-1.094821,0.177685,-0.024267
5.290000,0.035003,-0.029606,0.037077,-1.094922,0.177302,-0.024146
5.300000,0.034828,-0.029458,0.036892,-1.095023,0.176920,-0.024025
5.310000,0.034654,-0.029311,0.036707,-1.095122,0.176539,-0.023905
5.320000,0.034481,-0.029164,0.036524,-1.095222,0.176159,-0.023786
5.330000,0.034308,-0.029019,0.036341,-1.095320,0.175780,-0.023667
5.340000,0.034137,-0.028874,0.036159,-1.095418,0.175402,-0.023549
5.350000,0.033966,-0.028729,0.035979,-1.095515,0.175025,-0.023431
5.360000,0.033796,-0.028586,0.035799,-1.095612,0.174649,-0.023314
5.370000,0.033627,-0.028443,0.035620,-1.095708,0.174273,-0.023198
5.380000,0.033459,-0.028301,0.035442,-1.095803,0.173899,-0.023082
5.390000,0.033292,-0.028160,0.035264,-1.095898,0.173526,-0.022967
5.400000,0.033126,-0.028019,0.035088,-1.095992,0.173153,-0.022852
5.410000,0.032960,-0.027879,0.034913,-1.096085,0.172781,-0.022738
5.420000,0.032795,-0.027740,0.034738,-1.096178,0.172411,-0.022624
5.430000,0.032631,-0.027601,0.034565,-1.096271,0.172041,-0.022511
5.440000,0.032468,-0.027463,0.034392,-1.096363,0.171672,-0.022399
5.450000,0.032306,-0.027326,0.034220,-1.096454,0.171304,-0.022287
5.460000,0.032145,-0.027190,0.034049,-1.096544,0.170936,-0.022176
5.470000,0.031984,-0.027054,0.033879,-1.096634,0.170570,-0.022065
5.480000,0.031824,-0.026919,0.033709,-1.096724,0.170205,-0.021955
5.490000,0.031665,-0.026784,0.033541,-1.096812,0.169840,-0.021846
5.500000,0.031507,-0.026650,0.033373,-1.096901,0.169477,-0.021736
5.510000,0.031349,-0.026517,0.033206,-1.096988,0.169114,-0.021628
5.520000,0.031193,-0.026385,0.033040,-1.097076,0.168752,-0.021520
5.530000,0.031037,-0.026253,0.032875,-1.097162,0.168391,-0.021413
5.540000,0.030882,-0.026122,0.032711,-1.097248,0.168031,-0.021306
5.550000,0.030727,-0.025991,0.032548,-1.097334,0.167672,-0.021199
5.560000,0.030574,-0.025862,0.032385,-1.097419,0.167313,-0.021093
5.570000,0.030421,-0.025733,0.032223,-1.097503,0.166956,-0.020988
5.580000,0.030269,-0.025604,0.032062,-1.097587,0.166599,-0.020883
5.590000,0.030118,-0.025476,0.031902,-1.097670,0.166243,-0.020779
5.600000,0.029967,-0.025349,0.031742,-1.097753,0.165889,-0.020675
5.610000,0.029818,-0.025222,0.031584,-1.097835,0.165534,-0.020572
5.620000,0.029669,-0.025096,0.031426,-1.097917,0.165181,-0.020470
5.630000,0.029520,-0.024971,0.031269,-1.097998,0.164829,-0.020367
5.640000,0.029373,-0.024846,0.031113,-1.098078,0.164477,-0.020266
5.650000,0.029226,-0.024722,0.030957,-1.098159,0.164127,-0.020165
5.660000,0.029080,-0.024599,0.030803,-1.098238,0.163777,-0.020064
5.670000,0.028935,-0.024476,0.030649,-1.098317,0.163428,-0.019964
5.680000,0.028790,-0.024354,0.030495,-1.098396,0.163080,-0.019864
5.690000,0.028646,-0.024232,0.030343,-1.098474,0.162732,-0.019765
5.700000,0.028503,-0.024111,0.030192,-1.098552,0.162386,-0.019666
5.710000,0.028361,-0.023991,0.030041,-1.098629,0.162040,-0.019568
5.720000,0.028219,-0.023871,0.029891,-1.098705,0.161695,-0.019470
5.730000,0.028078,-0.023752,0.029741,-1.098781,0.161351,-0.019373
5.740000,0.027938,-0.023633,0.029593,-1.098857,0.161008,-0.019277
5.750000,0.027799,-0.023515,0.029445,-1.098932,0.160666,-0.019180
5.760000,0.027660,-0.023398,0.029298,-1.099007,0.160324,-0.019085
5.770000,0.027522,-0.023281,0.029151,-1.099081,0.159983,-0.018989
5.780000,0.027384,-0.023165,0.029006,-1.099154,0.159643,-0.018895
5.790000,0.027247,-0.023049,0.028861,-1.099228,0.159304,-0.018800
5.800000,0.027111,-0.022934,0.028717,-1.099300,0.158966,-0.018706
5.810000,0.026976,-0.022819,0.028573,-1.099373,0.158628,-0.018613
5.820000,0.026841,-0.022706,0.028431,-1.099444,0.158292,-0.018520
5.830000,0.026707,-0.022592,0.028289,-1.099516,0.157956,-0.018428
5.840000,0.026574,-0.022479,0.028147,-1.099587,0.157621,-0.018336
5.850000,0.026441,-0.022367,0.028007,-1.099657,0.157286,-0.018244
5.860000,0.026309,-0.022255,0.027867,-1.099727,0.156953,-0.018153
5.870000,0.026177,-0.022144,0.027728,-1.099797,0.156620,-0.018063
5.880000,0.026047,-0.022034,0.027589,-1.099866,0.156288,-0.017972
5.890000,0.025917,-0.021924,0.027451,-1.099934,0.155957,-0.017883
5.900000,0.025787,-0.021814,0.027314,-1.100002,0.155626,-0.017794
5.910000,0.025658,-0.021705,0.027178,-1.100070,0.155297,-0.017705
5.920000,0.025530,-0.021597,0.027042,-1.100138,0.154968,-0.017616
5.930000,0.025403,-0.021489,0.026907,-1.100204,0.154640,-0.017528
5.940000,0.025276,-0.021382,0.026773,-1.100271,0.154312,-0.017441
5.950000,0.025150,-0.021275,0.026639,-1.100337,0.153986,-0.017354
5.960000,0.025024,-0.021169,0.026506,-1.100402,0.153660,-0.017267
5.970000,0.024899,-0.021063,0.026373,-1.100468,0.153335,-0.017181
5.980000,0.024775,-0.020958,0.026242,-1.100532,0.153011,-0.017095
5.990000,0.024651,-0.020854,0.026111,-1.100597,0.152687,-0.017010
6.000000,0.024528,-0.020750,0.025980,-1.100661,0.152365,-0.016925
6.010000,0.024405,-0.020646,0.025851,-1.100724,0.152043,-0.016841
6.020000,0.024284,-0.020543,0.025721,-1.100787,0.151722,-0.016757
6.030000,0.024162,-0.020440,0.025593,-1.100850,0.151401,-0.016673
6.040000,0.024042,-0.020338,0.025465,-1.100912,0.151081,-0.016590
6.050000,0.023922,-0.020237,0.025338,-1.100974,0.150762,-0.016507
6.060000,0.023802,-0.020136,0.025212,-1.101036,0.150444,-0.016425
6.070000,0.023683,-0.020035,0.025086,-1.101097,0.150127,-0.016343
6.080000,0.023565,-0.019935,0.024960,-1.101157,0.149810,-0.016261
6.090000,0.023447,-0.019836,0.024836,-1.101218,0.149494,-0.016180
6.100000,0.023330,-0.019737,0.024712,-1.101278,0.149179,-0.016099
6.110000,0.023214,-0.019638,0.024588,-1.101337,0.148864,-0.016019
6.120000,0.023098,-0.019540,0.024466,-1.101396,0.148550,-0.015939
6.130000,0.022983,-0.019443,0.024343,-1.101455,0.148237,-0.015860
6.140000,0.022868,-0.019346,0.024222,-1.101514,0.147925,-0.015780
6.150000,0.022754,-0.019249,0.024101,-1.101572,0.147613,-0.015702
6.160000,0.022640,-0.019153,0.023981,-1.101629,0.147302,-0.015623
6.170000,0.022527,-0.019057,0.023861,-1.101686,0.146992,-0.015545
6.180000,0.022415,-0.018962,0.023742,-1.101743,0.146683,-0.015468
6.190000,0.022303,-0.018868,0.023623,-1.101800,0.146374,-0.015391
6.200000,0.022191,-0.018773,0.023505,-1.101856,0.146066,-0.015314
6.210000,0.022081,-0.018680,0.023388,-1.101912,0.145759,-0.015237
6.220000,0.021970,-0.018587,0.023271,-1.101967,0.145452,-0.015161
6.230000,0.021861,-0.018494,0.023155,-1.102022,0.145146,-0.015086
6.240000,0.021752,-0.018401,0.023039,-1.102077,0.144841,-0.015010
6.250000,0.021643,-0.018310,0.022924,-1.102132,0.144537,-0.014936
6.260000,0.021535,-0.018218,0.022810,-1.102186,0.144233,-0.014861
6.270000,0.021427,-0.018127,0.022696,-1.102239,0.143930,-0.014787
6.280000,0.021320,-0.018037,0.022583,-1.102293,0.143627,-0.014713
6.290000,0.021214,-0.017947,0.022470,-1.102346,0.143326,-0.014640
6.300000,0.021108,-0.017857,0.022358,-1.102398,0.143025,-0.014567
6.310000,0.021003,-0.017768,0.022246,-1.102451,0.142725,-0.014494
6.320000,0.020898,-0.017680,0.022135,-1.102503,0.142425,-0.014422
6.330000,0.020794,-0.017591,0.022025,-1.102554,0.142126,-0.014350
6.340000,0.020690,-0.017503,0.021915,-1.102606,0.141828,-0.014278
6.350000,0.020586,-0.017416,0.021805,-1.102657,0.141530,-0.014207
6.360000,0.020484,-0.017329,0.021696,-1.102707,0.141233,-0.014136
6.370000,0.020381,-0.017243,0.021588,-1.102758,0.140937,-0.014065
6.380000,0.020280,-0.017157,0.021480,-1.102808,0.140642,-0.013995
6.390000,0.020178,-0.017071,0.021373,-1.102857,0.140347,-0.013925
6.400000,0.020078,-0.016986,0.021266,-1.102907,0.140053,-0.013856
6.410000,0.019978,-0.016901,0.021160,-1.102956,0.139759,-0.013787
6.420000,0.019878,-0.016817,0.021055,-1.103004,0.139467,-0.013718
6.430000,0.019779,-0.016733,0.020950,-1.103053,0.139174,-0.013650
6.440000,0.019680,-0.016649,0.020845,-1.103101,0.138883,-0.013581
6.450000,0.019582,-0.016566,0.020741,-1.103149,0.138592,-0.013514
6.460000,0.019484,-0.016484,0.020637,-1.103196,0.138302,-0.013446
6.470000,0.019387,-0.016401,0.020534,-1.103243,0.138013,-0.013379
6.480000,0.019290,-0.016319,0.020432,-1.103290,0.137724,-0.013312
6.490000,0.019194,-0.016238,0.020330,-1.103337,0.137436,-0.013246
6.500000,0.019098,-0.016157,0.020228,-1.103383,0.137148,-0.013180
6.510000,0.019003,-0.016076,0.020127,-1.103429,0.136861,-0.013114
6.520000,0.018908,-0.015996,0.020027,-1.103475,0.136575,-0.013049
6.530000,0.018813,-0.015916,0.019927,-1.103520,0.136290,-0.012984
6.540000,0.018719,-0.015837,0.019828,-1.103565,0.136005,-0.012919
6.550000,0.018626,-0.015758,0.019729,-1.103610,0.135721,-0.012854
6.560000,0.018533,-0.015679,0.019630,-1.103655,0.135437,-0.012790
6.570000,0.018441,-0.015601,0.019532,-1.103699,0.135154,-0.012726
6.580000,0.018348,-0.015523,0.019435,-1.103743,0.134872,-0.012663
6.590000,0.018257,-0.015446,0.019338,-1.103786,0.134590,-0.012600
6.600000,0.018166,-0.015369,0.019241,-1.103830,0.134309,-0.012537
6.610000,0.018075,-0.015292,0.019145,-1.103873,0.134029,-0.012474
6.620000,0.017985,-0.015216,0.019050,-1.103916,0.133749,-0.012412
6.630000,0.017895,-0.015140,0.018954,-1.103958,0.133470,-0.012350
6.640000,0.017806,-0.015064,0.018860,-1.104001,0.133191,-0.012289
6.650000,0.017717,-0.014989,0.018766,-1.104043,0.132914,-0.012227
6.660000,0.017629,-0.014914,0.018672,-1.104084,0.132636,-0.012166
6.670000,0.017541,-0.014840,0.018579,-1.104126,0.132360,-0.012106
6.680000,0.017453,-0.014766,0.018486,-1.104167,0.132084,-0.012045
6.690000,0.017366,-0.014692,0.018394,-1.104208,0.131808,-0.011985
6.700000,0.017279,-0.014619,0.018302,-1.104248,0.131534,-0.011925
6.710000,0.017193,-0.014546,0.018211,-1.104289,0.131260,-0.011866
6.720000,0.017107,-0.014473,0.018120,-1.104329,0.130986,-0.011807
6.730000,0.017022,-0.014401,0.018029,-1.104369,0.130713,-0.011748
6.740000,0.016937,-0.014329,0.017940,-1.104409,0.130441,-0.011689
6.750000,0.016852,-0.014258,0.017850,-1.104448,0.130169,-0.011631
6.760000,0.016768,-0.014187,0.017761,-1.104487,0.129898,-0.011573
6.770000,0.016685,-0.014116,0.017672,-1.104526,0.129628,-0.011515
6.780000,0.016601,-0.014045,0.017584,-1.104564,0.129358,-0.011458
6.790000,0.016519,-0.013975,0.017496,-1.104603,0.129089,-0.011400
6.800000,0.016436,-0.013906,0.017409,-1.104641,0.128820,-0.011344
6.810000,0.016354,-0.013836,0.017322,-1.104679,0.128552,-0.011287
6.820000,0.016272,-0.013767,0.017236,-1.104716,0.128285,-0.011231
6.830000,0.016191,-0.013698,0.017150,-1.104754,0.128018,-0.011175
6.840000,0.016110,-0.013630,0.017064,-1.104791,0.127752,-0.011119
6.850000,0.016030,-0.013562,0.016979,-1.104828,0.127486,-0.011063
6.860000,0.015950,-0.013494,0.016894,-1.104865,0.127221,-0.011008
6.870000,0.015871,-0.013427,0.016810,-1.104901,0.126957,-0.010953
6.880000,0.015791,-0.013360,0.016726,-1.104937,0.126693,-0.010899
6.890000,0.015713,-0.013293,0.016643,-1.104973,0.126430,-0.010844
6.900000,0.015634,-0.013227,0.016560,-1.105009,0.126167,-0.010790
6.910000,0.015556,-0.013161,0.016477,-1.105044,0.125905,-0.010736
6.920000,0.015478,-0.013095,0.016395,-1.105080,0.125644,-0.010683
6.930000,0.015401,-0.013030,0.016313,-1.105115,0.125383,-0.010629
6.940000,0.015324,-0.012965,0.016231,-1.105150,0.125122,-0.010576
6.950000,0.015248,-0.012900,0.016150,-1.105184,0.124863,-0.010524
6.960000,0.015172,-0.012836,0.016070,-1.105218,0.124604,-0.010471
6.970000,0.015096,-0.012772,0.015990,-1.105253,0.124345,-0.010419
6.980000,0.015021,-0.012708,0.015910,-1.105287,0.124087,-0.010367
6.990000,0.014946,-0.012645,0.015830,-1.105320,0.123830,-0.010315
7.000000,0.014871,-0.012582,0.015751,-1.105354,0.123573,-0.010264
7.010000,0.014797,-0.012519,0.015673,-1.105387,0.123317,-0.010213
7.020000,0.014723,-0.012457,0.015595,-1.105420,0.123061,-0.010162
7.030000,0.014650,-0.012394,0.015517,-1.105453,0.122806,-0.010111
7.040000,0.014577,-0.012333,0.015439,-1.105486,0.122551,-0.010061
7.050000,0.014504,-0.012271,0.015362,-1.105518,0.122297,-0.010010
7.060000,0.014432,-0.012210,0.015286,-1.105550,0.122044,-0.009960
7.070000,0.014360,-0.012149,0.015209,-1.105582,0.121791,-0.009911
7.080000,0.014288,-0.012088,0.015134,-1.105614,0.121539,-0.009861
7.090000,0.014217,-0.012028,0.015058,-1.105646,0.121287,-0.009812
7.100000,0.014146,-0.011968,0.014983,-1.105677,0.121036,-0.009763
7.110000,0.014075,-0.011908,0.014908,-1.105708,0.120785,-0.009714
7.120000,0.014005,-0.011849,0.014834,-1.105739,0.120535,-0.009666
7.130000,0.013935,-0.011790,0.014760,-1.105770,0.120285,-0.009618
7.140000,0.013865,-0.011731,0.014686,-1.105801,0.120036,-0.009570
7.150000,0.013796,-0.011672,0.014613,-1.105831,0.119788,-0.009522
7.160000,0.013727,-0.011614,0.014540,-1.105861,0.119540,-0.009475
7.170000,0.013659,-0.011556,0.014467,-1.105891,0.119293,-0.009427
7.180000,0.013591,-0.011499,0.014395,-1.105921,0.119046,-0.009380
7.190000,0.013523,-0.011441,0.014323,-1.105951,0.118800,-0.009333
7.200000,0.013456,-0.011384,0.014252,-1.105980,0.118554,-0.009287
7.210000,0.013388,-0.011327,0.014181,-1.106009,0.118309,-0.009241
7.220000,0.013322,-0.011271,0.014110,-1.106038,0.118064,-0.009194
7.230000,0.013255,-0.011215,0.014040,-1.106067,0.117820,-0.009149
7.240000,0.013189,-0.011159,0.013970,-1.106096,0.117577,-0.009103
7.250000,0.013123,-0.011103,0.013900,-1.106124,0.117334,-0.009058
7.260000,0.013058,-0.011048,0.013831,-1.106153,0.117091,-0.009012
7.270000,0.012993,-0.010993,0.013762,-1.106181,0.116849,-0.008967
7.280000,0.012928,-0.010938,0.013693,-1.106209,0.116608,-0.008923
7.290000,0.012863,-0.010883,0.013625,-1.106237,0.116367,-0.008878
7.300000,0.012799,-0.010829,0.013557,-1.106264,0.116127,-0.008834
7.310000,0.012735,-0.010775,0.013489,-1.106292,0.115887,-0.008790
7.320000,0.012672,-0.010721,0.013422,-1.106319,0.115648,-0.008746
7.330000,0.012608,-0.010668,0.013355,-1.106346,0.115409,-0.008702
7.340000,0.012546,-0.010614,0.013288,-1.106373,0.115171,-0.008659
7.350000,0.012483,-0.010561,0.013222,-1.106399,0.114933,-0.008616
7.360000,0.012421,-0.010509,0.013156,-1.106426,0.114696,-0.008573
7.370000,0.012359,-0.010456,0.013090,-1.106452,0.114459,-0.008530
7.380000,0.012297,-0.010404,0.013025,-1.106478,0.114223,-0.008487
7.390000,0.012236,-0.010352,0.012960,-1.106504,0.113987,-0.008445
7.400000,0.012175,-0.010301,0.012895,-1.106530,0.113752,-0.008403
7.410000,0.012114,-0.010249,0.012831,-1.106556,0.113518,-0.008361
7.420000,0.012054,-0.010198,0.012767,-1.106582,0.113284,-0.008319
7.430000,0.011993,-0.010147,0.012703,-1.106607,0.113050,-0.008278
7.440000,0.011934,-0.010097,0.012640,-1.106632,0.112817,-0.008237
7.450000,0.011874,-0.010046,0.012577,-1.106657,0.112584,-0.008195
7.460000,0.011815,-0.009996,0.012514,-1.106682,0.112352,-0.008155
7.470000,0.011756,-0.009946,0.012452,-1.106707,0.112121,-0.008114
7.480000,0.011697,-0.009897,0.012389,-1.106731,0.111890,-0.008073
7.490000,0.011639,-0.009847,0.012328,-1.106756,0.111659,-0.008033
7.500000,0.011581,-0.009798,0.012266,-1.106780,0.111429,-0.007993
7.510000,0.011523,-0.009749,0.012205,-1.106804,0.111200,-0.007953
7.520000,0.011465,-0.009701,0.012144,-1.106828,0.110971,-0.007914
7.530000,0.011408,-0.009652,0.012083,-1.106852,0.110742,-0.007874
7.540000,0.011351,-0.009604,0.012023,-1.106875,0.110514,-0.007835
7.550000,0.011295,-0.009556,0.011963,-1.106899,0.110287,-0.007796
7.560000,0.011238,-0.009508,0.011904,-1.106922,0.110060,-0.007757
7.570000,0.011182,-0.009461,0.011844,-1.106945,0.109833,-0.007718
7.580000,0.011127,-0.009414,0.011785,-1.106968,0.109607,-0.007680
7.590000,0.011071,-0.009367,0.011726,-1.106991,0.109382,-0.007641
7.600000,0.011016,-0.009320,0.011668,-1.107014,0.109157,-0.007603
7.610000,0.010961,-0.009274,0.011610,-1.107036,0.108932,-0.007565
7.620000,0.010906,-0.009227,0.011552,-1.107059,0.108708,-0.007528
7.630000,0.010852,-0.009181,0.011494,-1.107081,0.108484,-0.007490
7.640000,0.010798,-0.009136,0.011437,-1.107103,0.108261,-0.007453
7.650000,0.010744,-0.009090,0.011380,-1.107125,0.108039,-0.007416
7.660000,0.010690,-0.009045,0.011323,-1.107147,0.107817,-0.007379
7.670000,0.010637,-0.009000,0.011266,-1.107169,0.107595,-0.007342
7.680000,0.010584,-0.008955,0.011210,-1.107190,0.107374,-0.007305
7.690000,0.010531,-0.008910,0.011154,-1.107212,0.107153,-0.007269
7.700000,0.010478,-0.008866,0.011099,-1.107233,0.106933,-0.007232
7.710000,0.010426,-0.008821,0.011043,-1.107254,0.106713,-0.007196
7.720000,0.010374,-0.008777,0.010988,-1.107275,0.106494,-0.007160
7.730000,0.010322,-0.008734,0.010933,-1.107296,0.106275,-0.007125
7.740000,0.010271,-0.008690,0.010879,-1.107317,0.106057,-0.007089
7.750000,0.010220,-0.008647,0.010824,-1.107338,0.105839,-0.007054
7.760000,0.010169,-0.008603,0.010770,-1.107358,0.105622,-0.007019
7.770000,0.010118,-0.008561,0.010717,-1.107378,0.105405,-0.006984
7.780000,0.010067,-0.008518,0.010663,-1.107399,0.105188,-0.006949
7.790000,0.010017,-0.008475,0.010610,-1.107419,0.104972,-0.006914
7.800000,0.009967,-0.008433,0.010557,-1.107439,0.104757,-0.006880
7.810000,0.009918,-0.008391,0.010505,-1.107458,0.104542,-0.006845
7.820000,0.009868,-0.008349,0.010452,-1.107478,0.104327,-0.006811
7.830000,0.009819,-0.008308,0.010400,-1.107498,0.104113,-0.006777
7.840000,0.009770,-0.008266,0.010348,-1.107517,0.103900,-0.006743
7.850000,0.009721,-0.008225,0.010296,-1.107536,0.103686,-0.006710
7.860000,0.009673,-0.008184,0.010245,-1.107556,0.103474,-0.006676
7.870000,0.009624,-0.008143,0.010194,-1.107575,0.103261,-0.006643
7.880000,0.009576,-0.008102,0.010143,-1.107594,0.103050,-0.006610
7.890000,0.009529,-0.008062,0.010093,-1.107613,0.102838,-0.006577
7.900000,0.009481,-0.008022,0.010042,-1.107631,0.102627,-0.006544
7.910000,0.009434,-0.007982,0.009992,-1.107650,0.102417,-0.006511
7.920000,0.009387,-0.007942,0.009942,-1.107668,0.102207,-0.006479
7.930000,0.009340,-0.007902,0.009893,-1.107687,0.101997,-0.006447
7.940000,0.009293,-0.007863,0.009843,-1.107705,0.101788,-0.006414
7.950000,0.009247,-0.007824,0.009794,-1.107723,0.101580,-0.006382
7.960000,0.009201,-0.007785,0.009745,-1.107741,0.101372,-0.006351
7.970000,0.009155,-0.007746,0.009697,-1.107759,0.101164,-0.006319
7.980000,0.009109,-0.007707,0.009648,-1.107777,0.100957,-0.006287
7.990000,0.009064,-0.007669,0.009600,-1.107794,0.100750,-0.006256
8.000000,0.009019,-0.007630,0.009552,-1.107812,0.100543,-0.006225
8.010000,0.008974,-0.007592,0.009505,-1.107829,0.100338,-0.006194
8.020000,0.008929,-0.007555,0.009457,-1.107847,0.100132,-0.006163
8.030000,0.008884,-0.007517,0.009410,-1.107864,0.099927,-0.006132
8.040000,0.008840,-0.007479,0.009363,-1.107881,0.099722,-0.006102
8.050000,0.008796,-0.007442,0.009316,-1.107898,0.099518,-0.006071
8.060000,0.008752,-0.007405,0.009270,-1.107915,0.099314,-0.006041
8.070000,0.008708,-0.007368,0.009224,-1.107931,0.099111,-0.006011
8.080000,0.008665,-0.007331,0.009178,-1.107948,0.098908,-0.005981
8.090000,0.008622,-0.007295,0.009132,-1.107965,0.098706,-0.005951
8.100000,0.008579,-0.007258,0.009086,-1.107981,0.098504,-0.005921
8.110000,0.008536,-0.007222,0.009041,-1.107997,0.098302,-0.005892
8.120000,0.008493,-0.007186,0.008996,-1.108014,0.098101,-0.005862
8.130000,0.008451,-0.007150,0.008951,-1.108030,0.097900,-0.005833
8.140000,0.008409,-0.007115,0.008906,-1.108046,0.097700,-0.005804
8.150000,0.008367,-0.007079,0.008862,-1.108062,0.097500,-0.005775
8.160000,0.008325,-0.007044,0.008818,-1.108077,0.097301,-0.005746
8.170000,0.008284,-0.007009,0.008774,-1.108093,0.097102,-0.005718
8.180000,0.008242,-0.006974,0.008730,-1.108109,0.096903,-0.005689
8.190000,0.008201,-0.006939,0.008687,-1.108124,0.096705,-0.005661
8.200000,0.008160,-0.006904,0.008643,-1.108140,0.096508,-0.005632
8.210000,0.008120,-0.006870,0.008600,-1.108155,0.096310,-0.005604
8.220000,0.008079,-0.006836,0.008557,-1.108170,0.096113,-0.005576
8.230000,0.008039,-0.006801,0.008514,-1.108185,0.095917,-0.005549
8.240000,0.007999,-0.006768,0.008472,-1.108200,0.095721,-0.005521
8.250000,0.007959,-0.006734,0.008430,-1.108215,0.095525,-0.005493
8.260000,0.007919,-0.006700,0.008388,-1.108230,0.095330,-0.005466
8.270000,0.007880,-0.006667,0.008346,-1.108245,0.095135,-0.005439
8.280000,0.007840,-0.006634,0.008304,-1.108259,0.094941,-0.005412
8.290000,0.007801,-0.006600,0.008263,-1.108274,0.094747,-0.005385
8.300000,0.007762,-0.006568,0.008222,-1.108288,0.094553,-0.005358
8.310000,0.007724,-0.006535,0.008181,-1.108303,0.094360,-0.005331
8.320000,0.007685,-0.006502,0.008140,-1.108317,0.094168,-0.005304
8.330000,0.007647,-0.006470,0.008099,-1.108331,0.093975,-0.005278
8.340000,0.007609,-0.006437,0.008059,-1.108345,0.093783,-0.005252
8.350000,0.007571,-0.006405,0.008019,-1.108359,0.093592,-0.005225
8.360000,0.007533,-0.006373,0.007979,-1.108373,0.093401,-0.005199
8.370000,0.007495,-0.006342,0.007939,-1.108387,0.093210,-0.005173
8.380000,0.007458,-0.006310,0.007899,-1.108401,0.093020,-0.005148
8.390000,0.007421,-0.006279,0.007860,-1.108414,0.092830,-0.005122
8.400000,0.007384,-0.006247,0.007821,-1.108428,0.092641,-0.005096
8.410000,0.007347,-0.006216,0.007782,-1.108441,0.092452,-0.005071
8.420000,0.007310,-0.006185,0.007743,-1.108455,0.092263,-0.005046
8.430000,0.007274,-0.006154,0.007704,-1.108468,0.092075,-0.005021
8.440000,0.007237,-0.006123,0.007666,-1.108481,0.091887,-0.004996
8.450000,0.007201,-0.006093,0.007627,-1.108494,0.091699,-0.004971
8.460000,0.007165,-0.006063,0.007589,-1.108507,0.091512,-0.004946
8.470000,0.007130,-0.006032,0.007552,-1.108520,0.091326,-0.004921
8.480000,0.007094,-0.006002,0.007514,-1.108533,0.091139,-0.004897
8.490000,0.007059,-0.005972,0.007476,-1.108546,0.090954,-0.004872
8.500000,0.007023,-0.005942,0.007439,-1.108558,0.090768,-0.004848
8.510000,0.006988,-0.005913,0.007402,-1.108571,0.090583,-0.004824
8.520000,0.006954,-0.005883,0.007365,-1.108584,0.090398,-0.004800
8.530000,0.006919,-0.005854,0.007328,-1.108596,0.090214,-0.004776
8.540000,0.006884,-0.005825,0.007292,-1.108608,0.090030,-0.004752
8.550000,0.006850,-0.005796,0.007255,-1.108621,0.089847,-0.004728
8.560000,0.006816,-0.005767,0.007219,-1.108633,0.089664,-0.004705
8.570000,0.006782,-0.005738,0.007183,-1.108645,0.089481,-0.004681
8.580000,0.006748,-0.005709,0.007147,-1.108657,0.089298,-0.004658
8.590000,0.006714,-0.005681,0.007112,-1.108669,0.089116,-0.004635
8.600000,0.006681,-0.005653,0.007076,-1.108681,0.088935,-0.004611
8.610000,0.006648,-0.005624,0.007041,-1.108693,0.088754,-0.004588
8.620000,0.006614,-0.005596,0.007006,-1.108704,0.088573,-0.004566
8.630000,0.006581,-0.005568,0.006971,-1.108716,0.088393,-0.004543
8.640000,0.006549,-0.005541,0.006936,-1.108728,0.088212,-0.004520
8.650000,0.006516,-0.005513,0.006902,-1.108739,0.088033,-0.004498
8.660000,0.006483,-0.005486,0.006867,-1.108751,0.087854,-0.004475
8.670000,0.006451,-0.005458,0.006833,-1.108762,0.087675,-0.004453
8.680000,0.006419,-0.005431,0.006799,-1.108773,0.087496,-0.004431
8.690000,0.006387,-0.005404,0.006765,-1.108784,0.087318,-0.004409
8.700000,0.006355,-0.005377,0.006731,-1.108796,0.087140,-0.004387
8.710000,0.006323,-0.005350,0.006698,-1.108807,0.086963,-0.004365
8.720000,0.006292,-0.005323,0.006664,-1.108818,0.086786,-0.004343
8.730000,0.006260,-0.005297,0.006631,-1.108829,0.086609,-0.004321
8.740000,0.006229,-0.005270,0.006598,-1.108839,0.086433,-0.004300
8.750000,0.006198,-0.005244,0.006565,-1.108850,0.086257,-0.004278
8.760000,0.006167,-0.005218,0.006532,-1.108861,0.086081,-0.004257
8.770000,0.006136,-0.005192,0.006500,-1.108872,0.085906,-0.004236
8.780000,0.006106,-0.005166,0.006467,-1.108882,0.085731,-0.004215
8.790000,0.006075,-0.005140,0.006435,-1.108893,0.085557,-0.004193
8.800000,0.006045,-0.005115,0.006403,-1.108903,0.085383,-0.004173
8.810000,0.006015,-0.005089,0.006371,-1.108914,0.085209,-0.004152
8.820000,0.005985,-0.005064,0.006339,-1.108924,0.085036,-0.004131
8.830000,0.005955,-0.005039,0.006307,-1.108934,0.084863,-0.004110
8.840000,0.005925,-0.005013,0.006276,-1.108944,0.084690,-0.004090
8.850000,0.005896,-0.004988,0.006245,-1.108954,0.084518,-0.004070
8.860000,0.005866,-0.004964,0.006214,-1.108964,0.084346,-0.004049
8.870000,0.005837,-0.004939,0.006183,-1.108974,0.084175,-0.004029
8.880000,0.005808,-0.004914,0.006152,-1.108984,0.084004,-0.004009
8.890000,0.005779,-0.004890,0.006121,-1.108994,0.083833,-0.003989
8.900000,0.005750,-0.004865,0.006091,-1.109004,0.083662,-0.003969
8.910000,0.005722,-0.004841,0.006060,-1.109014,0.083492,-0.003949
8.920000,0.005693,-0.004817,0.006030,-1.109023,0.083323,-0.003930
8.930000,0.005665,-0.004793,0.006000,-1.109033,0.083153,-0.003910
8.940000,0.005636,-0.004769,0.005970,-1.109043,0.082984,-0.003890
8.950000,0.005608,-0.004745,0.005940,-1.109052,0.082816,-0.003871
8.960000,0.005580,-0.004721,0.005911,-1.109061,0.082647,-0.003852
8.970000,0.005552,-0.004698,0.005881,-1.109071,0.082479,-0.003833
8.980000,0.005525,-0.004674,0.005852,-1.109080,0.082312,-0.003813
8.990000,0.005497,-0.004651,0.005823,-1.109089,0.082145,-0.003794
9.000000,0.005470,-0.004628,0.005793,-1.109098,0.081978,-0.003775
9.010000,0.005443,-0.004605,0.005765,-1.109108,0.081811,-0.003757
9.020000,0.005415,-0.004582,0.005736,-1.109117,0.081645,-0.003738
9.030000,0.005388,-0.004559,0.005707,-1.109126,0.081479,-0.003719
9.040000,0.005361,-0.004536,0.005679,-1.109135,0.081314,-0.003701
9.050000,0.005335,-0.004514,0.005650,-1.109143,0.081149,-0.003682
9.060000,0.005308,-0.004491,0.005622,-1.109152,0.080984,-0.003664
9.070000,0.005282,-0.004469,0.005594,-1.109161,0.080819,-0.003646
9.080000,0.005255,-0.004446,0.005566,-1.109170,0.080655,-0.003627
9.090000,0.005229,-0.004424,0.005539,-1.109178,0.080491,-0.003609
9.100000,0.005203,-0.004402,0.005511,-1.109187,0.080328,-0.003591
9.110000,0.005177,-0.004380,0.005483,-1.109196,0.080165,-0.003573
9.120000,0.005151,-0.004358,0.005456,-1.109204,0.080002,-0.003556
9.130000,0.005126,-0.004337,0.005429,-1.109213,0.079840,-0.003538
9.140000,0.005100,-0.004315,0.005402,-1.109221,0.079678,-0.003520
9.150000,0.005075,-0.004294,0.005375,-1.109229,0.079516,-0.003503
9.160000,0.005049,-0.004272,0.005348,-1.109238,0.079355,-0.003485
9.170000,0.005024,-0.004251,0.005321,-1.109246,0.079194,-0.003468
9.180000,0.004999,-0.004230,0.005295,-1.109254,0.079033,-0.003451
9.190000,0.004974,-0.004209,0.005268,-1.109262,0.078873,-0.003433
9.200000,0.004949,-0.004188,0.005242,-1.109270,0.078713,-0.003416
9.210000,0.004925,-0.004167,0.005216,-1.109278,0.078553,-0.003399
9.220000,0.004900,-0.004146,0.005190,-1.109286,0.078393,-0.003382
9.230000,0.004876,-0.004125,0.005164,-1.109294,0.078234,-0.003365
9.240000,0.004851,-0.004105,0.005138,-1.109302,0.078076,-0.003349
9.250000,0.004827,-0.004084,0.005113,-1.109310,0.077917,-0.003332
9.260000,0.004803,-0.004064,0.005087,-1.109317,0.077759,-0.003315
9.270000,0.004779,-0.004043,0.005062,-1.109325,0.077602,-0.003299
9.280000,0.004755,-0.004023,0.005037,-1.109333,0.077444,-0.003282
9.290000,0.004731,-0.004003,0.005011,-1.109340,0.077287,-0.003266
9.300000,0.004708,-0.003983,0.004986,-1.109348,0.077131,-0.003250
9.310000,0.004684,-0.003963,0.004962,-1.109355,0.076974,-0.003233
9.320000,0.004661,-0.003944,0.004937,-1.109363,0.076818,-0.003217
9.330000,0.004638,-0.003924,0.004912,-1.109370,0.076662,-0.003201
9.340000,0.004615,-0.003904,0.004888,-1.109378,0.076507,-0.003185
9.350000,0.004592,-0.003885,0.004863,-1.109385,0.076352,-0.003169
9.360000,0.004569,-0.003866,0.004839,-1.109392,0.076197,-0.003154
9.370000,0.004546,-0.003846,0.004815,-1.109399,0.076043,-0.003138
9.380000,0.004523,-0.003827,0.004791,-1.109407,0.075888,-0.003122
9.390000,0.004501,-0.003808,0.004767,-1.109414,0.075735,-0.003107
9.400000,0.004478,-0.003789,0.004743,-1.109421,0.075581,-0.003091
9.410000,0.004456,-0.003770,0.004720,-1.109428,0.075428,-0.003076
9.420000,0.004434,-0.003751,0.004696,-1.109435,0.075275,-0.003060
9.430000,0.004412,-0.003733,0.004673,-1.109442,0.075123,-0.003045
9.440000,0.004390,-0.003714,0.004649,-1.109449,0.074970,-0.003030
9.450000,0.004368,-0.003695,0.004626,-1.109456,0.074819,-0.003015
9.460000,0.004346,-0.003677,0.004603,-1.109462,0.074667,-0.003000
9.470000,0.004324,-0.003659,0.004580,-1.109469,0.074516,-0.002985
9.480000,0.004303,-0.003640,0.004557,-1.109476,0.074365,-0.002970
9.490000,0.004281,-0.003622,0.004535,-1.109483,0.074214,-0.002955
9.500000,0.004260,-0.003604,0.004512,-1.109489,0.074064,-0.002940
9.510000,0.004239,-0.003586,0.004489,-1.109496,0.073914,-0.002926
9.520000,0.004217,-0.003568,0.004467,-1.109502,0.073764,-0.002911
9.530000,0.004196,-0.003551,0.004445,-1.109509,0.073615,-0.002897
9.540000,0.004175,-0.003533,0.004423,-1.109515,0.073466,-0.002882
9.550000,0.004155,-0.003515,0.004401,-1.109522,0.073317,-0.002868
9.560000,0.004134,-0.003498,0.004379,-1.109528,0.073169,-0.002853
9.570000,0.004113,-0.003480,0.004357,-1.109534,0.073020,-0.002839
9.580000,0.004093,-0.003463,0.004335,-1.109541,0.072873,-0.002825
9.590000,0.004072,-0.003446,0.004313,-1.109547,0.072725,-0.002811
9.600000,0.004052,-0.003428,0.004292,-1.109553,0.072578,-0.002797
9.610000,0.004032,-0.003411,0.004270,-1.109559,0.072431,-0.002783
9.620000,0.004012,-0.003394,0.004249,-1.109566,0.072284,-0.002769
9.630000,0.003992,-0.003377,0.004228,-1.109572,0.072138,-0.002755
9.640000,0.003972,-0.003361,0.004207,-1.109578,0.071992,-0.002742
9.650000,0.003952,-0.003344,0.004186,-1.109584,0.071846,-0.002728
9.660000,0.003932,-0.003327,0.004165,-1.109590,0.071701,-0.002714
9.670000,0.003913,-0.003311,0.004144,-1.109596,0.071556,-0.002701
9.680000,0.003893,-0.003294,0.004124,-1.109602,0.071411,-0.002687
9.690000,0.003874,-0.003278,0.004103,-1.109607,0.071267,-0.002674
9.700000,0.003854,-0.003261,0.004083,-1.109613,0.071122,-0.002661
9.710000,0.003835,-0.003245,0.004062,-1.109619,0.070978,-0.002647
9.720000,0.003816,-0.003229,0.004042,-1.109625,0.070835,-0.002634
9.730000,0.003797,-0.003213,0.004022,-1.109631,0.070692,-0.002621
9.740000,0.003778,-0.003197,0.004002,-1.109636,0.070549,-0.002608
9.750000,0.003759,-0.003181,0.003982,-1.109642,0.070406,-0.002595
9.760000,0.003741,-0.003165,0.003962,-1.109648,0.070263,-0.002582
9.770000,0.003722,-0.003149,0.003942,-1.109653,0.070121,-0.002569
9.780000,0.003703,-0.003133,0.003922,-1.109659,0.069980,-0.002556
9.790000,0.003685,-0.003118,0.003903,-1.109664,0.069838,-0.002543
9.800000,0.003666,-0.003102,0.003883,-1.109670,0.069697,-0.002531
9.810000,0.003648,-0.003087,0.003864,-1.109675,0.069556,-0.002518
9.820000,0.003630,-0.003071,0.003845,-1.109680,0.069415,-0.002506
9.830000,0.003612,-0.003056,0.003826,-1.109686,0.069275,-0.002493
9.840000,0.003594,-0.003041,0.003807,-1.109691,0.069135,-0.002481
9.850000,0.003576,-0.003026,0.003788,-1.109696,0.068995,-0.002468
9.860000,0.003558,-0.003010,0.003769,-1.109702,0.068856,-0.002456
9.870000,0.003540,-0.002995,0.003750,-1.109707,0.068716,-0.002444
9.880000,0.003523,-0.002981,0.003731,-1.109712,0.068577,-0.002432
9.890000,0.003505,-0.002966,0.003713,-1.109717,0.068439,-0.002419
9.900000,0.003488,-0.002951,0.003694,-1.109722,0.068300,-0.002407
9.910000,0.003470,-0.002936,0.003676,-1.109727,0.068162,-0.002395
9.920000,0.003453,-0.002922,0.003657,-1.109732,0.068025,-0.002383
9.930000,0.003436,-0.002907,0.003639,-1.109738,0.067887,-0.002372
9.940000,0.003419,-0.002892,0.003621,-1.109742,0.067750,-0.002360
9.950000,0.003402,-0.002878,0.003603,-1.109747,0.067613,-0.002348
9.960000,0.003385,-0.002864,0.003585,-1.109752,0.067476,-0.002336
9.970000,0.003368,-0.002849,0.003567,-1.109757,0.067340,-0.002325
9.980000,0.003351,-0.002835,0.003549,-1.109762,0.067204,-0.002313
9.990000,0.003334,-0.002821,0.003531,-1.109767,0.067068,-0.002301
10.000000,0.003318,-0.002807,0.003514,-1.109772,0.066933,-0.002290
