0.000000,4.464366,-6.279605,-7.284965,-0.833020,5.758432,4.161400
0.010000,4.419945,-6.217122,-7.212479,-0.824731,5.701135,4.119994
0.020000,4.375966,-6.155261,-7.140713,-0.816525,5.644408,4.078999
0.030000,4.332424,-6.094015,-7.069662,-0.808401,5.588245,4.038412
0.040000,4.289316,-6.033379,-6.999318,-0.800357,5.532641,3.998230
0.050000,4.246637,-5.973346,-6.929673,-0.792393,5.477590,3.958447
0.060000,4.204382,-5.913910,-6.860722,-0.784509,5.423087,3.919059
0.070000,4.162547,-5.855065,-6.792457,-0.776703,5.369127,3.880064
0.080000,4.121129,-5.796806,-6.724871,-0.768975,5.315703,3.841457
0.090000,4.080124,-5.739127,-6.657957,-0.761323,5.262811,3.803234
0.100000,4.039526,-5.682022,-6.591709,-0.753748,5.210445,3.765391
0.110000,3.999332,-5.625485,-6.526121,-0.746248,5.158600,3.727925
0.120000,3.959538,-5.569510,-6.461185,-0.738823,5.107271,3.690831
0.130000,3.920140,-5.514093,-6.396895,-0.731471,5.056453,3.654107
0.140000,3.881134,-5.459227,-6.333245,-0.724193,5.006141,3.617748
0.150000,3.842516,-5.404907,-6.270228,-0.716987,4.956329,3.581751
0.160000,3.804282,-5.351127,-6.207838,-0.709853,4.907012,3.546112
0.170000,3.766429,-5.297882,-6.146069,-0.702790,4.858187,3.510827
0.180000,3.728952,-5.245167,-6.084915,-0.695797,4.809847,3.475894
0.190000,3.691848,-5.192977,-6.024369,-0.688874,4.761988,3.441308
0.200000,3.655114,-5.141306,-5.964425,-0.682019,4.714606,3.407067
0.210000,3.618745,-5.090149,-5.905078,-0.675233,4.667695,3.373166
0.220000,3.582738,-5.039501,-5.846322,-0.668514,4.621250,3.339602
0.230000,3.547089,-4.989358,-5.788150,-0.661863,4.575268,3.306372
0.240000,3.511795,-4.939713,-5.730557,-0.655277,4.529743,3.273473
0.250000,3.476852,-4.890562,-5.673537,-0.648757,4.484672,3.240902
0.260000,3.442257,-4.841900,-5.617084,-0.642302,4.440048,3.208654
0.270000,3.408006,-4.793722,-5.561193,-0.635911,4.395869,3.176728
0.280000,3.374095,-4.746024,-5.505858,-0.629583,4.352129,3.145119
0.290000,3.340523,-4.698800,-5.451074,-0.623319,4.308825,3.113824
0.300000,3.307284,-4.652046,-5.396835,-0.617117,4.265952,3.082841
0.310000,3.274376,-4.605758,-5.343136,-0.610976,4.223505,3.052166
0.320000,3.241795,-4.559929,-5.289971,-0.604897,4.181480,3.021797
0.330000,3.209539,-4.514557,-5.237335,-0.598878,4.139874,2.991730
0.340000,3.177603,-4.469637,-5.185222,-0.592919,4.098681,2.961961
0.350000,3.145986,-4.425163,-5.133628,-0.587019,4.057899,2.932489
0.360000,3.114683,-4.381132,-5.082548,-0.581178,4.017522,2.903311
0.370000,3.083691,-4.337539,-5.031976,-0.575396,3.977547,2.874422
0.380000,3.053008,-4.294380,-4.981907,-0.569670,3.937970,2.845821
0.390000,3.022630,-4.251650,-4.932336,-0.564002,3.898786,2.817505
0.400000,2.992554,-4.209345,-4.883258,-0.558390,3.859993,2.789470
0.410000,2.962778,-4.167462,-4.834669,-0.552834,3.821585,2.761714
0.420000,2.933298,-4.125995,-4.786563,-0.547333,3.783560,2.734235
0.430000,2.904111,-4.084940,-4.738936,-0.541887,3.745913,2.707029
0.440000,2.875214,-4.044295,-4.691783,-0.536495,3.708640,2.680093
0.450000,2.846606,-4.004053,-4.645099,-0.531157,3.671739,2.653426
0.460000,2.818281,-3.964212,-4.598880,-0.525872,3.635204,2.627024
0.470000,2.790239,-3.924768,-4.553120,-0.520640,3.599033,2.600885
0.480000,2.762476,-3.885716,-4.507816,-0.515459,3.563222,2.575005
0.490000,2.734989,-3.847052,-4.462962,-0.510330,3.527768,2.549384
0.500000,2.707775,-3.808773,-4.418555,-0.505252,3.492666,2.524017
0.510000,2.680832,-3.770875,-4.374590,-0.500225,3.457913,2.498903
0.520000,2.654157,-3.733355,-4.331062,-0.495248,3.423506,2.474038
0.530000,2.627748,-3.696207,-4.287967,-0.490320,3.389442,2.449421
0.540000,2.601602,-3.659429,-4.245301,-0.485441,3.355716,2.425049
0.550000,2.575715,-3.623017,-4.203059,-0.480611,3.322326,2.400919
0.560000,2.550086,-3.586968,-4.161238,-0.475829,3.289269,2.377030
0.570000,2.524713,-3.551277,-4.119833,-0.471094,3.256540,2.353378
0.580000,2.499591,-3.515941,-4.078840,-0.466407,3.224137,2.329961
0.590000,2.474720,-3.480957,-4.038255,-0.461766,3.192056,2.306778
0.600000,2.450096,-3.446321,-3.998074,-0.457171,3.160295,2.283825
0.610000,2.425717,-3.412029,-3.958292,-0.452622,3.128849,2.261101
0.620000,2.401581,-3.378079,-3.918907,-0.448119,3.097717,2.238602
0.630000,2.377685,-3.344466,-3.879913,-0.443660,3.066894,2.216328
0.640000,2.354026,-3.311188,-3.841307,-0.439245,3.036378,2.194275
0.650000,2.330604,-3.278242,-3.803085,-0.434875,3.006165,2.172442
0.660000,2.307414,-3.245623,-3.765244,-0.430548,2.976253,2.150825
0.670000,2.284455,-3.213328,-3.727779,-0.426264,2.946639,2.129424
0.680000,2.261724,-3.181355,-3.690687,-0.422022,2.917320,2.108236
0.690000,2.239219,-3.149700,-3.653964,-0.417823,2.888292,2.087259
0.700000,2.216939,-3.118360,-3.617607,-0.413666,2.859553,2.066490
0.710000,2.194880,-3.087332,-3.581611,-0.409550,2.831100,2.045928
0.720000,2.173040,-3.056612,-3.545973,-0.405474,2.802930,2.025571
0.730000,2.151418,-3.026198,-3.510690,-0.401440,2.775040,2.005416
0.740000,2.130011,-2.996087,-3.475758,-0.397446,2.747428,1.985462
0.750000,2.108817,-2.966276,-3.441174,-0.393491,2.720091,1.965706
0.760000,2.087834,-2.936761,-3.406934,-0.389576,2.693026,1.946147
0.770000,2.067060,-2.907539,-3.373034,-0.385699,2.666229,1.926783
0.780000,2.046492,-2.878609,-3.339472,-0.381861,2.639700,1.907611
0.790000,2.026129,-2.849966,-3.306244,-0.378062,2.613435,1.888630
0.800000,2.005969,-2.821609,-3.273346,-0.374300,2.587431,1.869838
0.810000,1.986009,-2.793533,-3.240776,-0.370576,2.561685,1.851233
0.820000,1.966248,-2.765737,-3.208530,-0.366888,2.536196,1.832813
0.830000,1.946684,-2.738218,-3.176604,-0.363238,2.510960,1.814576
0.840000,1.927314,-2.710972,-3.144996,-0.359624,2.485976,1.796520
0.850000,1.908137,-2.683997,-3.113703,-0.356045,2.461240,1.778645
0.860000,1.889151,-2.657291,-3.082721,-0.352503,2.436750,1.760947
0.870000,1.870353,-2.630851,-3.052048,-0.348995,2.412504,1.743425
0.880000,1.851743,-2.604673,-3.021679,-0.345523,2.388499,1.726078
0.890000,1.833318,-2.578756,-2.991613,-0.342085,2.364733,1.708903
0.900000,1.815076,-2.553097,-2.961846,-0.338681,2.341204,1.691899
0.910000,1.797016,-2.527693,-2.932375,-0.335311,2.317909,1.675065
0.920000,1.779135,-2.502542,-2.903197,-0.331974,2.294845,1.658397
0.930000,1.761432,-2.477642,-2.874310,-0.328671,2.272011,1.641896
0.940000,1.743906,-2.452989,-2.845710,-0.325401,2.249404,1.625559
0.950000,1.726554,-2.428581,-2.817395,-0.322163,2.227022,1.609384
0.960000,1.709374,-2.404416,-2.789361,-0.318958,2.204863,1.593371
0.970000,1.692366,-2.380492,-2.761607,-0.315784,2.182924,1.577516
0.980000,1.675526,-2.356806,-2.734128,-0.312642,2.161204,1.561820
0.990000,1.658854,-2.333355,-2.706923,-0.309531,2.139699,1.546279
1.000000,1.642349,-2.310138,-2.679989,-0.306451,2.118409,1.530894
1.010000,1.626007,-2.287152,-2.653323,-0.303402,2.097330,1.515661
1.020000,1.609828,-2.264394,-2.626922,-0.300383,2.076462,1.500580
1.030000,1.593810,-2.241863,-2.600783,-0.297394,2.055800,1.485649
1.040000,1.577951,-2.219556,-2.574905,-0.294435,2.035345,1.470867
1.050000,1.562250,-2.197471,-2.549284,-0.291505,2.015093,1.456231
1.060000,1.546706,-2.175606,-2.523919,-0.288605,1.995042,1.441741
1.070000,1.531316,-2.153958,-2.498805,-0.285733,1.975191,1.427396
1.080000,1.516079,-2.132526,-2.473942,-0.282890,1.955538,1.413193
1.090000,1.500994,-2.111307,-2.449326,-0.280075,1.936080,1.399131
1.100000,1.486058,-2.090299,-2.424954,-0.277288,1.916816,1.385210
1.110000,1.471272,-2.069500,-2.400826,-0.274529,1.897743,1.371427
1.120000,1.456633,-2.048908,-2.376937,-0.271798,1.878860,1.357781
1.130000,1.442139,-2.028521,-2.353286,-0.269093,1.860165,1.344271
1.140000,1.427789,-2.008337,-2.329871,-0.266416,1.841656,1.330895
1.150000,1.413583,-1.988354,-2.306688,-0.263765,1.823331,1.317652
1.160000,1.399517,-1.968570,-2.283736,-0.261140,1.805189,1.304542
1.170000,1.385592,-1.948982,-2.261012,-0.258542,1.787227,1.291561
1.180000,1.371805,-1.929589,-2.238515,-0.255969,1.769444,1.278710
1.190000,1.358155,-1.910390,-2.216241,-0.253422,1.751838,1.265987
1.200000,1.344641,-1.891381,-2.194189,-0.250901,1.734407,1.253390
1.210000,1.331262,-1.872561,-2.172357,-0.248404,1.717149,1.240918
1.220000,1.318016,-1.853929,-2.150742,-0.245933,1.700063,1.228571
1.230000,1.304901,-1.835482,-2.129341,-0.243486,1.683147,1.216346
1.240000,1.291917,-1.817219,-2.108154,-0.241063,1.666399,1.204244
1.250000,1.279062,-1.799137,-2.087178,-0.238664,1.649819,1.192261
1.260000,1.266335,-1.781235,-2.066410,-0.236290,1.633403,1.180398
1.270000,1.253735,-1.763512,-2.045849,-0.233938,1.617150,1.168653
1.280000,1.241260,-1.745965,-2.025492,-0.231611,1.601059,1.157025
1.290000,1.228910,-1.728592,-2.005338,-0.229306,1.585128,1.145512
1.300000,1.216682,-1.711392,-1.985385,-0.227024,1.569356,1.134114
1.310000,1.204576,-1.694364,-1.965630,-0.224766,1.553741,1.122829
1.320000,1.192590,-1.677504,-1.946071,-0.222529,1.538281,1.111657
1.330000,1.180723,-1.660813,-1.926708,-0.220315,1.522974,1.100596
1.340000,1.168975,-1.644288,-1.907537,-0.218123,1.507821,1.089645
1.350000,1.157343,-1.627927,-1.888556,-0.215952,1.492818,1.078803
1.360000,1.145828,-1.611728,-1.869765,-0.213804,1.477964,1.068068
1.370000,1.134427,-1.595691,-1.851160,-0.211676,1.463258,1.057441
1.380000,1.123139,-1.579814,-1.832741,-0.209570,1.448698,1.046919
1.390000,1.111963,-1.564095,-1.814505,-0.207485,1.434283,1.036502
1.400000,1.100899,-1.548532,-1.796450,-0.205420,1.420012,1.026189
1.410000,1.089945,-1.533124,-1.778575,-0.203376,1.405883,1.015978
1.420000,1.079100,-1.517869,-1.760878,-0.201353,1.391894,1.005869
1.430000,1.068363,-1.502766,-1.743357,-0.199349,1.378044,0.995860
1.440000,1.057732,-1.487813,-1.726011,-0.197366,1.364332,0.985951
1.450000,1.047208,-1.473009,-1.708836,-0.195402,1.350757,0.976141
1.460000,1.036788,-1.458352,-1.691833,-0.193458,1.337317,0.966428
1.470000,1.026472,-1.443841,-1.674999,-0.191533,1.324010,0.956812
1.480000,1.016258,-1.429475,-1.658333,-0.189627,1.310836,0.947292
1.490000,1.006146,-1.415251,-1.641832,-0.187740,1.297793,0.937866
1.500000,0.996135,-1.401169,-1.625496,-0.185872,1.284880,0.928534
1.510000,0.986223,-1.387228,-1.609322,-0.184022,1.272095,0.919295
1.520000,0.976410,-1.373424,-1.593309,-0.182191,1.259438,0.910148
1.530000,0.966695,-1.359759,-1.577455,-0.180379,1.246906,0.901092
1.540000,0.957076,-1.346229,-1.561759,-0.178584,1.234499,0.892126
1.550000,0.947553,-1.332834,-1.546219,-0.176807,1.222216,0.883249
1.560000,0.938124,-1.319572,-1.530834,-0.175048,1.210054,0.874460
1.570000,0.928790,-1.306442,-1.515602,-0.173306,1.198014,0.865759
1.580000,0.919548,-1.293442,-1.500521,-0.171581,1.186094,0.857145
1.590000,0.910399,-1.280572,-1.485591,-0.169874,1.174292,0.848616
1.600000,0.901340,-1.267830,-1.470809,-0.168184,1.162607,0.840172
1.610000,0.892372,-1.255215,-1.456174,-0.166510,1.151039,0.831812
1.620000,0.883492,-1.242726,-1.441685,-0.164854,1.139586,0.823536
1.630000,0.874701,-1.230360,-1.427340,-0.163213,1.128247,0.815341
1.640000,0.865998,-1.218118,-1.413138,-0.161589,1.117021,0.807229
1.650000,0.857381,-1.205998,-1.399077,-0.159981,1.105906,0.799197
1.660000,0.848850,-1.193998,-1.385156,-0.158390,1.094902,0.791244
1.670000,0.840404,-1.182117,-1.371373,-0.156814,1.084008,0.783371
1.680000,0.832042,-1.170355,-1.357728,-0.155253,1.073222,0.775577
1.690000,0.823763,-1.158710,-1.344218,-0.153708,1.062543,0.767860
1.700000,0.815566,-1.147180,-1.330843,-0.152179,1.051971,0.760219
1.710000,0.807451,-1.135766,-1.317601,-0.150665,1.041503,0.752655
1.720000,0.799417,-1.124465,-1.304491,-0.149166,1.031140,0.745166
1.730000,0.791463,-1.113276,-1.291511,-0.147681,1.020880,0.737751
1.740000,0.783587,-1.102199,-1.278660,-0.146212,1.010722,0.730411
1.750000,0.775791,-1.091232,-1.265937,-0.144757,1.000665,0.723143
1.760000,0.768071,-1.080374,-1.253341,-0.143317,0.990709,0.715948
1.770000,0.760429,-1.069624,-1.240870,-0.141891,0.980851,0.708824
1.780000,0.752862,-1.058981,-1.228523,-0.140479,0.971091,0.701771
1.790000,0.745371,-1.048444,-1.216299,-0.139081,0.961429,0.694788
1.800000,0.737955,-1.038012,-1.204197,-0.137697,0.951862,0.687875
1.810000,0.730612,-1.027683,-1.192215,-0.136327,0.942391,0.681030
1.820000,0.723342,-1.017458,-1.180352,-0.134971,0.933014,0.674254
1.830000,0.716145,-1.007334,-1.168607,-0.133628,0.923731,0.667545
1.840000,0.709019,-0.997311,-1.156979,-0.132298,0.914539,0.660903
1.850000,0.701964,-0.987387,-1.145467,-0.130982,0.905440,0.654327
1.860000,0.694980,-0.977563,-1.134070,-0.129678,0.896430,0.647816
1.870000,0.688064,-0.967836,-1.122786,-0.128388,0.887511,0.641370
1.880000,0.681218,-0.958206,-1.111614,-0.127111,0.878680,0.634989
1.890000,0.674440,-0.948671,-1.100553,-0.125846,0.869937,0.628670
1.900000,0.667729,-0.939232,-1.089602,-0.124594,0.861281,0.622415
1.910000,0.661085,-0.929886,-1.078760,-0.123354,0.852711,0.616222
1.920000,0.654507,-0.920634,-1.068027,-0.122127,0.844226,0.610090
1.930000,0.647995,-0.911473,-1.057400,-0.120911,0.835826,0.604020
1.940000,0.641547,-0.902404,-1.046878,-0.119708,0.827509,0.598010
1.950000,0.635164,-0.893425,-1.036462,-0.118517,0.819276,0.592059
1.960000,0.628844,-0.884535,-1.026149,-0.117338,0.811124,0.586168
1.970000,0.622586,-0.875734,-1.015938,-0.116170,0.803053,0.580336
1.980000,0.616392,-0.867020,-1.005830,-0.115014,0.795062,0.574561
1.990000,0.610258,-0.858393,-0.995821,-0.113870,0.787151,0.568844
2.000000,0.604186,-0.849852,-0.985913,-0.112737,0.779319,0.563184
2.010000,0.598174,-0.841396,-0.976103,-0.111615,0.771565,0.557581
2.020000,0.592223,-0.833024,-0.966390,-0.110505,0.763887,0.552032
2.030000,0.586330,-0.824735,-0.956775,-0.109405,0.756287,0.546540
2.040000,0.580496,-0.816529,-0.947255,-0.108317,0.748762,0.541102
2.050000,0.574720,-0.808404,-0.937829,-0.107239,0.741311,0.535717
2.060000,0.569001,-0.800361,-0.928498,-0.106172,0.733935,0.530387
2.070000,0.563340,-0.792397,-0.919259,-0.105115,0.726632,0.525110
2.080000,0.557734,-0.784512,-0.910112,-0.104069,0.719402,0.519885
2.090000,0.552185,-0.776706,-0.901056,-0.103034,0.712244,0.514712
2.100000,0.546690,-0.768978,-0.892091,-0.102009,0.705157,0.509590
2.110000,0.541251,-0.761327,-0.883214,-0.100994,0.698141,0.504520
2.120000,0.535865,-0.753751,-0.874426,-0.099989,0.691194,0.499500
2.130000,0.530533,-0.746251,-0.865726,-0.098994,0.684316,0.494530
2.140000,0.525254,-0.738826,-0.857111,-0.098009,0.677507,0.489609
2.150000,0.520028,-0.731475,-0.848583,-0.097034,0.670766,0.484737
2.160000,0.514854,-0.724196,-0.840139,-0.096068,0.664092,0.479914
2.170000,0.509731,-0.716990,-0.831780,-0.095112,0.657484,0.475139
2.180000,0.504659,-0.709856,-0.823504,-0.094166,0.650942,0.470411
2.190000,0.499637,-0.702793,-0.815310,-0.093229,0.644465,0.465730
2.200000,0.494666,-0.695800,-0.807197,-0.092301,0.638052,0.461096
2.210000,0.489744,-0.688877,-0.799165,-0.091383,0.631704,0.456508
2.220000,0.484871,-0.682022,-0.791214,-0.090474,0.625418,0.451966
2.230000,0.480046,-0.675236,-0.783341,-0.089573,0.619195,0.447469
2.240000,0.475270,-0.668517,-0.775546,-0.088682,0.613034,0.443016
2.250000,0.470541,-0.661866,-0.767830,-0.087800,0.606934,0.438608
2.260000,0.465859,-0.655280,-0.760190,-0.086926,0.600895,0.434244
2.270000,0.461223,-0.648760,-0.752626,-0.086061,0.594916,0.429923
2.280000,0.456634,-0.642304,-0.745137,-0.085205,0.588997,0.425646
2.290000,0.452091,-0.635913,-0.737723,-0.084357,0.583136,0.421410
2.300000,0.447592,-0.629586,-0.730382,-0.083518,0.577334,0.417217
2.310000,0.443139,-0.623321,-0.723115,-0.082687,0.571589,0.413066
2.320000,0.438729,-0.617119,-0.715920,-0.081864,0.565902,0.408956
2.330000,0.434364,-0.610979,-0.708796,-0.081049,0.560271,0.404887
2.340000,0.430042,-0.604900,-0.701743,-0.080243,0.554696,0.400858
2.350000,0.425763,-0.598881,-0.694761,-0.079444,0.549177,0.396869
2.360000,0.421526,-0.592922,-0.687848,-0.078654,0.543712,0.392920
2.370000,0.417332,-0.587022,-0.681004,-0.077871,0.538302,0.389011
2.380000,0.413180,-0.581181,-0.674228,-0.077096,0.532946,0.385140
2.390000,0.409068,-0.575398,-0.667519,-0.076329,0.527643,0.381308
2.400000,0.404998,-0.569673,-0.660877,-0.075570,0.522393,0.377514
2.410000,0.400968,-0.564005,-0.654301,-0.074818,0.517195,0.373757
2.420000,0.396979,-0.558393,-0.647791,-0.074073,0.512049,0.370038
2.430000,0.393029,-0.552837,-0.641345,-0.073336,0.506954,0.366356
2.440000,0.389118,-0.547336,-0.634964,-0.072607,0.501910,0.362711
2.450000,0.385246,-0.541890,-0.628646,-0.071884,0.496916,0.359102
2.460000,0.381413,-0.536498,-0.622391,-0.071169,0.491971,0.355529
2.470000,0.377618,-0.531160,-0.616198,-0.070461,0.487076,0.351991
2.480000,0.373860,-0.525874,-0.610066,-0.069760,0.482230,0.348489
2.490000,0.370140,-0.520642,-0.603996,-0.069066,0.477431,0.345022
2.500000,0.366457,-0.515461,-0.597986,-0.068378,0.472681,0.341589
2.510000,0.362811,-0.510332,-0.592036,-0.067698,0.467978,0.338190
2.520000,0.359201,-0.505255,-0.586145,-0.067024,0.463321,0.334825
2.530000,0.355627,-0.500227,-0.580313,-0.066358,0.458711,0.331493
2.540000,0.352088,-0.495250,-0.574539,-0.065697,0.454147,0.328195
2.550000,0.348585,-0.490322,-0.568822,-0.065044,0.449628,0.324929
2.560000,0.345117,-0.485443,-0.563162,-0.064396,0.445154,0.321696
2.570000,0.341683,-0.480613,-0.557559,-0.063756,0.440725,0.318495
2.580000,0.338283,-0.475831,-0.552011,-0.063121,0.436339,0.315326
2.590000,0.334917,-0.471096,-0.546518,-0.062493,0.431998,0.312188
2.600000,0.331584,-0.466409,-0.541080,-0.061871,0.427699,0.309082
2.610000,0.328285,-0.461768,-0.535697,-0.061256,0.423444,0.306007
2.620000,0.325019,-0.457173,-0.530366,-0.060646,0.419230,0.302962
2.630000,0.321785,-0.452624,-0.525089,-0.060043,0.415059,0.299947
2.640000,0.318583,-0.448121,-0.519864,-0.059445,0.410929,0.296963
2.650000,0.315413,-0.443662,-0.514692,-0.058854,0.406840,0.294008
2.660000,0.312274,-0.439247,-0.509570,-0.058268,0.402792,0.291083
2.670000,0.309167,-0.434877,-0.504500,-0.057688,0.398784,0.288186
2.680000,0.306091,-0.430550,-0.499480,-0.057114,0.394816,0.285319
2.690000,0.303045,-0.426265,-0.494510,-0.056546,0.390888,0.282480
2.700000,0.300030,-0.422024,-0.489590,-0.055984,0.386998,0.279669
2.710000,0.297045,-0.417825,-0.484718,-0.055426,0.383148,0.276886
2.720000,0.294089,-0.413667,-0.479895,-0.054875,0.379335,0.274131
2.730000,0.291163,-0.409551,-0.475120,-0.054329,0.375561,0.271404
2.740000,0.288266,-0.405476,-0.470393,-0.053788,0.371824,0.268703
2.750000,0.285397,-0.401442,-0.465712,-0.053253,0.368124,0.266029
2.760000,0.282558,-0.397447,-0.461078,-0.052723,0.364461,0.263382
2.770000,0.279746,-0.393493,-0.456490,-0.052199,0.360835,0.260762
2.780000,0.276963,-0.389577,-0.451948,-0.051679,0.357245,0.258167
2.790000,0.274207,-0.385701,-0.447451,-0.051165,0.353690,0.255598
2.800000,0.271478,-0.381863,-0.442999,-0.050656,0.350171,0.253055
2.810000,0.268777,-0.378064,-0.438591,-0.050152,0.346686,0.250537
2.820000,0.266103,-0.374302,-0.434227,-0.049653,0.343237,0.248044
2.830000,0.263455,-0.370577,-0.429907,-0.049159,0.339821,0.245576
2.840000,0.260834,-0.366890,-0.425629,-0.048670,0.336440,0.243133
2.850000,0.258238,-0.363239,-0.421394,-0.048185,0.333093,0.240713
2.860000,0.255669,-0.359625,-0.417201,-0.047706,0.329778,0.238318
2.870000,0.253125,-0.356047,-0.413050,-0.047231,0.326497,0.235947
2.880000,0.250606,-0.352504,-0.408940,-0.046761,0.323248,0.233599
2.890000,0.248113,-0.348997,-0.404871,-0.046296,0.320032,0.231275
2.900000,0.245644,-0.345524,-0.400842,-0.045835,0.316847,0.228974
2.910000,0.243200,-0.342086,-0.396854,-0.045379,0.313695,0.226695
2.920000,0.240780,-0.338682,-0.392905,-0.044928,0.310573,0.224440
2.930000,0.238384,-0.335312,-0.388996,-0.044481,0.307483,0.222206
2.940000,0.236012,-0.331976,-0.385125,-0.044038,0.304424,0.219995
2.950000,0.233664,-0.328673,-0.381293,-0.043600,0.301395,0.217806
2.960000,0.231339,-0.325402,-0.377499,-0.043166,0.298396,0.215639
2.970000,0.229037,-0.322165,-0.373743,-0.042737,0.295427,0.213494
2.980000,0.226758,-0.318959,-0.370024,-0.042311,0.292487,0.211369
2.990000,0.224502,-0.315785,-0.366342,-0.041890,0.289577,0.209266
3.000000,0.222268,-0.312643,-0.362697,-0.041474,0.286695,0.207184
3.010000,0.220056,-0.309532,-0.359088,-0.041061,0.283843,0.205122
3.020000,0.217866,-0.306452,-0.355515,-0.040652,0.281018,0.203081
3.030000,0.215699,-0.303403,-0.351978,-0.040248,0.278222,0.201061
3.040000,0.213552,-0.300384,-0.348475,-0.039847,0.275454,0.199060
3.050000,0.211428,-0.297395,-0.345008,-0.039451,0.272713,0.197079
3.060000,0.209324,-0.294436,-0.341575,-0.039058,0.270000,0.195118
3.070000,0.207241,-0.291506,-0.338176,-0.038670,0.267313,0.193177
3.080000,0.205179,-0.288606,-0.334812,-0.038285,0.264653,0.191255
3.090000,0.203137,-0.285734,-0.331480,-0.037904,0.262020,0.189352
3.100000,0.201116,-0.282891,-0.328182,-0.037527,0.259413,0.187468
3.110000,0.199115,-0.280076,-0.324916,-0.037153,0.256832,0.185602
3.120000,0.197134,-0.277290,-0.321683,-0.036784,0.254276,0.183756
3.130000,0.195172,-0.274530,-0.318483,-0.036418,0.251746,0.181927
3.140000,0.193230,-0.271799,-0.315314,-0.036055,0.249241,0.180117
3.150000,0.191308,-0.269094,-0.312176,-0.035697,0.246761,0.178325
3.160000,0.189404,-0.266417,-0.309070,-0.035341,0.244306,0.176550
3.170000,0.187519,-0.263766,-0.305995,-0.034990,0.241875,0.174794
3.180000,0.185654,-0.261141,-0.302950,-0.034642,0.239468,0.173055
3.190000,0.183806,-0.258543,-0.299936,-0.034297,0.237085,0.171333
3.200000,0.181977,-0.255971,-0.296951,-0.033956,0.234726,0.169628
3.210000,0.180167,-0.253424,-0.293996,-0.033618,0.232391,0.167940
3.220000,0.178374,-0.250902,-0.291071,-0.033283,0.230078,0.166269
3.230000,0.176599,-0.248405,-0.288175,-0.032952,0.227789,0.164615
3.240000,0.174842,-0.245934,-0.285308,-0.032624,0.225523,0.162977
3.250000,0.173102,-0.243487,-0.282469,-0.032300,0.223279,0.161355
3.260000,0.171380,-0.241064,-0.279658,-0.031978,0.221057,0.159749
3.270000,0.169675,-0.238665,-0.276875,-0.031660,0.218857,0.158160
3.280000,0.167986,-0.236291,-0.274121,-0.031345,0.216680,0.156586
3.290000,0.166315,-0.233939,-0.271393,-0.031033,0.214524,0.155028
3.300000,0.164660,-0.231612,-0.268693,-0.030724,0.212389,0.153486
3.310000,0.163022,-0.229307,-0.266019,-0.030419,0.210276,0.151958
3.320000,0.161399,-0.227025,-0.263372,-0.030116,0.208184,0.150446
3.330000,0.159794,-0.224767,-0.260751,-0.029816,0.206112,0.148949
3.340000,0.158204,-0.222530,-0.258157,-0.029520,0.204061,0.147467
3.350000,0.156629,-0.220316,-0.255588,-0.029226,0.202031,0.146000
3.360000,0.155071,-0.218124,-0.253045,-0.028935,0.200021,0.144547
3.370000,0.153528,-0.215953,-0.250527,-0.028647,0.198030,0.143109
3.380000,0.152000,-0.213805,-0.248034,-0.028362,0.196060,0.141685
3.390000,0.150488,-0.211677,-0.245567,-0.028080,0.194109,0.140275
3.400000,0.148990,-0.209571,-0.243123,-0.027801,0.192178,0.138880
3.410000,0.147508,-0.207486,-0.240704,-0.027524,0.190265,0.137498
3.420000,0.146040,-0.205421,-0.238309,-0.027250,0.188372,0.136130
3.430000,0.144587,-0.203377,-0.235938,-0.026979,0.186498,0.134775
3.440000,0.143148,-0.201354,-0.233590,-0.026711,0.184642,0.133434
3.450000,0.141724,-0.199350,-0.231266,-0.026445,0.182805,0.132106
3.460000,0.140314,-0.197366,-0.228965,-0.026182,0.180986,0.130792
3.470000,0.138918,-0.195403,-0.226686,-0.025921,0.179185,0.129490
3.480000,0.137536,-0.193458,-0.224431,-0.025663,0.177402,0.128202
3.490000,0.136167,-0.191533,-0.222198,-0.025408,0.175637,0.126926
3.500000,0.134812,-0.189628,-0.219987,-0.025155,0.173890,0.125663
3.510000,0.133471,-0.187741,-0.217798,-0.024905,0.172159,0.124413
3.520000,0.132143,-0.185873,-0.215631,-0.024657,0.170446,0.123175
3.530000,0.130828,-0.184023,-0.213485,-0.024412,0.168750,0.121949
3.540000,0.129526,-0.182192,-0.211361,-0.024169,0.167071,0.120736
3.550000,0.128237,-0.180379,-0.209258,-0.023928,0.165409,0.119535
3.560000,0.126961,-0.178585,-0.207176,-0.023690,0.163763,0.118345
3.570000,0.125698,-0.176808,-0.205114,-0.023454,0.162134,0.117168
3.580000,0.124447,-0.175048,-0.203073,-0.023221,0.160520,0.116002
3.590000,0.123209,-0.173307,-0.201053,-0.022990,0.158923,0.114848
3.600000,0.121983,-0.171582,-0.199052,-0.022761,0.157342,0.113705
3.610000,0.120769,-0.169875,-0.197072,-0.022535,0.155776,0.112574
3.620000,0.119568,-0.168185,-0.195111,-0.022311,0.154226,0.111453
3.630000,0.118378,-0.166511,-0.193169,-0.022089,0.152692,0.110344
3.640000,0.117200,-0.164854,-0.191247,-0.021869,0.151172,0.109246
3.650000,0.116034,-0.163214,-0.189344,-0.021651,0.149668,0.108159
3.660000,0.114879,-0.161590,-0.187460,-0.021436,0.148179,0.107083
3.670000,0.113736,-0.159982,-0.185595,-0.021222,0.146704,0.106018
3.680000,0.112605,-0.158390,-0.183748,-0.021011,0.145245,0.104963
3.690000,0.111484,-0.156814,-0.181920,-0.020802,0.143800,0.103918
3.700000,0.110375,-0.155254,-0.180110,-0.020595,0.142369,0.102884
3.710000,0.109277,-0.153709,-0.178318,-0.020390,0.140952,0.101861
3.720000,0.108189,-0.152180,-0.176544,-0.020187,0.139550,0.100847
3.730000,0.107113,-0.150666,-0.174787,-0.019987,0.138161,0.099844
3.740000,0.106047,-0.149166,-0.173048,-0.019788,0.136786,0.098850
3.750000,0.104992,-0.147682,-0.171326,-0.019591,0.135425,0.097867
3.760000,0.103947,-0.146213,-0.169621,-0.019396,0.134078,0.096893
3.770000,0.102913,-0.144758,-0.167933,-0.019203,0.132744,0.095929
3.780000,0.101889,-0.143317,-0.166262,-0.019012,0.131423,0.094974
3.790000,0.100875,-0.141891,-0.164608,-0.018823,0.130115,0.094029
3.800000,0.099871,-0.140480,-0.162970,-0.018635,0.128821,0.093094
3.810000,0.098878,-0.139082,-0.161349,-0.018450,0.127539,0.092167
3.820000,0.097894,-0.137698,-0.159743,-0.018266,0.126270,0.091250
3.830000,0.096920,-0.136328,-0.158154,-0.018085,0.125013,0.090342
3.840000,0.095955,-0.134971,-0.156580,-0.017905,0.123769,0.089443
3.850000,0.095001,-0.133628,-0.155022,-0.017726,0.122538,0.088553
3.860000,0.094055,-0.132299,-0.153480,-0.017550,0.121319,0.087672
3.870000,0.093119,-0.130982,-0.151952,-0.017375,0.120111,0.086800
3.880000,0.092193,-0.129679,-0.150441,-0.017203,0.118916,0.085936
3.890000,0.091275,-0.128389,-0.148944,-0.017031,0.117733,0.085081
3.900000,0.090367,-0.127111,-0.147462,-0.016862,0.116562,0.084235
3.910000,0.089468,-0.125846,-0.145994,-0.016694,0.115402,0.083397
3.920000,0.088578,-0.124594,-0.144542,-0.016528,0.114254,0.082567
3.930000,0.087697,-0.123354,-0.143103,-0.016364,0.113117,0.081745
3.940000,0.086824,-0.122127,-0.141680,-0.016201,0.111991,0.080932
3.950000,0.085960,-0.120912,-0.140270,-0.016040,0.110877,0.080127
3.960000,0.085105,-0.119709,-0.138874,-0.015880,0.109774,0.079329
3.970000,0.084258,-0.118518,-0.137492,-0.015722,0.108681,0.078540
3.980000,0.083420,-0.117338,-0.136124,-0.015566,0.107600,0.077758
3.990000,0.082589,-0.116171,-0.134770,-0.015411,0.106529,0.076985
4.000000,0.081768,-0.115015,-0.133429,-0.015257,0.105469,0.076219
4.010000,0.080954,-0.113871,-0.132101,-0.015105,0.104420,0.075460
4.020000,0.080149,-0.112738,-0.130787,-0.014955,0.103381,0.074709
4.030000,0.079351,-0.111616,-0.129485,-0.014806,0.102352,0.073966
4.040000,0.078562,-0.110505,-0.128197,-0.014659,0.101334,0.073230
4.050000,0.077780,-0.109406,-0.126921,-0.014513,0.100326,0.072501
4.060000,0.077006,-0.108317,-0.125658,-0.014369,0.099327,0.071780
4.070000,0.076240,-0.107239,-0.124408,-0.014226,0.098339,0.071066
4.080000,0.075481,-0.106172,-0.123170,-0.014084,0.097360,0.070359
4.090000,0.074730,-0.105116,-0.121945,-0.013944,0.096392,0.069659
4.100000,0.073986,-0.104070,-0.120731,-0.013805,0.095433,0.068966
4.110000,0.073250,-0.103034,-0.119530,-0.013668,0.094483,0.068279
4.120000,0.072521,-0.102009,-0.118341,-0.013532,0.093543,0.067600
4.130000,0.071800,-0.100994,-0.117163,-0.013397,0.092612,0.066927
4.140000,0.071085,-0.099989,-0.115997,-0.013264,0.091691,0.066261
4.150000,0.070378,-0.098994,-0.114843,-0.013132,0.090778,0.065602
4.160000,0.069678,-0.098009,-0.113701,-0.013001,0.089875,0.064949
4.170000,0.068985,-0.097034,-0.112569,-0.012872,0.088981,0.064303
4.180000,0.068298,-0.096069,-0.111449,-0.012744,0.088095,0.063663
4.190000,0.067619,-0.095113,-0.110340,-0.012617,0.087219,0.063030
4.200000,0.066946,-0.094166,-0.109242,-0.012492,0.086351,0.062403
4.210000,0.066280,-0.093229,-0.108155,-0.012367,0.085492,0.061782
4.220000,0.065620,-0.092302,-0.107079,-0.012244,0.084641,0.061167
4.230000,0.064967,-0.091383,-0.106014,-0.012122,0.083799,0.060558
4.240000,0.064321,-0.090474,-0.104959,-0.012002,0.082965,0.059956
4.250000,0.063681,-0.089574,-0.103914,-0.011882,0.082140,0.059359
4.260000,0.063047,-0.088682,-0.102880,-0.011764,0.081322,0.058769
4.270000,0.062420,-0.087800,-0.101857,-0.011647,0.080513,0.058184
4.280000,0.061799,-0.086926,-0.100843,-0.011531,0.079712,0.057605
4.290000,0.061184,-0.086062,-0.099840,-0.011416,0.078919,0.057032
4.300000,0.060575,-0.085205,-0.098846,-0.011303,0.078134,0.056464
4.310000,0.059972,-0.084357,-0.097863,-0.011190,0.077356,0.055902
4.320000,0.059376,-0.083518,-0.096889,-0.011079,0.076586,0.055346
4.330000,0.058785,-0.082687,-0.095925,-0.010969,0.075824,0.054795
4.340000,0.058200,-0.081864,-0.094971,-0.010860,0.075070,0.054250
4.350000,0.057621,-0.081050,-0.094026,-0.010752,0.074323,0.053710
4.360000,0.057047,-0.080243,-0.093090,-0.010645,0.073583,0.053176
4.370000,0.056480,-0.079445,-0.092164,-0.010539,0.072851,0.052647
4.380000,0.055918,-0.078654,-0.091247,-0.010434,0.072126,0.052123
4.390000,0.055361,-0.077872,-0.090339,-0.010330,0.071409,0.051604
4.400000,0.054811,-0.077097,-0.089440,-0.010227,0.070698,0.051091
4.410000,0.054265,-0.076330,-0.088550,-0.010126,0.069995,0.050583
4.420000,0.053725,-0.075570,-0.087669,-0.010025,0.069298,0.050079
4.430000,0.053191,-0.074818,-0.086797,-0.009925,0.068609,0.049581
4.440000,0.052661,-0.074074,-0.085933,-0.009826,0.067926,0.049088
4.450000,0.052137,-0.073337,-0.085078,-0.009728,0.067250,0.048599
4.460000,0.051619,-0.072607,-0.084231,-0.009632,0.066581,0.048116
4.470000,0.051105,-0.071885,-0.083393,-0.009536,0.065919,0.047637
4.480000,0.050596,-0.071169,-0.082564,-0.009441,0.065263,0.047163
4.490000,0.050093,-0.070461,-0.081742,-0.009347,0.064613,0.046694
4.500000,0.049595,-0.069760,-0.080929,-0.009254,0.063970,0.046229
4.510000,0.049101,-0.069066,-0.080123,-0.009162,0.063334,0.045769
4.520000,0.048613,-0.068379,-0.079326,-0.009071,0.062704,0.045314
4.530000,0.048129,-0.067698,-0.078537,-0.008981,0.062080,0.044863
4.540000,0.047650,-0.067025,-0.077755,-0.008891,0.061462,0.044416
4.550000,0.047176,-0.066358,-0.076982,-0.008803,0.060851,0.043974
4.560000,0.046706,-0.065698,-0.076216,-0.008715,0.060245,0.043537
4.570000,0.046242,-0.065044,-0.075457,-0.008628,0.059646,0.043104
4.580000,0.045782,-0.064397,-0.074707,-0.008543,0.059052,0.042675
4.590000,0.045326,-0.063756,-0.073963,-0.008458,0.058465,0.042250
4.600000,0.044875,-0.063122,-0.073227,-0.008373,0.057883,0.041830
4.610000,0.044429,-0.062493,-0.072499,-0.008290,0.057307,0.041413
4.620000,0.043986,-0.061872,-0.071777,-0.008208,0.056737,0.041001
4.630000,0.043549,-0.061256,-0.071063,-0.008126,0.056172,0.040593
4.640000,0.043115,-0.060647,-0.070356,-0.008045,0.055613,0.040190
4.650000,0.042686,-0.060043,-0.069656,-0.007965,0.055060,0.039790
4.660000,0.042262,-0.059446,-0.068963,-0.007886,0.054512,0.039394
4.670000,0.041841,-0.058854,-0.068277,-0.007807,0.053970,0.039002
4.680000,0.041425,-0.058269,-0.067597,-0.007730,0.053433,0.038614
4.690000,0.041013,-0.057689,-0.066925,-0.007653,0.052901,0.038229
4.700000,0.040605,-0.057115,-0.066259,-0.007577,0.052375,0.037849
4.710000,0.040201,-0.056546,-0.065599,-0.007501,0.051853,0.037472
4.720000,0.039801,-0.055984,-0.064947,-0.007427,0.051337,0.037100
4.730000,0.039405,-0.055427,-0.064301,-0.007353,0.050827,0.036730
4.740000,0.039013,-0.054875,-0.063661,-0.007279,0.050321,0.036365
4.750000,0.038624,-0.054329,-0.063027,-0.007207,0.049820,0.036003
4.760000,0.038240,-0.053789,-0.062400,-0.007135,0.049324,0.035645
4.770000,0.037860,-0.053253,-0.061779,-0.007064,0.048834,0.035290
4.780000,0.037483,-0.052724,-0.061165,-0.006994,0.048348,0.034939
4.790000,0.037110,-0.052199,-0.060556,-0.006924,0.047867,0.034591
4.800000,0.036741,-0.051680,-0.059953,-0.006856,0.047390,0.034247
4.810000,0.036375,-0.051165,-0.059357,-0.006787,0.046919,0.033907
4.820000,0.036013,-0.050656,-0.058766,-0.006720,0.046452,0.033569
4.830000,0.035655,-0.050152,-0.058182,-0.006653,0.045990,0.033235
4.840000,0.035300,-0.049653,-0.057603,-0.006587,0.045532,0.032904
4.850000,0.034949,-0.049159,-0.057029,-0.006521,0.045079,0.032577
4.860000,0.034601,-0.048670,-0.056462,-0.006456,0.044631,0.032253
4.870000,0.034257,-0.048186,-0.055900,-0.006392,0.044187,0.031932
4.880000,0.033916,-0.047706,-0.055344,-0.006328,0.043747,0.031614
4.890000,0.033578,-0.047232,-0.054793,-0.006265,0.043312,0.031300
4.900000,0.033244,-0.046762,-0.054248,-0.006203,0.042881,0.030988
4.910000,0.032913,-0.046296,-0.053708,-0.006141,0.042454,0.030680
4.920000,0.032586,-0.045836,-0.053174,-0.006080,0.042032,0.030375
4.930000,0.032262,-0.045380,-0.052645,-0.006020,0.041613,0.030072
4.940000,0.031941,-0.044928,-0.052121,-0.005960,0.041199,0.029773
4.950000,0.031623,-0.044481,-0.051602,-0.005901,0.040789,0.029477
4.960000,0.031308,-0.044038,-0.051089,-0.005842,0.040383,0.029184
4.970000,0.030997,-0.043600,-0.050581,-0.005784,0.039982,0.028893
4.980000,0.030688,-0.043166,-0.050077,-0.005726,0.039584,0.028606
4.990000,0.030383,-0.042737,-0.049579,-0.005669,0.039190,0.028321
5.000000,0.030081,-0.042312,-0.049086,-0.005613,0.038800,0.028039
5.010000,0.029781,-0.041891,-0.048597,-0.005557,0.038414,0.027760
5.020000,0.029485,-0.041474,-0.048114,-0.005502,0.038032,0.027484
5.030000,0.029192,-0.041061,-0.047635,-0.005447,0.037653,0.027211
5.040000,0.028901,-0.040653,-0.047161,-0.005393,0.037279,0.026940
5.050000,0.028614,-0.040248,-0.046692,-0.005339,0.036908,0.026672
5.060000,0.028329,-0.039848,-0.046227,-0.005286,0.036540,0.026406
5.070000,0.028047,-0.039451,-0.045767,-0.005233,0.036177,0.026144
5.080000,0.027768,-0.039059,-0.045312,-0.005181,0.035817,0.025884
5.090000,0.027492,-0.038670,-0.044861,-0.005130,0.035461,0.025626
5.100000,0.027218,-0.038285,-0.044415,-0.005079,0.035108,0.025371
5.110000,0.026947,-0.037904,-0.043973,-0.005028,0.034758,0.025119
5.120000,0.026679,-0.037527,-0.043535,-0.004978,0.034413,0.024869
5.130000,0.026414,-0.037154,-0.043102,-0.004929,0.034070,0.024621
5.140000,0.026151,-0.036784,-0.042673,-0.004880,0.033731,0.024376
5.150000,0.025891,-0.036418,-0.042248,-0.004831,0.033395,0.024134
5.160000,0.025633,-0.036056,-0.041828,-0.004783,0.033063,0.023894
5.170000,0.025378,-0.035697,-0.041412,-0.004735,0.032734,0.023656
5.180000,0.025125,-0.035342,-0.041000,-0.004688,0.032408,0.023420
5.190000,0.024875,-0.034990,-0.040592,-0.004642,0.032086,0.023187
5.200000,0.024628,-0.034642,-0.040188,-0.004595,0.031767,0.022957
5.210000,0.024383,-0.034297,-0.039788,-0.004550,0.031451,0.022728
5.220000,0.024140,-0.033956,-0.039392,-0.004504,0.031138,0.022502
5.230000,0.023900,-0.033618,-0.039000,-0.004460,0.030828,0.022278
5.240000,0.023662,-0.033284,-0.038612,-0.004415,0.030521,0.022056
5.250000,0.023427,-0.032952,-0.038228,-0.004371,0.030217,0.021837
5.260000,0.023194,-0.032624,-0.037848,-0.004328,0.029917,0.021620
5.270000,0.022963,-0.032300,-0.037471,-0.004285,0.029619,0.021405
5.280000,0.022734,-0.031978,-0.037098,-0.004242,0.029324,0.021192
5.290000,0.022508,-0.031660,-0.036729,-0.004200,0.029033,0.020981
5.300000,0.022284,-0.031345,-0.036364,-0.004158,0.028744,0.020772
5.310000,0.022063,-0.031033,-0.036002,-0.004117,0.028458,0.020565
5.320000,0.021843,-0.030725,-0.035644,-0.004076,0.028175,0.020361
5.330000,0.021626,-0.030419,-0.035289,-0.004035,0.027894,0.020158
5.340000,0.021411,-0.030116,-0.034938,-0.003995,0.027617,0.019958
5.350000,0.021197,-0.029817,-0.034590,-0.003955,0.027342,0.019759
5.360000,0.020987,-0.029520,-0.034246,-0.003916,0.027070,0.019562
5.370000,0.020778,-0.029226,-0.033905,-0.003877,0.026800,0.019368
5.380000,0.020571,-0.028935,-0.033568,-0.003838,0.026534,0.019175
5.390000,0.020366,-0.028647,-0.033234,-0.003800,0.026270,0.018984
5.400000,0.020164,-0.028362,-0.032903,-0.003762,0.026008,0.018795
5.410000,0.019963,-0.028080,-0.032576,-0.003725,0.025750,0.018608
5.420000,0.019764,-0.027801,-0.032252,-0.003688,0.025493,0.018423
5.430000,0.019568,-0.027524,-0.031931,-0.003651,0.025240,0.018240
5.440000,0.019373,-0.027250,-0.031613,-0.003615,0.024989,0.018058
5.450000,0.019180,-0.026979,-0.031298,-0.003579,0.024740,0.017879
5.460000,0.018989,-0.026711,-0.030987,-0.003543,0.024494,0.017701
5.470000,0.018800,-0.026445,-0.030679,-0.003508,0.024250,0.017525
5.480000,0.018613,-0.026182,-0.030373,-0.003473,0.024009,0.017350
5.490000,0.018428,-0.025921,-0.030071,-0.003439,0.023770,0.017178
5.500000,0.018245,-0.025663,-0.029772,-0.003404,0.023533,0.017007
5.510000,0.018063,-0.025408,-0.029476,-0.003370,0.023299,0.016837
5.520000,0.017884,-0.025155,-0.029182,-0.003337,0.023067,0.016670
5.530000,0.017706,-0.024905,-0.028892,-0.003304,0.022838,0.016504
5.540000,0.017529,-0.024657,-0.028605,-0.003271,0.022611,0.016340
5.550000,0.017355,-0.024412,-0.028320,-0.003238,0.022386,0.016177
5.560000,0.017182,-0.024169,-0.028038,-0.003206,0.022163,0.016016
5.570000,0.017011,-0.023928,-0.027759,-0.003174,0.021942,0.015857
5.580000,0.016842,-0.023690,-0.027483,-0.003143,0.021724,0.015699
5.590000,0.016675,-0.023455,-0.027210,-0.003111,0.021508,0.015543
5.600000,0.016509,-0.023221,-0.026939,-0.003080,0.021294,0.015388
5.610000,0.016344,-0.022990,-0.026671,-0.003050,0.021082,0.015235
5.620000,0.016182,-0.022761,-0.026405,-0.003019,0.020872,0.015084
5.630000,0.016021,-0.022535,-0.026143,-0.002989,0.020665,0.014933
5.640000,0.015861,-0.022311,-0.025883,-0.002960,0.020459,0.014785
5.650000,0.015703,-0.022089,-0.025625,-0.002930,0.020255,0.014638
5.660000,0.015547,-0.021869,-0.025370,-0.002901,0.020054,0.014492
5.670000,0.015393,-0.021651,-0.025118,-0.002872,0.019854,0.014348
5.680000,0.015239,-0.021436,-0.024868,-0.002844,0.019657,0.014205
5.690000,0.015088,-0.021223,-0.024620,-0.002815,0.019461,0.014064
5.700000,0.014938,-0.021011,-0.024375,-0.002787,0.019268,0.013924
5.710000,0.014789,-0.020802,-0.024133,-0.002760,0.019076,0.013785
5.720000,0.014642,-0.020595,-0.023893,-0.002732,0.018886,0.013648
5.730000,0.014496,-0.020390,-0.023655,-0.002705,0.018698,0.013512
5.740000,0.014352,-0.020187,-0.023419,-0.002678,0.018512,0.013378
5.750000,0.014209,-0.019987,-0.023186,-0.002651,0.018328,0.013245
5.760000,0.014068,-0.019788,-0.022956,-0.002625,0.018145,0.013113
5.770000,0.013928,-0.019591,-0.022727,-0.002599,0.017965,0.012983
5.780000,0.013789,-0.019396,-0.022501,-0.002573,0.017786,0.012853
5.790000,0.013652,-0.019203,-0.022277,-0.002547,0.017609,0.012725
5.800000,0.013516,-0.019012,-0.022056,-0.002522,0.017434,0.012599
5.810000,0.013382,-0.018823,-0.021836,-0.002497,0.017260,0.012474
5.820000,0.013248,-0.018635,-0.021619,-0.002472,0.017089,0.012349
5.830000,0.013117,-0.018450,-0.021404,-0.002447,0.016919,0.012227
5.840000,0.012986,-0.018266,-0.021191,-0.002423,0.016750,0.012105
5.850000,0.012857,-0.018085,-0.020980,-0.002399,0.016584,0.011984
5.860000,0.012729,-0.017905,-0.020771,-0.002375,0.016419,0.011865
5.870000,0.012602,-0.017727,-0.020565,-0.002352,0.016255,0.011747
5.880000,0.012477,-0.017550,-0.020360,-0.002328,0.016094,0.011630
5.890000,0.012353,-0.017376,-0.020157,-0.002305,0.015933,0.011514
5.900000,0.012230,-0.017203,-0.019957,-0.002282,0.015775,0.011400
5.910000,0.012108,-0.017031,-0.019758,-0.002259,0.015618,0.011286
5.920000,0.011988,-0.016862,-0.019562,-0.002237,0.015463,0.011174
5.930000,0.011868,-0.016694,-0.019367,-0.002215,0.015309,0.011063
5.940000,0.011750,-0.016528,-0.019174,-0.002193,0.015156,0.010953
5.950000,0.011633,-0.016364,-0.018983,-0.002171,0.015006,0.010844
5.960000,0.011518,-0.016201,-0.018795,-0.002149,0.014856,0.010736
5.970000,0.011403,-0.016040,-0.018608,-0.002128,0.014708,0.010629
5.980000,0.011290,-0.015880,-0.018422,-0.002107,0.014562,0.010523
5.990000,0.011177,-0.015722,-0.018239,-0.002086,0.014417,0.010419
6.000000,0.011066,-0.015566,-0.018058,-0.002065,0.014274,0.010315
6.010000,0.010956,-0.015411,-0.017878,-0.002044,0.014132,0.010212
6.020000,0.010847,-0.015257,-0.017700,-0.002024,0.013991,0.010111
6.030000,0.010739,-0.015106,-0.017524,-0.002004,0.013852,0.010010
6.040000,0.010632,-0.014955,-0.017350,-0.001984,0.013714,0.009911
6.050000,0.010526,-0.014806,-0.017177,-0.001964,0.013578,0.009812
6.060000,0.010422,-0.014659,-0.017006,-0.001945,0.013442,0.009714
6.070000,0.010318,-0.014513,-0.016837,-0.001925,0.013309,0.009618
6.080000,0.010215,-0.014369,-0.016669,-0.001906,0.013176,0.009522
6.090000,0.010114,-0.014226,-0.016503,-0.001887,0.013045,0.009427
6.100000,0.010013,-0.014084,-0.016339,-0.001868,0.012915,0.009333
6.110000,0.009913,-0.013944,-0.016177,-0.001850,0.012787,0.009241
6.120000,0.009815,-0.013805,-0.016016,-0.001831,0.012660,0.009149
6.130000,0.009717,-0.013668,-0.015856,-0.001813,0.012534,0.009058
6.140000,0.009620,-0.013532,-0.015699,-0.001795,0.012409,0.008968
6.150000,0.009525,-0.013397,-0.015542,-0.001777,0.012286,0.008878
6.160000,0.009430,-0.013264,-0.015388,-0.001760,0.012163,0.008790
6.170000,0.009336,-0.013132,-0.015235,-0.001742,0.012042,0.008702
6.180000,0.009243,-0.013001,-0.015083,-0.001725,0.011922,0.008616
6.190000,0.009151,-0.012872,-0.014933,-0.001708,0.011804,0.008530
6.200000,0.009060,-0.012744,-0.014784,-0.001691,0.011686,0.008445
6.210000,0.008970,-0.012617,-0.014637,-0.001674,0.011570,0.008361
6.220000,0.008881,-0.012492,-0.014492,-0.001657,0.011455,0.008278
6.230000,0.008792,-0.012367,-0.014347,-0.001641,0.011341,0.008196
6.240000,0.008705,-0.012244,-0.014205,-0.001624,0.011228,0.008114
6.250000,0.008618,-0.012122,-0.014063,-0.001608,0.011116,0.008033
6.260000,0.008533,-0.012002,-0.013923,-0.001592,0.011006,0.007953
6.270000,0.008448,-0.011882,-0.013785,-0.001576,0.010896,0.007874
6.280000,0.008364,-0.011764,-0.013648,-0.001561,0.010788,0.007796
6.290000,0.008280,-0.011647,-0.013512,-0.001545,0.010681,0.007718
6.300000,0.008198,-0.011531,-0.013377,-0.001530,0.010574,0.007642
6.310000,0.008116,-0.011417,-0.013244,-0.001514,0.010469,0.007566
6.320000,0.008036,-0.011303,-0.013113,-0.001499,0.010365,0.007490
6.330000,0.007956,-0.011190,-0.012982,-0.001484,0.010262,0.007416
6.340000,0.007876,-0.011079,-0.012853,-0.001470,0.010160,0.007342
6.350000,0.007798,-0.010969,-0.012725,-0.001455,0.010059,0.007269
6.360000,0.007721,-0.010860,-0.012598,-0.001441,0.009958,0.007197
6.370000,0.007644,-0.010752,-0.012473,-0.001426,0.009859,0.007125
6.380000,0.007568,-0.010645,-0.012349,-0.001412,0.009761,0.007054
6.390000,0.007492,-0.010539,-0.012226,-0.001398,0.009664,0.006984
6.400000,0.007418,-0.010434,-0.012104,-0.001384,0.009568,0.006914
6.410000,0.007344,-0.010330,-0.011984,-0.001370,0.009473,0.006846
6.420000,0.007271,-0.010227,-0.011865,-0.001357,0.009379,0.006777
6.430000,0.007199,-0.010126,-0.011747,-0.001343,0.009285,0.006710
6.440000,0.007127,-0.010025,-0.011630,-0.001330,0.009193,0.006643
6.450000,0.007056,-0.009925,-0.011514,-0.001317,0.009101,0.006577
6.460000,0.006986,-0.009826,-0.011399,-0.001304,0.009011,0.006512
6.470000,0.006916,-0.009729,-0.011286,-0.001291,0.008921,0.006447
6.480000,0.006847,-0.009632,-0.011174,-0.001278,0.008832,0.006383
6.490000,0.006779,-0.009536,-0.011063,-0.001265,0.008744,0.006319
6.500000,0.006712,-0.009441,-0.010953,-0.001252,0.008657,0.006256
6.510000,0.006645,-0.009347,-0.010844,-0.001240,0.008571,0.006194
6.520000,0.006579,-0.009254,-0.010736,-0.001228,0.008486,0.006133
6.530000,0.006514,-0.009162,-0.010629,-0.001215,0.008402,0.006072
6.540000,0.006449,-0.009071,-0.010523,-0.001203,0.008318,0.006011
6.550000,0.006385,-0.008981,-0.010418,-0.001191,0.008235,0.005951
6.560000,0.006321,-0.008891,-0.010315,-0.001179,0.008153,0.005892
6.570000,0.006258,-0.008803,-0.010212,-0.001168,0.008072,0.005833
6.580000,0.006196,-0.008715,-0.010110,-0.001156,0.007992,0.005775
6.590000,0.006134,-0.008628,-0.010010,-0.001145,0.007912,0.005718
6.600000,0.006073,-0.008543,-0.009910,-0.001133,0.007834,0.005661
6.610000,0.006013,-0.008458,-0.009812,-0.001122,0.007756,0.005605
6.620000,0.005953,-0.008373,-0.009714,-0.001111,0.007678,0.005549
6.630000,0.005894,-0.008290,-0.009617,-0.001100,0.007602,0.005494
6.640000,0.005835,-0.008208,-0.009522,-0.001089,0.007526,0.005439
6.650000,0.005777,-0.008126,-0.009427,-0.001078,0.007452,0.005385
6.660000,0.005720,-0.008045,-0.009333,-0.001067,0.007377,0.005331
6.670000,0.005663,-0.007965,-0.009240,-0.001057,0.007304,0.005278
6.680000,0.005606,-0.007886,-0.009148,-0.001046,0.007231,0.005226
6.690000,0.005550,-0.007807,-0.009057,-0.001036,0.007159,0.005174
6.700000,0.005495,-0.007730,-0.008967,-0.001025,0.007088,0.005122
6.710000,0.005441,-0.007653,-0.008878,-0.001015,0.007018,0.005071
6.720000,0.005386,-0.007577,-0.008790,-0.001005,0.006948,0.005021
6.730000,0.005333,-0.007501,-0.008702,-0.000995,0.006879,0.004971
6.740000,0.005280,-0.007427,-0.008616,-0.000985,0.006810,0.004921
6.750000,0.005227,-0.007353,-0.008530,-0.000975,0.006742,0.004872
6.760000,0.005175,-0.007280,-0.008445,-0.000966,0.006675,0.004824
6.770000,0.005124,-0.007207,-0.008361,-0.000956,0.006609,0.004776
6.780000,0.005073,-0.007135,-0.008278,-0.000947,0.006543,0.004728
6.790000,0.005022,-0.007064,-0.008195,-0.000937,0.006478,0.004681
6.800000,0.004972,-0.006994,-0.008114,-0.000928,0.006414,0.004635
6.810000,0.004923,-0.006924,-0.008033,-0.000919,0.006350,0.004589
6.820000,0.004874,-0.006856,-0.007953,-0.000909,0.006287,0.004543
6.830000,0.004825,-0.006787,-0.007874,-0.000900,0.006224,0.004498
6.840000,0.004777,-0.006720,-0.007796,-0.000891,0.006162,0.004453
6.850000,0.004730,-0.006653,-0.007718,-0.000883,0.006101,0.004409
6.860000,0.004683,-0.006587,-0.007641,-0.000874,0.006040,0.004365
6.870000,0.004636,-0.006521,-0.007565,-0.000865,0.005980,0.004322
6.880000,0.004590,-0.006456,-0.007490,-0.000856,0.005920,0.004279
6.890000,0.004544,-0.006392,-0.007415,-0.000848,0.005862,0.004236
6.900000,0.004499,-0.006328,-0.007342,-0.000840,0.005803,0.004194
6.910000,0.004454,-0.006266,-0.007269,-0.000831,0.005746,0.004152
6.920000,0.004410,-0.006203,-0.007196,-0.000823,0.005688,0.004111
6.930000,0.004366,-0.006141,-0.007125,-0.000815,0.005632,0.004070
6.940000,0.004323,-0.006080,-0.007054,-0.000807,0.005576,0.004029
6.950000,0.004280,-0.006020,-0.006984,-0.000799,0.005520,0.003989
6.960000,0.004237,-0.005960,-0.006914,-0.000791,0.005465,0.003950
6.970000,0.004195,-0.005901,-0.006845,-0.000783,0.005411,0.003910
6.980000,0.004153,-0.005842,-0.006777,-0.000775,0.005357,0.003871
6.990000,0.004112,-0.005784,-0.006710,-0.000767,0.005304,0.003833
7.000000,0.004071,-0.005726,-0.006643,-0.000760,0.005251,0.003795
7.010000,0.004030,-0.005669,-0.006577,-0.000752,0.005199,0.003757
7.020000,0.003990,-0.005613,-0.006511,-0.000745,0.005147,0.003720
7.030000,0.003951,-0.005557,-0.006447,-0.000737,0.005096,0.003683
7.040000,0.003911,-0.005502,-0.006383,-0.000730,0.005045,0.003646
7.050000,0.003872,-0.005447,-0.006319,-0.000723,0.004995,0.003610
7.060000,0.003834,-0.005393,-0.006256,-0.000715,0.004945,0.003574
7.070000,0.003796,-0.005339,-0.006194,-0.000708,0.004896,0.003538
7.080000,0.003758,-0.005286,-0.006132,-0.000701,0.004847,0.003503
7.090000,0.003721,-0.005233,-0.006071,-0.000694,0.004799,0.003468
7.100000,0.003684,-0.005181,-0.006011,-0.000687,0.004751,0.003434
7.110000,0.003647,-0.005130,-0.005951,-0.000680,0.004704,0.003399
7.120000,0.003611,-0.005079,-0.005892,-0.000674,0.004657,0.003366
7.130000,0.003575,-0.005028,-0.005833,-0.000667,0.004611,0.003332
7.140000,0.003539,-0.004978,-0.005775,-0.000660,0.004565,0.003299
7.150000,0.003504,-0.004929,-0.005718,-0.000654,0.004520,0.003266
7.160000,0.003469,-0.004880,-0.005661,-0.000647,0.004475,0.003234
7.170000,0.003435,-0.004831,-0.005604,-0.000641,0.004430,0.003201
7.180000,0.003400,-0.004783,-0.005549,-0.000634,0.004386,0.003170
7.190000,0.003367,-0.004735,-0.005494,-0.000628,0.004342,0.003138
7.200000,0.003333,-0.004688,-0.005439,-0.000622,0.004299,0.003107
7.210000,0.003300,-0.004642,-0.005385,-0.000616,0.004256,0.003076
7.220000,0.003267,-0.004595,-0.005331,-0.000610,0.004214,0.003045
7.230000,0.003235,-0.004550,-0.005278,-0.000604,0.004172,0.003015
7.240000,0.003202,-0.004504,-0.005226,-0.000598,0.004131,0.002985
7.250000,0.003170,-0.004460,-0.005174,-0.000592,0.004089,0.002955
7.260000,0.003139,-0.004415,-0.005122,-0.000586,0.004049,0.002926
7.270000,0.003108,-0.004371,-0.005071,-0.000580,0.004009,0.002897
7.280000,0.003077,-0.004328,-0.005021,-0.000574,0.003969,0.002868
7.290000,0.003046,-0.004285,-0.004971,-0.000568,0.003929,0.002839
7.300000,0.003016,-0.004242,-0.004921,-0.000563,0.003890,0.002811
7.310000,0.002986,-0.004200,-0.004872,-0.000557,0.003851,0.002783
7.320000,0.002956,-0.004158,-0.004824,-0.000552,0.003813,0.002756
7.330000,0.002927,-0.004117,-0.004776,-0.000546,0.003775,0.002728
7.340000,0.002898,-0.004076,-0.004728,-0.000541,0.003738,0.002701
7.350000,0.002869,-0.004035,-0.004681,-0.000535,0.003700,0.002674
7.360000,0.002840,-0.003995,-0.004635,-0.000530,0.003664,0.002647
7.370000,0.002812,-0.003955,-0.004589,-0.000525,0.003627,0.002621
7.380000,0.002784,-0.003916,-0.004543,-0.000519,0.003591,0.002595
7.390000,0.002756,-0.003877,-0.004498,-0.000514,0.003555,0.002569
7.400000,0.002729,-0.003838,-0.004453,-0.000509,0.003520,0.002544
7.410000,0.002702,-0.003800,-0.004409,-0.000504,0.003485,0.002518
7.420000,0.002675,-0.003762,-0.004365,-0.000499,0.003450,0.002493
7.430000,0.002648,-0.003725,-0.004321,-0.000494,0.003416,0.002468
7.440000,0.002622,-0.003688,-0.004278,-0.000489,0.003382,0.002444
7.450000,0.002596,-0.003651,-0.004236,-0.000484,0.003348,0.002420
7.460000,0.002570,-0.003615,-0.004194,-0.000480,0.003315,0.002396
7.470000,0.002544,-0.003579,-0.004152,-0.000475,0.003282,0.002372
7.480000,0.002519,-0.003543,-0.004111,-0.000470,0.003249,0.002348
7.490000,0.002494,-0.003508,-0.004070,-0.000465,0.003217,0.002325
7.500000,0.002469,-0.003473,-0.004029,-0.000461,0.003185,0.002302
7.510000,0.002445,-0.003439,-0.003989,-0.000456,0.003153,0.002279
7.520000,0.002420,-0.003404,-0.003949,-0.000452,0.003122,0.002256
7.530000,0.002396,-0.003371,-0.003910,-0.000447,0.003091,0.002234
7.540000,0.002372,-0.003337,-0.003871,-0.000443,0.003060,0.002211
7.550000,0.002349,-0.003304,-0.003833,-0.000438,0.003030,0.002189
7.560000,0.002325,-0.003271,-0.003795,-0.000434,0.002999,0.002168
7.570000,0.002302,-0.003238,-0.003757,-0.000430,0.002970,0.002146
7.580000,0.002279,-0.003206,-0.003719,-0.000425,0.002940,0.002125
7.590000,0.002257,-0.003174,-0.003682,-0.000421,0.002911,0.002104
7.600000,0.002234,-0.003143,-0.003646,-0.000417,0.002882,0.002083
7.610000,0.002212,-0.003111,-0.003609,-0.000413,0.002853,0.002062
7.620000,0.002190,-0.003080,-0.003574,-0.000409,0.002825,0.002041
7.630000,0.002168,-0.003050,-0.003538,-0.000405,0.002797,0.002021
7.640000,0.002147,-0.003019,-0.003503,-0.000401,0.002769,0.002001
7.650000,0.002125,-0.002989,-0.003468,-0.000397,0.002741,0.001981
7.660000,0.002104,-0.002960,-0.003433,-0.000393,0.002714,0.001961
7.670000,0.002083,-0.002930,-0.003399,-0.000389,0.002687,0.001942
7.680000,0.002062,-0.002901,-0.003365,-0.000385,0.002660,0.001922
7.690000,0.002042,-0.002872,-0.003332,-0.000381,0.002634,0.001903
7.700000,0.002022,-0.002844,-0.003299,-0.000377,0.002608,0.001884
7.710000,0.002001,-0.002815,-0.003266,-0.000373,0.002582,0.001866
7.720000,0.001982,-0.002787,-0.003234,-0.000370,0.002556,0.001847
7.730000,0.001962,-0.002760,-0.003201,-0.000366,0.002531,0.001829
7.740000,0.001942,-0.002732,-0.003169,-0.000362,0.002505,0.001811
7.750000,0.001923,-0.002705,-0.003138,-0.000359,0.002480,0.001792
7.760000,0.001904,-0.002678,-0.003107,-0.000355,0.002456,0.001775
7.770000,0.001885,-0.002651,-0.003076,-0.000352,0.002431,0.001757
7.780000,0.001866,-0.002625,-0.003045,-0.000348,0.002407,0.001740
7.790000,0.001848,-0.002599,-0.003015,-0.000345,0.002383,0.001722
7.800000,0.001829,-0.002573,-0.002985,-0.000341,0.002359,0.001705
7.810000,0.001811,-0.002547,-0.002955,-0.000338,0.002336,0.001688
7.820000,0.001793,-0.002522,-0.002926,-0.000335,0.002313,0.001671
7.830000,0.001775,-0.002497,-0.002897,-0.000331,0.002290,0.001655
7.840000,0.001757,-0.002472,-0.002868,-0.000328,0.002267,0.001638
7.850000,0.001740,-0.002447,-0.002839,-0.000325,0.002244,0.001622
7.860000,0.001723,-0.002423,-0.002811,-0.000321,0.002222,0.001606
7.870000,0.001706,-0.002399,-0.002783,-0.000318,0.002200,0.001590
7.880000,0.001689,-0.002375,-0.002755,-0.000315,0.002178,0.001574
7.890000,0.001672,-0.002352,-0.002728,-0.000312,0.002156,0.001558
7.900000,0.001655,-0.002328,-0.002701,-0.000309,0.002135,0.001543
7.910000,0.001639,-0.002305,-0.002674,-0.000306,0.002114,0.001527
7.920000,0.001622,-0.002282,-0.002647,-0.000303,0.002093,0.001512
7.930000,0.001606,-0.002259,-0.002621,-0.000300,0.002072,0.001497
7.940000,0.001590,-0.002237,-0.002595,-0.000297,0.002051,0.001482
7.950000,0.001574,-0.002215,-0.002569,-0.000294,0.002031,0.001468
7.960000,0.001559,-0.002193,-0.002544,-0.000291,0.002011,0.001453
7.970000,0.001543,-0.002171,-0.002518,-0.000288,0.001991,0.001439
7.980000,0.001528,-0.002149,-0.002493,-0.000285,0.001971,0.001424
7.990000,0.001513,-0.002128,-0.002468,-0.000282,0.001951,0.001410
8.000000,0.001498,-0.002107,-0.002444,-0.000279,0.001932,0.001396
8.010000,0.001483,-0.002086,-0.002420,-0.000277,0.001913,0.001382
8.020000,0.001468,-0.002065,-0.002395,-0.000274,0.001893,0.001368
8.030000,0.001453,-0.002044,-0.002372,-0.000271,0.001875,0.001355
8.040000,0.001439,-0.002024,-0.002348,-0.000268,0.001856,0.001341
8.050000,0.001425,-0.002004,-0.002325,-0.000266,0.001838,0.001328
8.060000,0.001410,-0.001984,-0.002302,-0.000263,0.001819,0.001315
8.070000,0.001396,-0.001964,-0.002279,-0.000261,0.001801,0.001302
8.080000,0.001382,-0.001945,-0.002256,-0.000258,0.001783,0.001289
8.090000,0.001369,-0.001925,-0.002233,-0.000255,0.001765,0.001276
8.100000,0.001355,-0.001906,-0.002211,-0.000253,0.001748,0.001263
8.110000,0.001342,-0.001887,-0.002189,-0.000250,0.001731,0.001251
8.120000,0.001328,-0.001868,-0.002167,-0.000248,0.001713,0.001238
8.130000,0.001315,-0.001850,-0.002146,-0.000245,0.001696,0.001226
8.140000,0.001302,-0.001831,-0.002125,-0.000243,0.001679,0.001214
8.150000,0.001289,-0.001813,-0.002103,-0.000241,0.001663,0.001202
8.160000,0.001276,-0.001795,-0.002082,-0.000238,0.001646,0.001190
8.170000,0.001263,-0.001777,-0.002062,-0.000236,0.001630,0.001178
8.180000,0.001251,-0.001760,-0.002041,-0.000233,0.001614,0.001166
8.190000,0.001238,-0.001742,-0.002021,-0.000231,0.001597,0.001154
8.200000,0.001226,-0.001725,-0.002001,-0.000229,0.001582,0.001143
8.210000,0.001214,-0.001708,-0.001981,-0.000227,0.001566,0.001132
8.220000,0.001202,-0.001691,-0.001961,-0.000224,0.001550,0.001120
8.230000,0.001190,-0.001674,-0.001942,-0.000222,0.001535,0.001109
8.240000,0.001178,-0.001657,-0.001922,-0.000220,0.001520,0.001098
8.250000,0.001166,-0.001641,-0.001903,-0.000218,0.001504,0.001087
8.260000,0.001155,-0.001624,-0.001884,-0.000215,0.001489,0.001076
8.270000,0.001143,-0.001608,-0.001866,-0.000213,0.001475,0.001066
8.280000,0.001132,-0.001592,-0.001847,-0.000211,0.001460,0.001055
8.290000,0.001121,-0.001576,-0.001829,-0.000209,0.001445,0.001045
8.300000,0.001109,-0.001561,-0.001810,-0.000207,0.001431,0.001034
8.310000,0.001098,-0.001545,-0.001792,-0.000205,0.001417,0.001024
8.320000,0.001088,-0.001530,-0.001775,-0.000203,0.001403,0.001014
8.330000,0.001077,-0.001514,-0.001757,-0.000201,0.001389,0.001004
8.340000,0.001066,-0.001499,-0.001739,-0.000199,0.001375,0.000994
8.350000,0.001055,-0.001484,-0.001722,-0.000197,0.001361,0.000984
8.360000,0.001045,-0.001470,-0.001705,-0.000195,0.001348,0.000974
8.370000,0.001034,-0.001455,-0.001688,-0.000193,0.001334,0.000964
8.380000,0.001024,-0.001441,-0.001671,-0.000191,0.001321,0.000955
8.390000,0.001014,-0.001426,-0.001655,-0.000189,0.001308,0.000945
8.400000,0.001004,-0.001412,-0.001638,-0.000187,0.001295,0.000936
8.410000,0.000994,-0.001398,-0.001622,-0.000185,0.001282,0.000926
8.420000,0.000984,-0.001384,-0.001606,-0.000184,0.001269,0.000917
8.430000,0.000974,-0.001370,-0.001590,-0.000182,0.001257,0.000908
8.440000,0.000965,-0.001357,-0.001574,-0.000180,0.001244,0.000899
8.450000,0.000955,-0.001343,-0.001558,-0.000178,0.001232,0.000890
8.460000,0.000945,-0.001330,-0.001543,-0.000176,0.001219,0.000881
8.470000,0.000936,-0.001317,-0.001527,-0.000175,0.001207,0.000873
8.480000,0.000927,-0.001304,-0.001512,-0.000173,0.001195,0.000864
8.490000,0.000917,-0.001291,-0.001497,-0.000171,0.001183,0.000855
8.500000,0.000908,-0.001278,-0.001482,-0.000169,0.001172,0.000847
8.510000,0.000899,-0.001265,-0.001468,-0.000168,0.001160,0.000838
8.520000,0.000890,-0.001252,-0.001453,-0.000166,0.001148,0.000830
8.530000,0.000882,-0.001240,-0.001438,-0.000164,0.001137,0.000822
8.540000,0.000873,-0.001228,-0.001424,-0.000163,0.001126,0.000814
8.550000,0.000864,-0.001215,-0.001410,-0.000161,0.001115,0.000805
8.560000,0.000855,-0.001203,-0.001396,-0.000160,0.001103,0.000797
8.570000,0.000847,-0.001191,-0.001382,-0.000158,0.001092,0.000789
8.580000,0.000839,-0.001179,-0.001368,-0.000156,0.001082,0.000782
8.590000,0.000830,-0.001168,-0.001355,-0.000155,0.001071,0.000774
8.600000,0.000822,-0.001156,-0.001341,-0.000153,0.001060,0.000766
8.610000,0.000814,-0.001145,-0.001328,-0.000152,0.001050,0.000759
8.620000,0.000806,-0.001133,-0.001315,-0.000150,0.001039,0.000751
8.630000,0.000798,-0.001122,-0.001302,-0.000149,0.001029,0.000743
8.640000,0.000790,-0.001111,-0.001289,-0.000147,0.001019,0.000736
8.650000,0.000782,-0.001100,-0.001276,-0.000146,0.001008,0.000729
8.660000,0.000774,-0.001089,-0.001263,-0.000144,0.000998,0.000722
8.670000,0.000766,-0.001078,-0.001251,-0.000143,0.000988,0.000714
8.680000,0.000759,-0.001067,-0.001238,-0.000142,0.000979,0.000707
8.690000,0.000751,-0.001057,-0.001226,-0.000140,0.000969,0.000700
8.700000,0.000744,-0.001046,-0.001214,-0.000139,0.000959,0.000693
8.710000,0.000736,-0.001036,-0.001201,-0.000137,0.000950,0.000686
8.720000,0.000729,-0.001025,-0.001190,-0.000136,0.000940,0.000680
8.730000,0.000722,-0.001015,-0.001178,-0.000135,0.000931,0.000673
8.740000,0.000715,-0.001005,-0.001166,-0.000133,0.000922,0.000666
8.750000,0.000707,-0.000995,-0.001154,-0.000132,0.000912,0.000659
8.760000,0.000700,-0.000985,-0.001143,-0.000131,0.000903,0.000653
8.770000,0.000693,-0.000975,-0.001132,-0.000129,0.000894,0.000646
8.780000,0.000687,-0.000966,-0.001120,-0.000128,0.000886,0.000640
8.790000,0.000680,-0.000956,-0.001109,-0.000127,0.000877,0.000634
8.800000,0.000673,-0.000947,-0.001098,-0.000126,0.000868,0.000627
8.810000,0.000666,-0.000937,-0.001087,-0.000124,0.000859,0.000621
8.820000,0.000660,-0.000928,-0.001076,-0.000123,0.000851,0.000615
8.830000,0.000653,-0.000919,-0.001066,-0.000122,0.000842,0.000609
8.840000,0.000647,-0.000909,-0.001055,-0.000121,0.000834,0.000603
8.850000,0.000640,-0.000900,-0.001045,-0.000119,0.000826,0.000597
8.860000,0.000634,-0.000891,-0.001034,-0.000118,0.000817,0.000591
8.870000,0.000627,-0.000883,-0.001024,-0.000117,0.000809,0.000585
8.880000,0.000621,-0.000874,-0.001014,-0.000116,0.000801,0.000579
8.890000,0.000615,-0.000865,-0.001004,-0.000115,0.000793,0.000573
8.900000,0.000609,-0.000856,-0.000994,-0.000114,0.000785,0.000568
8.910000,0.000603,-0.000848,-0.000984,-0.000112,0.000778,0.000562
8.920000,0.000597,-0.000840,-0.000974,-0.000111,0.000770,0.000556
8.930000,0.000591,-0.000831,-0.000964,-0.000110,0.000762,0.000551
8.940000,0.000585,-0.000823,-0.000955,-0.000109,0.000755,0.000545
8.950000,0.000579,-0.000815,-0.000945,-0.000108,0.000747,0.000540
8.960000,0.000573,-0.000807,-0.000936,-0.000107,0.000740,0.000535
8.970000,0.000568,-0.000799,-0.000926,-0.000106,0.000732,0.000529
8.980000,0.000562,-0.000791,-0.000917,-0.000105,0.000725,0.000524
8.990000,0.000556,-0.000783,-0.000908,-0.000104,0.000718,0.000519
9.000000,0.000551,-0.000775,-0.000899,-0.000103,0.000711,0.000514
9.010000,0.000545,-0.000767,-0.000890,-0.000102,0.000704,0.000508
9.020000,0.000540,-0.000760,-0.000881,-0.000101,0.000697,0.000503
9.030000,0.000535,-0.000752,-0.000872,-0.000100,0.000690,0.000498
9.040000,0.000529,-0.000745,-0.000864,-0.000099,0.000683,0.000493
9.050000,0.000524,-0.000737,-0.000855,-0.000098,0.000676,0.000489
9.060000,0.000519,-0.000730,-0.000847,-0.000097,0.000669,0.000484
9.070000,0.000514,-0.000723,-0.000838,-0.000096,0.000663,0.000479
9.080000,0.000509,-0.000715,-0.000830,-0.000095,0.000656,0.000474
9.090000,0.000504,-0.000708,-0.000822,-0.000094,0.000649,0.000469
9.100000,0.000499,-0.000701,-0.000813,-0.000093,0.000643,0.000465
9.110000,0.000494,-0.000694,-0.000805,-0.000092,0.000637,0.000460
9.120000,0.000489,-0.000687,-0.000797,-0.000091,0.000630,0.000455
9.130000,0.000484,-0.000680,-0.000789,-0.000090,0.000624,0.000451
9.140000,0.000479,-0.000674,-0.000782,-0.000089,0.000618,0.000446
9.150000,0.000474,-0.000667,-0.000774,-0.000088,0.000612,0.000442
9.160000,0.000469,-0.000660,-0.000766,-0.000088,0.000606,0.000438
9.170000,0.000465,-0.000654,-0.000758,-0.000087,0.000600,0.000433
9.180000,0.000460,-0.000647,-0.000751,-0.000086,0.000594,0.000429
9.190000,0.000456,-0.000641,-0.000743,-0.000085,0.000588,0.000425
9.200000,0.000451,-0.000634,-0.000736,-0.000084,0.000582,0.000420
9.210000,0.000447,-0.000628,-0.000729,-0.000083,0.000576,0.000416
9.220000,0.000442,-0.000622,-0.000721,-0.000083,0.000570,0.000412
9.230000,0.000438,-0.000616,-0.000714,-0.000082,0.000565,0.000408
9.240000,0.000433,-0.000610,-0.000707,-0.000081,0.000559,0.000404
9.250000,0.000429,-0.000604,-0.000700,-0.000080,0.000553,0.000400
9.260000,0.000425,-0.000598,-0.000693,-0.000079,0.000548,0.000396
9.270000,0.000421,-0.000592,-0.000686,-0.000078,0.000542,0.000392
9.280000,0.000416,-0.000586,-0.000679,-0.000078,0.000537,0.000388
9.290000,0.000412,-0.000580,-0.000673,-0.000077,0.000532,0.000384
9.300000,0.000408,-0.000574,-0.000666,-0.000076,0.000526,0.000380
9.310000,0.000404,-0.000568,-0.000659,-0.000075,0.000521,0.000377
9.320000,0.000400,-0.000563,-0.000653,-0.000075,0.000516,0.000373
9.330000,0.000396,-0.000557,-0.000646,-0.000074,0.000511,0.000369
9.340000,0.000392,-0.000552,-0.000640,-0.000073,0.000506,0.000366
9.350000,0.000388,-0.000546,-0.000634,-0.000072,0.000501,0.000362
9.360000,0.000384,-0.000541,-0.000627,-0.000072,0.000496,0.000358
9.370000,0.000381,-0.000535,-0.000621,-0.000071,0.000491,0.000355
9.380000,0.000377,-0.000530,-0.000615,-0.000070,0.000486,0.000351
9.390000,0.000373,-0.000525,-0.000609,-0.000070,0.000481,0.000348
9.400000,0.000369,-0.000519,-0.000603,-0.000069,0.000476,0.000344
9.410000,0.000366,-0.000514,-0.000597,-0.000068,0.000472,0.000341
9.420000,0.000362,-0.000509,-0.000591,-0.000068,0.000467,0.000337
9.430000,0.000358,-0.000504,-0.000585,-0.000067,0.000462,0.000334
9.440000,0.000355,-0.000499,-0.000579,-0.000066,0.000458,0.000331
9.450000,0.000351,-0.000494,-0.000573,-0.000066,0.000453,0.000327
9.460000,0.000348,-0.000489,-0.000568,-0.000065,0.000449,0.000324
9.470000,0.000344,-0.000484,-0.000562,-0.000064,0.000444,0.000321
9.480000,0.000341,-0.000480,-0.000556,-0.000064,0.000440,0.000318
9.490000,0.000338,-0.000475,-0.000551,-0.000063,0.000435,0.000315
9.500000,0.000334,-0.000470,-0.000545,-0.000062,0.000431,0.000311
9.510000,0.000331,-0.000465,-0.000540,-0.000062,0.000427,0.000308
9.520000,0.000328,-0.000461,-0.000534,-0.000061,0.000422,0.000305
9.530000,0.000324,-0.000456,-0.000529,-0.000061,0.000418,0.000302
9.540000,0.000321,-0.000452,-0.000524,-0.000060,0.000414,0.000299
9.550000,0.000318,-0.000447,-0.000519,-0.000059,0.000410,0.000296
9.560000,0.000315,-0.000443,-0.000514,-0.000059,0.000406,0.000293
9.570000,0.000312,-0.000438,-0.000508,-0.000058,0.000402,0.000290
9.580000,0.000308,-0.000434,-0.000503,-0.000058,0.000398,0.000288
9.590000,0.000305,-0.000430,-0.000498,-0.000057,0.000394,0.000285
9.600000,0.000302,-0.000425,-0.000493,-0.000056,0.000390,0.000282
9.610000,0.000299,-0.000421,-0.000488,-0.000056,0.000386,0.000279
9.620000,0.000296,-0.000417,-0.000484,-0.000055,0.000382,0.000276
9.630000,0.000293,-0.000413,-0.000479,-0.000055,0.000378,0.000274
9.640000,0.000291,-0.000409,-0.000474,-0.000054,0.000375,0.000271
9.650000,0.000288,-0.000405,-0.000469,-0.000054,0.000371,0.000268
9.660000,0.000285,-0.000401,-0.000465,-0.000053,0.000367,0.000265
9.670000,0.000282,-0.000397,-0.000460,-0.000053,0.000364,0.000263
9.680000,0.000279,-0.000393,-0.000455,-0.000052,0.000360,0.000260
9.690000,0.000276,-0.000389,-0.000451,-0.000052,0.000356,0.000258
9.700000,0.000274,-0.000385,-0.000446,-0.000051,0.000353,0.000255
9.710000,0.000271,-0.000381,-0.000442,-0.000051,0.000349,0.000252
9.720000,0.000268,-0.000377,-0.000438,-0.000050,0.000346,0.000250
9.730000,0.000266,-0.000373,-0.000433,-0.000050,0.000342,0.000247
9.740000,0.000263,-0.000370,-0.000429,-0.000049,0.000339,0.000245
9.750000,0.000260,-0.000366,-0.000425,-0.000049,0.000336,0.000243
9.760000,0.000258,-0.000362,-0.000420,-0.000048,0.000332,0.000240
9.770000,0.000255,-0.000359,-0.000416,-0.000048,0.000329,0.000238
9.780000,0.000253,-0.000355,-0.000412,-0.000047,0.000326,0.000235
9.790000,0.000250,-0.000352,-0.000408,-0.000047,0.000323,0.000233
9.800000,0.000248,-0.000348,-0.000404,-0.000046,0.000319,0.000231
9.810000,0.000245,-0.000345,-0.000400,-0.000046,0.000316,0.000228
9.820000,0.000243,-0.000341,-0.000396,-0.000045,0.000313,0.000226
9.830000,0.000240,-0.000338,-0.000392,-0.000045,0.000310,0.000224
9.840000,0.000238,-0.000335,-0.000388,-0.000044,0.000307,0.000222
9.850000,0.000235,-0.000331,-0.000384,-0.000044,0.000304,0.000220
9.860000,0.000233,-0.000328,-0.000380,-0.000044,0.000301,0.000217
9.870000,0.000231,-0.000325,-0.000377,-0.000043,0.000298,0.000215
9.880000,0.000229,-0.000321,-0.000373,-0.000043,0.000295,0.000213
9.890000,0.000226,-0.000318,-0.000369,-0.000042,0.000292,0.000211
9.900000,0.000224,-0.000315,-0.000366,-0.000042,0.000289,0.000209
9.910000,0.000222,-0.000312,-0.000362,-0.000041,0.000286,0.000207
9.920000,0.000220,-0.000309,-0.000358,-0.000041,0.000283,0.000205
9.930000,0.000217,-0.000306,-0.000355,-0.000041,0.000280,0.000203
9.940000,0.000215,-0.000303,-0.000351,-0.000040,0.000278,0.000201
9.950000,0.000213,-0.000300,-0.000348,-0.000040,0.000275,0.000199
9.960000,0.000211,-0.000297,-0.000344,-0.000039,0.000272,0.000197
9.970000,0.000209,-0.000294,-0.000341,-0.000039,0.000269,0.000195
9.980000,0.000207,-0.000291,-0.000337,-0.000039,0.000267,0.000193
9.990000,0.000205,-0.000288,-0.000334,-0.000038,0.000264,0.000191
10.000000,0.000203,-0.000285,-0.000331,-0.000038,0.000261,0.000189
