0.000000,-0.929564,0.758602,-0.998215,0.437277,0.459340,0.419206
0.010000,-0.917077,0.750925,-0.984188,0.431873,0.457957,0.416388
0.020000,-0.904961,0.743396,-0.970599,0.426468,0.456580,0.413598
0.030000,-0.893199,0.736009,-0.957424,0.421062,0.455211,0.410837
0.040000,-0.881772,0.728761,-0.944643,0.415657,0.453849,0.408103
0.050000,-0.870664,0.721647,-0.932235,0.410251,0.452493,0.405396
0.060000,-0.859860,0.714663,-0.920181,0.404846,0.451143,0.402716
0.070000,-0.849346,0.707805,-0.908466,0.399440,0.449801,0.400062
0.080000,-0.839108,0.701069,-0.897072,0.394035,0.448465,0.397435
0.090000,-0.829134,0.694452,-0.885985,0.388631,0.447135,0.394832
0.100000,-0.819413,0.687951,-0.875191,0.383226,0.445812,0.392255
0.110000,-0.809933,0.681561,-0.864676,0.377823,0.444495,0.389703
0.120000,-0.800684,0.675281,-0.854429,0.372420,0.443184,0.387174
0.130000,-0.791657,0.669106,-0.844437,0.367019,0.441880,0.384670
0.140000,-0.782842,0.663035,-0.834691,0.361618,0.440581,0.382189
0.150000,-0.774230,0.657063,-0.825179,0.356219,0.439289,0.379732
0.160000,-0.765815,0.651189,-0.815892,0.350821,0.438004,0.377297
0.170000,-0.757587,0.645410,-0.806821,0.345425,0.436724,0.374884
0.180000,-0.749540,0.639723,-0.797958,0.340030,0.435450,0.372494
0.190000,-0.741668,0.634126,-0.789294,0.334638,0.434182,0.370126
0.200000,-0.733962,0.628616,-0.780822,0.329247,0.432920,0.367779
0.210000,-0.726418,0.623192,-0.772534,0.323858,0.431664,0.365453
0.220000,-0.719030,0.617850,-0.764423,0.318471,0.430414,0.363148
0.230000,-0.711791,0.612590,-0.756484,0.313087,0.429169,0.360863
0.240000,-0.704698,0.607408,-0.748710,0.307705,0.427931,0.358599
0.250000,-0.697744,0.602304,-0.741095,0.302326,0.426698,0.356355
0.260000,-0.690925,0.597274,-0.733633,0.296949,0.425470,0.354130
0.270000,-0.684236,0.592318,-0.726319,0.291576,0.424249,0.351925
0.280000,-0.677674,0.587433,-0.719149,0.286205,0.423032,0.349739
0.290000,-0.671234,0.582618,-0.712117,0.280838,0.421822,0.347572
0.300000,-0.664912,0.577871,-0.705218,0.275473,0.420617,0.345424
0.310000,-0.658704,0.573190,-0.698449,0.270113,0.419417,0.343294
0.320000,-0.652608,0.568575,-0.691806,0.264756,0.418223,0.341182
0.330000,-0.646618,0.564023,-0.685283,0.259402,0.417034,0.339087
0.340000,-0.640733,0.559533,-0.678878,0.254053,0.415850,0.337011
0.350000,-0.634949,0.555104,-0.672587,0.248707,0.414672,0.334952
0.360000,-0.629263,0.550733,-0.666407,0.243366,0.413499,0.332910
0.370000,-0.623672,0.546421,-0.660333,0.238028,0.412331,0.330885
0.380000,-0.618174,0.542166,-0.654363,0.232695,0.411168,0.328876
0.390000,-0.612765,0.537966,-0.648495,0.227367,0.410010,0.326884
0.400000,-0.607443,0.533820,-0.642724,0.222043,0.408858,0.324909
0.410000,-0.602207,0.529727,-0.637048,0.216724,0.407710,0.322949
0.420000,-0.597053,0.525686,-0.631464,0.211410,0.406568,0.321006
0.430000,-0.591979,0.521697,-0.625971,0.206102,0.405430,0.319078
0.440000,-0.586983,0.517756,-0.620565,0.200798,0.404298,0.317165
0.450000,-0.582064,0.513865,-0.615243,0.195499,0.403170,0.315268
0.460000,-0.577218,0.510022,-0.610005,0.190206,0.402047,0.313386
0.470000,-0.572444,0.506225,-0.604847,0.184919,0.400929,0.311518
0.480000,-0.567741,0.502474,-0.599767,0.179637,0.399816,0.309666
0.490000,-0.563106,0.498768,-0.594764,0.174361,0.398708,0.307828
0.500000,-0.558538,0.495106,-0.589835,0.169091,0.397604,0.306004
0.510000,-0.554036,0.491487,-0.584979,0.163828,0.396505,0.304195
0.520000,-0.549596,0.487911,-0.580193,0.158570,0.395411,0.302399
0.530000,-0.545219,0.484376,-0.575476,0.153319,0.394321,0.300617
0.540000,-0.540902,0.480882,-0.570826,0.148074,0.393236,0.298849
0.550000,-0.536644,0.477427,-0.566242,0.142836,0.392156,0.297095
0.560000,-0.532444,0.474012,-0.561722,0.137605,0.391080,0.295354
0.570000,-0.528301,0.470636,-0.557264,0.132380,0.390009,0.293626
0.580000,-0.524212,0.467297,-0.552868,0.127163,0.388942,0.291911
0.590000,-0.520177,0.463995,-0.548531,0.121952,0.387879,0.290210
0.600000,-0.516195,0.460730,-0.544252,0.116749,0.386821,0.288520
0.610000,-0.512264,0.457500,-0.540030,0.111553,0.385767,0.286844
0.620000,-0.508383,0.454306,-0.535863,0.106365,0.384718,0.285180
0.630000,-0.504552,0.451146,-0.531751,0.101184,0.383673,0.283528
0.640000,-0.500768,0.448019,-0.527692,0.096012,0.382632,0.281889
0.650000,-0.497032,0.444926,-0.523685,0.090847,0.381596,0.280261
0.660000,-0.493342,0.441866,-0.519729,0.085689,0.380564,0.278646
0.670000,-0.489697,0.438837,-0.515822,0.080540,0.379536,0.277042
0.680000,-0.486096,0.435841,-0.511964,0.075400,0.378512,0.275450
0.690000,-0.482538,0.432875,-0.508154,0.070267,0.377492,0.273870
0.700000,-0.479023,0.429940,-0.504390,0.065143,0.376477,0.272300
0.710000,-0.475550,0.427034,-0.500672,0.060028,0.375465,0.270743
0.720000,-0.472117,0.424159,-0.496999,0.054921,0.374458,0.269196
0.730000,-0.468724,0.421312,-0.493370,0.049823,0.373454,0.267661
0.740000,-0.465370,0.418494,-0.489783,0.044734,0.372455,0.266136
0.750000,-0.462054,0.415703,-0.486239,0.039655,0.371460,0.264622
0.760000,-0.458776,0.412941,-0.482736,0.034584,0.370468,0.263119
0.770000,-0.455535,0.410205,-0.479273,0.029522,0.369481,0.261627
0.780000,-0.452330,0.407496,-0.475850,0.024470,0.368497,0.260145
0.790000,-0.449160,0.404814,-0.472466,0.019427,0.367518,0.258673
0.800000,-0.446026,0.402157,-0.469120,0.014394,0.366542,0.257212
0.810000,-0.442925,0.399526,-0.465811,0.009371,0.365570,0.255761
0.820000,-0.439858,0.396920,-0.462539,0.004357,0.364602,0.254319
0.830000,-0.436824,0.394339,-0.459303,-0.000646,0.363638,0.252888
0.840000,-0.433823,0.391782,-0.456103,-0.005640,0.362677,0.251467
0.850000,-0.430853,0.389249,-0.452937,-0.010624,0.361720,0.250056
0.860000,-0.427914,0.386739,-0.449806,-0.015597,0.360767,0.248654
0.870000,-0.425006,0.384253,-0.446707,-0.020560,0.359818,0.247262
0.880000,-0.422129,0.381790,-0.443642,-0.025513,0.358872,0.245879
0.890000,-0.419281,0.379349,-0.440609,-0.030455,0.357930,0.244505
0.900000,-0.416462,0.376930,-0.437608,-0.035386,0.356992,0.243141
0.910000,-0.413671,0.374533,-0.434638,-0.040307,0.356057,0.241786
0.920000,-0.410909,0.372158,-0.431698,-0.045217,0.355125,0.240441
0.930000,-0.408174,0.369804,-0.428789,-0.050116,0.354198,0.239104
0.940000,-0.405467,0.367472,-0.425909,-0.055004,0.353273,0.237776
0.950000,-0.402786,0.365159,-0.423059,-0.059881,0.352353,0.236457
0.960000,-0.400132,0.362868,-0.420237,-0.064746,0.351436,0.235147
0.970000,-0.397504,0.360596,-0.417443,-0.069601,0.350522,0.233846
0.980000,-0.394901,0.358344,-0.414677,-0.074444,0.349612,0.232553
0.990000,-0.392323,0.356112,-0.411938,-0.079275,0.348705,0.231269
1.000000,-0.389770,0.353899,-0.409226,-0.084095,0.347801,0.229993
1.010000,-0.387241,0.351704,-0.406540,-0.088903,0.346901,0.228725
1.020000,-0.384736,0.349529,-0.403880,-0.093700,0.346005,0.227466
1.030000,-0.382254,0.347372,-0.401246,-0.098485,0.345111,0.226215
1.040000,-0.379796,0.345234,-0.398637,-0.103257,0.344221,0.224973
1.050000,-0.377360,0.343113,-0.396052,-0.108018,0.343334,0.223738
1.060000,-0.374948,0.341010,-0.393492,-0.112767,0.342451,0.222511
1.070000,-0.372557,0.338925,-0.390956,-0.117504,0.341571,0.221292
1.080000,-0.370188,0.336857,-0.388444,-0.122228,0.340694,0.220082
1.090000,-0.367840,0.334806,-0.385955,-0.126940,0.339820,0.218878
1.100000,-0.365514,0.332772,-0.383488,-0.131640,0.338950,0.217683
1.110000,-0.363208,0.330755,-0.381045,-0.136327,0.338082,0.216495
1.120000,-0.360923,0.328754,-0.378623,-0.141002,0.337218,0.215315
1.130000,-0.358659,0.326770,-0.376223,-0.145664,0.336357,0.214142
1.140000,-0.356414,0.324801,-0.373845,-0.150313,0.335499,0.212977
1.150000,-0.354189,0.322848,-0.371489,-0.154950,0.334645,0.211819
1.160000,-0.351983,0.320911,-0.369153,-0.159574,0.333793,0.210669
1.170000,-0.349797,0.318989,-0.366838,-0.164184,0.332945,0.209526
1.180000,-0.347629,0.317083,-0.364543,-0.168782,0.332099,0.208390
1.190000,-0.345480,0.315192,-0.362268,-0.173367,0.331257,0.207261
1.200000,-0.343350,0.313315,-0.360013,-0.177939,0.330417,0.206139
1.210000,-0.341237,0.311453,-0.357778,-0.182497,0.329581,0.205024
1.220000,-0.339142,0.309606,-0.355562,-0.187043,0.328747,0.203916
1.230000,-0.337065,0.307773,-0.353365,-0.191575,0.327917,0.202815
1.240000,-0.335006,0.305954,-0.351186,-0.196094,0.327089,0.201721
1.250000,-0.332963,0.304149,-0.349026,-0.200599,0.326265,0.200634
1.260000,-0.330938,0.302359,-0.346885,-0.205091,0.325443,0.199553
1.270000,-0.328929,0.300581,-0.344761,-0.209569,0.324624,0.198480
1.280000,-0.326937,0.298818,-0.342655,-0.214034,0.323808,0.197412
1.290000,-0.324961,0.297067,-0.340567,-0.218485,0.322995,0.196352
1.300000,-0.323001,0.295330,-0.338496,-0.222922,0.322185,0.195297
1.310000,-0.321057,0.293606,-0.336442,-0.227345,0.321378,0.194250
1.320000,-0.319128,0.291895,-0.334404,-0.231755,0.320573,0.193208
1.330000,-0.317215,0.290197,-0.332384,-0.236151,0.319772,0.192173
1.340000,-0.315318,0.288511,-0.330379,-0.240533,0.318973,0.191145
1.350000,-0.313435,0.286838,-0.328391,-0.244901,0.318177,0.190122
1.360000,-0.311567,0.285177,-0.326419,-0.249255,0.317384,0.189106
1.370000,-0.309714,0.283529,-0.324463,-0.253595,0.316593,0.188096
1.380000,-0.307876,0.281892,-0.322523,-0.257921,0.315805,0.187092
1.390000,-0.306052,0.280268,-0.320597,-0.262232,0.315020,0.186094
1.400000,-0.304242,0.278655,-0.318687,-0.266530,0.314238,0.185102
1.410000,-0.302446,0.277054,-0.316793,-0.270813,0.313458,0.184116
1.420000,-0.300664,0.275464,-0.314912,-0.275082,0.312681,0.183136
1.430000,-0.298896,0.273886,-0.313047,-0.279337,0.311906,0.182162
1.440000,-0.297141,0.272320,-0.311196,-0.283577,0.311135,0.181193
1.450000,-0.295400,0.270764,-0.309359,-0.287803,0.310365,0.180231
1.460000,-0.293671,0.269220,-0.307537,-0.292015,0.309599,0.179274
1.470000,-0.291956,0.267686,-0.305729,-0.296212,0.308835,0.178323
1.480000,-0.290254,0.266164,-0.303934,-0.300394,0.308074,0.177377
1.490000,-0.288565,0.264652,-0.302153,-0.304562,0.307315,0.176437
1.500000,-0.286888,0.263151,-0.300385,-0.308716,0.306559,0.175503
1.510000,-0.285224,0.261660,-0.298631,-0.312855,0.305805,0.174574
1.520000,-0.283572,0.260180,-0.296890,-0.316979,0.305054,0.173651
1.530000,-0.281932,0.258710,-0.295162,-0.321089,0.304305,0.172733
1.540000,-0.280304,0.257251,-0.293447,-0.325184,0.303559,0.171821
1.550000,-0.278688,0.255801,-0.291745,-0.329264,0.302816,0.170913
1.560000,-0.277084,0.254361,-0.290055,-0.333329,0.302075,0.170012
1.570000,-0.275492,0.252932,-0.288378,-0.337380,0.301336,0.169115
1.580000,-0.273911,0.251512,-0.286713,-0.341416,0.300600,0.168224
1.590000,-0.272342,0.250102,-0.285061,-0.345437,0.299866,0.167338
1.600000,-0.270784,0.248701,-0.283420,-0.349444,0.299135,0.166457
1.610000,-0.269237,0.247310,-0.281792,-0.353435,0.298406,0.165581
1.620000,-0.267701,0.245929,-0.280175,-0.357412,0.297679,0.164710
1.630000,-0.266176,0.244556,-0.278569,-0.361373,0.296955,0.163844
1.640000,-0.264662,0.243193,-0.276976,-0.365320,0.296233,0.162984
1.650000,-0.263159,0.241840,-0.275394,-0.369252,0.295514,0.162128
1.660000,-0.261666,0.240495,-0.273823,-0.373169,0.294797,0.161277
1.670000,-0.260184,0.239159,-0.272263,-0.377071,0.294082,0.160431
1.680000,-0.258712,0.237832,-0.270714,-0.380958,0.293370,0.159590
1.690000,-0.257250,0.236514,-0.269177,-0.384831,0.292660,0.158754
1.700000,-0.255799,0.235205,-0.267650,-0.388688,0.291952,0.157923
1.710000,-0.254357,0.233904,-0.266134,-0.392530,0.291247,0.157096
1.720000,-0.252926,0.232612,-0.264628,-0.396357,0.290544,0.156274
1.730000,-0.251504,0.231329,-0.263133,-0.400169,0.289843,0.155457
1.740000,-0.250093,0.230053,-0.261648,-0.403966,0.289144,0.154644
1.750000,-0.248691,0.228787,-0.260174,-0.407748,0.288448,0.153836
1.760000,-0.247298,0.227528,-0.258710,-0.411516,0.287754,0.153033
1.770000,-0.245915,0.226278,-0.257256,-0.415268,0.287062,0.152234
1.780000,-0.244541,0.225036,-0.255812,-0.419005,0.286372,0.151440
1.790000,-0.243177,0.223801,-0.254378,-0.422726,0.285685,0.150650
1.800000,-0.241822,0.222575,-0.252953,-0.426433,0.284999,0.149865
1.810000,-0.240476,0.221357,-0.251539,-0.430125,0.284316,0.149085
1.820000,-0.239139,0.220147,-0.250134,-0.433802,0.283635,0.148308
1.830000,-0.237811,0.218944,-0.248738,-0.437464,0.282957,0.147536
1.840000,-0.236492,0.217749,-0.247352,-0.441110,0.282280,0.146769
1.850000,-0.235182,0.216561,-0.245975,-0.444742,0.281605,0.146005
1.860000,-0.233880,0.215382,-0.244607,-0.448359,0.280933,0.145246
1.870000,-0.232587,0.214209,-0.243249,-0.451960,0.280263,0.144491
1.880000,-0.231302,0.213044,-0.241900,-0.455547,0.279595,0.143741
1.890000,-0.230026,0.211887,-0.240559,-0.459118,0.278929,0.142995
1.900000,-0.228759,0.210737,-0.239228,-0.462675,0.278265,0.142253
1.910000,-0.227499,0.209594,-0.237905,-0.466216,0.277603,0.141515
1.920000,-0.226248,0.208458,-0.236591,-0.469743,0.276943,0.140781
1.930000,-0.225005,0.207329,-0.235286,-0.473254,0.276286,0.140051
1.940000,-0.223770,0.206208,-0.233989,-0.476751,0.275630,0.139325
1.950000,-0.222543,0.205093,-0.232701,-0.480232,0.274976,0.138604
1.960000,-0.221324,0.203985,-0.231421,-0.483698,0.274325,0.137886
1.970000,-0.220113,0.202885,-0.230150,-0.487150,0.273675,0.137172
1.980000,-0.218910,0.201791,-0.228887,-0.490587,0.273028,0.136463
1.990000,-0.217714,0.200703,-0.227631,-0.494008,0.272382,0.135757
2.000000,-0.216526,0.199623,-0.226385,-0.497415,0.271738,0.135055
2.010000,-0.215346,0.198549,-0.225146,-0.500807,0.271097,0.134357
2.020000,-0.214173,0.197482,-0.223915,-0.504184,0.270457,0.133663
2.030000,-0.213008,0.196421,-0.222692,-0.507546,0.269820,0.132973
2.040000,-0.211850,0.195367,-0.221477,-0.510893,0.269184,0.132286
2.050000,-0.210699,0.194319,-0.220269,-0.514225,0.268550,0.131603
2.060000,-0.209556,0.193278,-0.219069,-0.517543,0.267918,0.130925
2.070000,-0.208420,0.192243,-0.217877,-0.520845,0.267288,0.130249
2.080000,-0.207290,0.191214,-0.216693,-0.524133,0.266661,0.129578
2.090000,-0.206168,0.190192,-0.215516,-0.527406,0.266034,0.128910
2.100000,-0.205053,0.189176,-0.214346,-0.530665,0.265410,0.128246
2.110000,-0.203945,0.188166,-0.213184,-0.533909,0.264788,0.127585
2.120000,-0.202844,0.187162,-0.212029,-0.537138,0.264168,0.126928
2.130000,-0.201750,0.186164,-0.210881,-0.540352,0.263549,0.126275
2.140000,-0.200663,0.185172,-0.209741,-0.543551,0.262933,0.125625
2.150000,-0.199582,0.184186,-0.208607,-0.546736,0.262318,0.124979
2.160000,-0.198508,0.183206,-0.207481,-0.549907,0.261705,0.124337
2.170000,-0.197440,0.182231,-0.206361,-0.553062,0.261094,0.123697
2.180000,-0.196379,0.181263,-0.205249,-0.556204,0.260484,0.123062
2.190000,-0.195325,0.180300,-0.204143,-0.559330,0.259877,0.122430
2.200000,-0.194277,0.179343,-0.203045,-0.562442,0.259271,0.121801
2.210000,-0.193236,0.178392,-0.201953,-0.565540,0.258668,0.121175
2.220000,-0.192200,0.177446,-0.200867,-0.568623,0.258066,0.120553
2.230000,-0.191172,0.176506,-0.199789,-0.571692,0.257465,0.119935
2.240000,-0.190149,0.175572,-0.198717,-0.574746,0.256867,0.119320
2.250000,-0.189133,0.174643,-0.197652,-0.577786,0.256270,0.118708
2.260000,-0.188122,0.173719,-0.196593,-0.580812,0.255675,0.118099
2.270000,-0.187118,0.172801,-0.195540,-0.583823,0.255082,0.117494
2.280000,-0.186120,0.171889,-0.194494,-0.586820,0.254491,0.116892
2.290000,-0.185128,0.170981,-0.193454,-0.589803,0.253901,0.116293
2.300000,-0.184142,0.170079,-0.192421,-0.592772,0.253313,0.115697
2.310000,-0.183162,0.169183,-0.191394,-0.595726,0.252727,0.115105
2.320000,-0.182187,0.168291,-0.190373,-0.598666,0.252143,0.114516
2.330000,-0.181219,0.167405,-0.189358,-0.601592,0.251560,0.113930
2.340000,-0.180256,0.166524,-0.188349,-0.604504,0.250979,0.113347
2.350000,-0.179299,0.165648,-0.187347,-0.607402,0.250400,0.112767
2.360000,-0.178348,0.164777,-0.186350,-0.610286,0.249822,0.112190
2.370000,-0.177402,0.163911,-0.185359,-0.613156,0.249246,0.111617
2.380000,-0.176462,0.163050,-0.184374,-0.616012,0.248672,0.111046
2.390000,-0.175528,0.162194,-0.183396,-0.618854,0.248099,0.110479
2.400000,-0.174599,0.161343,-0.182422,-0.621682,0.247528,0.109915
2.410000,-0.173675,0.160497,-0.181455,-0.624496,0.246959,0.109353
2.420000,-0.172757,0.159656,-0.180493,-0.627296,0.246391,0.108795
2.430000,-0.171844,0.158819,-0.179538,-0.630083,0.245825,0.108240
2.440000,-0.170937,0.157988,-0.178587,-0.632856,0.245261,0.107687
2.450000,-0.170035,0.157161,-0.177643,-0.635615,0.244698,0.107138
2.460000,-0.169139,0.156339,-0.176704,-0.638360,0.244137,0.106591
2.470000,-0.168247,0.155521,-0.175770,-0.641092,0.243578,0.106048
2.480000,-0.167361,0.154709,-0.174842,-0.643810,0.243020,0.105507
2.490000,-0.166480,0.153901,-0.173919,-0.646515,0.242463,0.104969
2.500000,-0.165604,0.153097,-0.173002,-0.649206,0.241909,0.104434
2.510000,-0.164733,0.152298,-0.172090,-0.651884,0.241356,0.103902
2.520000,-0.163867,0.151504,-0.171183,-0.654548,0.240804,0.103373
2.530000,-0.163006,0.150714,-0.170282,-0.657199,0.240254,0.102846
2.540000,-0.162150,0.149928,-0.169386,-0.659836,0.239706,0.102322
2.550000,-0.161299,0.149147,-0.168495,-0.662461,0.239159,0.101801
2.560000,-0.160453,0.148371,-0.167610,-0.665071,0.238613,0.101283
2.570000,-0.159612,0.147598,-0.166729,-0.667669,0.238070,0.100768
2.580000,-0.158776,0.146831,-0.165854,-0.670253,0.237528,0.100255
2.590000,-0.157944,0.146067,-0.164983,-0.672825,0.236987,0.099745
2.600000,-0.157118,0.145308,-0.164118,-0.675383,0.236448,0.099238
2.610000,-0.156296,0.144553,-0.163257,-0.677928,0.235910,0.098733
2.620000,-0.155478,0.143802,-0.162402,-0.680460,0.235374,0.098231
2.630000,-0.154666,0.143056,-0.161551,-0.682979,0.234839,0.097732
2.640000,-0.153858,0.142313,-0.160706,-0.685485,0.234306,0.097235
2.650000,-0.153054,0.141575,-0.159865,-0.687978,0.233775,0.096741
2.660000,-0.152255,0.140841,-0.159029,-0.690458,0.233245,0.096250
2.670000,-0.151461,0.140111,-0.158197,-0.692926,0.232716,0.095761
2.680000,-0.150671,0.139385,-0.157371,-0.695380,0.232189,0.095275
2.690000,-0.149886,0.138663,-0.156549,-0.697822,0.231663,0.094791
2.700000,-0.149105,0.137945,-0.155732,-0.700252,0.231139,0.094310
2.710000,-0.148329,0.137231,-0.154919,-0.702668,0.230616,0.093831
2.720000,-0.147556,0.136521,-0.154111,-0.705072,0.230095,0.093355
2.730000,-0.146789,0.135815,-0.153308,-0.707464,0.229575,0.092881
2.740000,-0.146025,0.135113,-0.152509,-0.709842,0.229057,0.092410
2.750000,-0.145266,0.134415,-0.151715,-0.712209,0.228540,0.091941
2.760000,-0.144511,0.133721,-0.150925,-0.714563,0.228024,0.091475
2.770000,-0.143761,0.133030,-0.150140,-0.716904,0.227510,0.091011
2.780000,-0.143014,0.132343,-0.149359,-0.719234,0.226997,0.090550
2.790000,-0.142272,0.131660,-0.148583,-0.721551,0.226486,0.090091
2.800000,-0.141534,0.130981,-0.147810,-0.723855,0.225976,0.089634
2.810000,-0.140800,0.130306,-0.147043,-0.726148,0.225468,0.089180
2.820000,-0.140070,0.129634,-0.146279,-0.728428,0.224961,0.088728
2.830000,-0.139344,0.128966,-0.145520,-0.730696,0.224455,0.088279
2.840000,-0.138623,0.128302,-0.144765,-0.732952,0.223951,0.087832
2.850000,-0.137905,0.127641,-0.144014,-0.735197,0.223448,0.087387
2.860000,-0.137191,0.126984,-0.143268,-0.737429,0.222946,0.086944
2.870000,-0.136481,0.126330,-0.142525,-0.739649,0.222446,0.086504
2.880000,-0.135775,0.125680,-0.141787,-0.741857,0.221947,0.086066
2.890000,-0.135073,0.125034,-0.141053,-0.744054,0.221450,0.085631
2.900000,-0.134375,0.124391,-0.140323,-0.746238,0.220954,0.085198
2.910000,-0.133681,0.123751,-0.139597,-0.748411,0.220459,0.084767
2.920000,-0.132991,0.123115,-0.138875,-0.750572,0.219966,0.084338
2.930000,-0.132304,0.122483,-0.138156,-0.752722,0.219474,0.083911
2.940000,-0.131621,0.121854,-0.137442,-0.754860,0.218983,0.083487
2.950000,-0.130942,0.121228,-0.136732,-0.756986,0.218494,0.083065
2.960000,-0.130267,0.120606,-0.136026,-0.759101,0.218006,0.082645
2.970000,-0.129595,0.119987,-0.135324,-0.761204,0.217519,0.082227
2.980000,-0.128928,0.119372,-0.134625,-0.763296,0.217033,0.081811
2.990000,-0.128263,0.118760,-0.133931,-0.765377,0.216549,0.081398
3.000000,-0.127603,0.118151,-0.133240,-0.767446,0.216066,0.080987
3.010000,-0.126946,0.117545,-0.132553,-0.769504,0.215585,0.080577
3.020000,-0.126292,0.116943,-0.131870,-0.771550,0.215105,0.080170
3.030000,-0.125642,0.116344,-0.131190,-0.773586,0.214626,0.079765
3.040000,-0.124996,0.115748,-0.130515,-0.775610,0.214148,0.079363
3.050000,-0.124353,0.115155,-0.129843,-0.777623,0.213672,0.078962
3.060000,-0.123714,0.114566,-0.129174,-0.779626,0.213197,0.078563
3.070000,-0.123078,0.113980,-0.128510,-0.781617,0.212723,0.078166
3.080000,-0.122446,0.113397,-0.127849,-0.783597,0.212250,0.077772
3.090000,-0.121817,0.112817,-0.127191,-0.785566,0.211779,0.077379
3.100000,-0.121192,0.112240,-0.126537,-0.787524,0.211309,0.076989
3.110000,-0.120570,0.111666,-0.125887,-0.789472,0.210840,0.076600
3.120000,-0.119951,0.111095,-0.125240,-0.791409,0.210372,0.076214
3.130000,-0.119336,0.110528,-0.124597,-0.793335,0.209906,0.075829
3.140000,-0.118724,0.109963,-0.123957,-0.795250,0.209441,0.075447
3.150000,-0.118115,0.109402,-0.123321,-0.797155,0.208977,0.075066
3.160000,-0.117510,0.108843,-0.122688,-0.799049,0.208514,0.074688
3.170000,-0.116907,0.108287,-0.122059,-0.800933,0.208053,0.074311
3.180000,-0.116309,0.107735,-0.121433,-0.802806,0.207593,0.073936
3.190000,-0.115713,0.107185,-0.120810,-0.804668,0.207134,0.073564
3.200000,-0.115120,0.106638,-0.120191,-0.806521,0.206676,0.073193
3.210000,-0.114531,0.106094,-0.119575,-0.808362,0.206219,0.072824
3.220000,-0.113945,0.105553,-0.118962,-0.810194,0.205764,0.072457
3.230000,-0.113362,0.105015,-0.118353,-0.812015,0.205310,0.072092
3.240000,-0.112782,0.104480,-0.117747,-0.813826,0.204857,0.071728
3.250000,-0.112206,0.103948,-0.117144,-0.815627,0.204405,0.071367
3.260000,-0.111632,0.103418,-0.116545,-0.817418,0.203954,0.071007
3.270000,-0.111061,0.102892,-0.115948,-0.819199,0.203505,0.070650
3.280000,-0.110494,0.102368,-0.115355,-0.820969,0.203057,0.070294
3.290000,-0.109930,0.101846,-0.114765,-0.822730,0.202610,0.069940
3.300000,-0.109368,0.101328,-0.114179,-0.824481,0.202164,0.069588
3.310000,-0.108810,0.100812,-0.113595,-0.826221,0.201719,0.069237
3.320000,-0.108254,0.100299,-0.113015,-0.827952,0.201275,0.068889
3.330000,-0.107702,0.099789,-0.112437,-0.829673,0.200833,0.068542
3.340000,-0.107152,0.099282,-0.111863,-0.831385,0.200391,0.068197
3.350000,-0.106606,0.098777,-0.111292,-0.833086,0.199951,0.067853
3.360000,-0.106062,0.098275,-0.110724,-0.834778,0.199512,0.067512
3.370000,-0.105521,0.097775,-0.110159,-0.836461,0.199074,0.067172
3.380000,-0.104983,0.097278,-0.109597,-0.838133,0.198638,0.066834
3.390000,-0.104448,0.096784,-0.109037,-0.839797,0.198202,0.066498
3.400000,-0.103916,0.096292,-0.108481,-0.841450,0.197767,0.066163
3.410000,-0.103387,0.095803,-0.107928,-0.843095,0.197334,0.065830
3.420000,-0.102860,0.095317,-0.107378,-0.844730,0.196902,0.065499
3.430000,-0.102336,0.094833,-0.106831,-0.846355,0.196471,0.065170
3.440000,-0.101815,0.094351,-0.106286,-0.847971,0.196041,0.064842
3.450000,-0.101297,0.093873,-0.105745,-0.849578,0.195612,0.064516
3.460000,-0.100781,0.093396,-0.105206,-0.851176,0.195184,0.064191
3.470000,-0.100269,0.092922,-0.104670,-0.852765,0.194757,0.063869
3.480000,-0.099759,0.092451,-0.104137,-0.854344,0.194331,0.063548
3.490000,-0.099251,0.091982,-0.103607,-0.855914,0.193907,0.063228
3.500000,-0.098746,0.091516,-0.103080,-0.857476,0.193483,0.062910
3.510000,-0.098244,0.091052,-0.102556,-0.859028,0.193061,0.062594
3.520000,-0.097745,0.090590,-0.102034,-0.860571,0.192639,0.062279
3.530000,-0.097248,0.090131,-0.101515,-0.862106,0.192219,0.061966
3.540000,-0.096754,0.089674,-0.100999,-0.863631,0.191800,0.061655
3.550000,-0.096263,0.089220,-0.100485,-0.865148,0.191382,0.061345
3.560000,-0.095774,0.088768,-0.099974,-0.866656,0.190965,0.061037
3.570000,-0.095287,0.088318,-0.099466,-0.868155,0.190549,0.060730
3.580000,-0.094804,0.087871,-0.098961,-0.869646,0.190134,0.060425
3.590000,-0.094322,0.087426,-0.098458,-0.871128,0.189720,0.060122
3.600000,-0.093843,0.086983,-0.097958,-0.872601,0.189307,0.059820
3.610000,-0.093367,0.086543,-0.097460,-0.874066,0.188895,0.059519
3.620000,-0.092894,0.086105,-0.096966,-0.875522,0.188484,0.059220
3.630000,-0.092422,0.085669,-0.096473,-0.876970,0.188075,0.058923
3.640000,-0.091954,0.085235,-0.095984,-0.878409,0.187666,0.058627
3.650000,-0.091487,0.084804,-0.095497,-0.879840,0.187258,0.058332
3.660000,-0.091023,0.084375,-0.095012,-0.881262,0.186852,0.058040
3.670000,-0.090562,0.083948,-0.094530,-0.882676,0.186446,0.057748
3.680000,-0.090103,0.083524,-0.094051,-0.884082,0.186041,0.057458
3.690000,-0.089646,0.083102,-0.093574,-0.885480,0.185638,0.057170
3.700000,-0.089192,0.082681,-0.093099,-0.886870,0.185235,0.056883
3.710000,-0.088740,0.082263,-0.092627,-0.888251,0.184834,0.056597
3.720000,-0.088291,0.081848,-0.092158,-0.889624,0.184433,0.056313
3.730000,-0.087843,0.081434,-0.091691,-0.890990,0.184034,0.056031
3.740000,-0.087399,0.081023,-0.091226,-0.892347,0.183635,0.055749
3.750000,-0.086956,0.080613,-0.090764,-0.893696,0.183238,0.055470
3.760000,-0.086516,0.080206,-0.090304,-0.895037,0.182841,0.055191
3.770000,-0.086078,0.079801,-0.089847,-0.896371,0.182445,0.054914
3.780000,-0.085642,0.079398,-0.089392,-0.897696,0.182051,0.054639
3.790000,-0.085209,0.078997,-0.088939,-0.899014,0.181657,0.054365
3.800000,-0.084778,0.078598,-0.088489,-0.900324,0.181265,0.054092
3.810000,-0.084349,0.078201,-0.088041,-0.901626,0.180873,0.053821
3.820000,-0.083922,0.077806,-0.087595,-0.902921,0.180482,0.053551
3.830000,-0.083498,0.077414,-0.087152,-0.904208,0.180092,0.053282
3.840000,-0.083076,0.077023,-0.086711,-0.905487,0.179704,0.053015
3.850000,-0.082656,0.076634,-0.086272,-0.906759,0.179316,0.052749
3.860000,-0.082238,0.076248,-0.085836,-0.908023,0.178929,0.052484
3.870000,-0.081822,0.075863,-0.085402,-0.909280,0.178543,0.052221
3.880000,-0.081409,0.075480,-0.084970,-0.910529,0.178158,0.051959
3.890000,-0.080997,0.075100,-0.084540,-0.911771,0.177774,0.051699
3.900000,-0.080588,0.074721,-0.084113,-0.913006,0.177391,0.051439
3.910000,-0.080181,0.074344,-0.083688,-0.914233,0.177009,0.051182
3.920000,-0.079776,0.073969,-0.083265,-0.915453,0.176628,0.050925
3.930000,-0.079373,0.073596,-0.082844,-0.916665,0.176248,0.050670
3.940000,-0.078972,0.073225,-0.082426,-0.917871,0.175869,0.050416
3.950000,-0.078573,0.072856,-0.082009,-0.919069,0.175490,0.050163
3.960000,-0.078177,0.072489,-0.081595,-0.920260,0.175113,0.049912
3.970000,-0.077782,0.072124,-0.081183,-0.921444,0.174736,0.049661
3.980000,-0.077390,0.071760,-0.080773,-0.922621,0.174361,0.049412
3.990000,-0.076999,0.071399,-0.080365,-0.923791,0.173986,0.049165
4.000000,-0.076610,0.071039,-0.079959,-0.924954,0.173613,0.048918
4.010000,-0.076224,0.070681,-0.079556,-0.926110,0.173240,0.048673
4.020000,-0.075839,0.070325,-0.079154,-0.927259,0.172868,0.048429
4.030000,-0.075457,0.069971,-0.078755,-0.928401,0.172497,0.048187
4.040000,-0.075076,0.069618,-0.078357,-0.929537,0.172127,0.047945
4.050000,-0.074698,0.069268,-0.077962,-0.930665,0.171758,0.047705
4.060000,-0.074321,0.068919,-0.077568,-0.931787,0.171389,0.047466
4.070000,-0.073946,0.068572,-0.077177,-0.932902,0.171022,0.047228
4.080000,-0.073573,0.068227,-0.076788,-0.934010,0.170655,0.046992
4.090000,-0.073202,0.067884,-0.076401,-0.935112,0.170290,0.046756
4.100000,-0.072833,0.067542,-0.076015,-0.936207,0.169925,0.046522
4.110000,-0.072466,0.067202,-0.075632,-0.937296,0.169561,0.046289
4.120000,-0.072101,0.066864,-0.075251,-0.938378,0.169198,0.046057
4.130000,-0.071738,0.066527,-0.074871,-0.939453,0.168836,0.045827
4.140000,-0.071376,0.066193,-0.074494,-0.940522,0.168475,0.045597
4.150000,-0.071017,0.065860,-0.074118,-0.941585,0.168115,0.045369
4.160000,-0.070659,0.065528,-0.073745,-0.942641,0.167755,0.045141
4.170000,-0.070303,0.065199,-0.073373,-0.943691,0.167397,0.044915
4.180000,-0.069949,0.064871,-0.073004,-0.944734,0.167039,0.044690
4.190000,-0.069597,0.064545,-0.072636,-0.945771,0.166682,0.044467
4.200000,-0.069246,0.064220,-0.072270,-0.946802,0.166326,0.044244
4.210000,-0.068898,0.063897,-0.071906,-0.947827,0.165971,0.044023
4.220000,-0.068551,0.063576,-0.071544,-0.948846,0.165617,0.043802
4.230000,-0.068206,0.063256,-0.071183,-0.949858,0.165264,0.043583
4.240000,-0.067862,0.062938,-0.070825,-0.950864,0.164911,0.043365
4.250000,-0.067521,0.062622,-0.070468,-0.951864,0.164559,0.043148
4.260000,-0.067181,0.062307,-0.070114,-0.952858,0.164208,0.042932
4.270000,-0.066843,0.061994,-0.069761,-0.953846,0.163858,0.042717
4.280000,-0.066507,0.061682,-0.069409,-0.954829,0.163509,0.042503
4.290000,-0.066172,0.061372,-0.069060,-0.955805,0.163161,0.042290
4.300000,-0.065839,0.061064,-0.068713,-0.956775,0.162813,0.042078
4.310000,-0.065508,0.060757,-0.068367,-0.957739,0.162467,0.041868
4.320000,-0.065178,0.060452,-0.068023,-0.958698,0.162121,0.041658
4.330000,-0.064851,0.060148,-0.067680,-0.959650,0.161776,0.041450
4.340000,-0.064524,0.059846,-0.067340,-0.960597,0.161431,0.041242
4.350000,-0.064200,0.059546,-0.067001,-0.961538,0.161088,0.041036
4.360000,-0.063877,0.059246,-0.066664,-0.962474,0.160745,0.040831
4.370000,-0.063556,0.058949,-0.066329,-0.963403,0.160404,0.040626
4.380000,-0.063236,0.058653,-0.065995,-0.964327,0.160063,0.040423
4.390000,-0.062919,0.058358,-0.065663,-0.965246,0.159723,0.040221
4.400000,-0.062602,0.058065,-0.065333,-0.966158,0.159383,0.040019
4.410000,-0.062288,0.057774,-0.065005,-0.967066,0.159045,0.039819
4.420000,-0.061975,0.057484,-0.064678,-0.967967,0.158707,0.039620
4.430000,-0.061663,0.057195,-0.064353,-0.968863,0.158370,0.039422
4.440000,-0.061353,0.056908,-0.064029,-0.969754,0.158034,0.039225
4.450000,-0.061045,0.056622,-0.063707,-0.970640,0.157699,0.039028
4.460000,-0.060738,0.056338,-0.063387,-0.971519,0.157364,0.038833
4.470000,-0.060433,0.056055,-0.063069,-0.972394,0.157030,0.038639
4.480000,-0.060130,0.055774,-0.062752,-0.973263,0.156697,0.038446
4.490000,-0.059827,0.055494,-0.062436,-0.974127,0.156365,0.038253
4.500000,-0.059527,0.055216,-0.062123,-0.974985,0.156034,0.038062
4.510000,-0.059228,0.054939,-0.061811,-0.975839,0.155703,0.037872
4.520000,-0.058931,0.054663,-0.061500,-0.976687,0.155373,0.037682
4.530000,-0.058635,0.054389,-0.061191,-0.977530,0.155044,0.037494
4.540000,-0.058340,0.054116,-0.060884,-0.978367,0.154716,0.037306
4.550000,-0.058047,0.053844,-0.060578,-0.979200,0.154389,0.037120
4.560000,-0.057756,0.053574,-0.060274,-0.980028,0.154062,0.036934
4.570000,-0.057466,0.053306,-0.059971,-0.980850,0.153736,0.036749
4.580000,-0.057177,0.053038,-0.059670,-0.981667,0.153411,0.036565
4.590000,-0.056890,0.052772,-0.059370,-0.982480,0.153086,0.036383
4.600000,-0.056605,0.052508,-0.059072,-0.983287,0.152763,0.036201
4.610000,-0.056321,0.052244,-0.058776,-0.984089,0.152440,0.036020
4.620000,-0.056038,0.051982,-0.058481,-0.984887,0.152118,0.035839
4.630000,-0.055757,0.051722,-0.058187,-0.985679,0.151796,0.035660
4.640000,-0.055477,0.051462,-0.057895,-0.986467,0.151476,0.035482
4.650000,-0.055199,0.051204,-0.057604,-0.987250,0.151156,0.035305
4.660000,-0.054922,0.050948,-0.057315,-0.988028,0.150837,0.035128
4.670000,-0.054646,0.050692,-0.057028,-0.988801,0.150518,0.034952
4.680000,-0.054372,0.050438,-0.056741,-0.989570,0.150201,0.034778
4.690000,-0.054099,0.050185,-0.056457,-0.990333,0.149884,0.034604
4.700000,-0.053828,0.049934,-0.056173,-0.991093,0.149568,0.034431
4.710000,-0.053558,0.049683,-0.055891,-0.991847,0.149252,0.034259
4.720000,-0.053289,0.049434,-0.055611,-0.992597,0.148937,0.034087
4.730000,-0.053022,0.049187,-0.055332,-0.993342,0.148623,0.033917
4.740000,-0.052756,0.048940,-0.055055,-0.994082,0.148310,0.033747
4.750000,-0.052491,0.048695,-0.054778,-0.994818,0.147998,0.033579
4.760000,-0.052228,0.048451,-0.054504,-0.995549,0.147686,0.033411
4.770000,-0.051966,0.048208,-0.054230,-0.996276,0.147375,0.033244
4.780000,-0.051706,0.047967,-0.053958,-0.996999,0.147065,0.033078
4.790000,-0.051446,0.047726,-0.053688,-0.997717,0.146755,0.032912
4.800000,-0.051188,0.047487,-0.053418,-0.998430,0.146446,0.032748
4.810000,-0.050932,0.047249,-0.053150,-0.999139,0.146138,0.032584
4.820000,-0.050676,0.047012,-0.052884,-0.999844,0.145830,0.032421
4.830000,-0.050422,0.046777,-0.052619,-1.000544,0.145524,0.032259
4.840000,-0.050170,0.046543,-0.052355,-1.001240,0.145218,0.032098
4.850000,-0.049918,0.046310,-0.052093,-1.001932,0.144912,0.031938
4.860000,-0.049668,0.046078,-0.051831,-1.002619,0.144608,0.031778
4.870000,-0.049419,0.045847,-0.051572,-1.003302,0.144304,0.031619
4.880000,-0.049171,0.045617,-0.051313,-1.003981,0.144000,0.031461
4.890000,-0.048925,0.045389,-0.051056,-1.004656,0.143698,0.031304
4.900000,-0.048680,0.045161,-0.050800,-1.005326,0.143396,0.031148
4.910000,-0.048436,0.044935,-0.050545,-1.005993,0.143095,0.030992
4.920000,-0.048193,0.044710,-0.050292,-1.006655,0.142794,0.030837
4.930000,-0.047952,0.044486,-0.050040,-1.007313,0.142495,0.030683
4.940000,-0.047711,0.044264,-0.049789,-1.007967,0.142196,0.030530
4.950000,-0.047472,0.044042,-0.049540,-1.008617,0.141897,0.030377
4.960000,-0.047234,0.043822,-0.049291,-1.009263,0.141600,0.030225
4.970000,-0.046998,0.043602,-0.049044,-1.009905,0.141303,0.030074
4.980000,-0.046762,0.043384,-0.048799,-1.010543,0.141006,0.029924
4.990000,-0.046528,0.043167,-0.048554,-1.011176,0.140711,0.029775
5.000000,-0.046295,0.042951,-0.048311,-1.011806,0.140416,0.029626
5.010000,-0.046063,0.042736,-0.048069,-1.012433,0.140121,0.029478
5.020000,-0.045833,0.042522,-0.047828,-1.013055,0.139828,0.029330
5.030000,-0.045603,0.042309,-0.047589,-1.013673,0.139535,0.029184
5.040000,-0.045375,0.042097,-0.047350,-1.014288,0.139243,0.029038
5.050000,-0.045147,0.041886,-0.047113,-1.014898,0.138951,0.028893
5.060000,-0.044921,0.041677,-0.046877,-1.015505,0.138660,0.028749
5.070000,-0.044696,0.041468,-0.046642,-1.016108,0.138370,0.028605
5.080000,-0.044473,0.041261,-0.046409,-1.016707,0.138080,0.028462
5.090000,-0.044250,0.041054,-0.046176,-1.017303,0.137791,0.028320
5.100000,-0.044028,0.040849,-0.045945,-1.017895,0.137503,0.028179
5.110000,-0.043808,0.040644,-0.045715,-1.018483,0.137215,0.028038
5.120000,-0.043589,0.040441,-0.045486,-1.019067,0.136928,0.027898
5.130000,-0.043370,0.040239,-0.045258,-1.019648,0.136642,0.027758
5.140000,-0.043153,0.040037,-0.045032,-1.020226,0.136356,0.027620
5.150000,-0.042937,0.039837,-0.044806,-1.020799,0.136071,0.027482
5.160000,-0.042722,0.039638,-0.044582,-1.021369,0.135787,0.027344
5.170000,-0.042508,0.039439,-0.044359,-1.021936,0.135503,0.027208
5.180000,-0.042296,0.039242,-0.044137,-1.022499,0.135220,0.027072
5.190000,-0.042084,0.039046,-0.043916,-1.023058,0.134938,0.026937
5.200000,-0.041873,0.038850,-0.043696,-1.023614,0.134656,0.026802
5.210000,-0.041664,0.038656,-0.043477,-1.024166,0.134375,0.026668
5.220000,-0.041455,0.038463,-0.043260,-1.024715,0.134094,0.026535
5.230000,-0.041248,0.038270,-0.043043,-1.025261,0.133814,0.026403
5.240000,-0.041041,0.038079,-0.042828,-1.025803,0.133535,0.026271
5.250000,-0.040836,0.037888,-0.042613,-1.026342,0.133256,0.026140
5.260000,-0.040632,0.037699,-0.042400,-1.026877,0.132978,0.026009
5.270000,-0.040428,0.037510,-0.042188,-1.027409,0.132701,0.025879
5.280000,-0.040226,0.037323,-0.041977,-1.027938,0.132424,0.025750
5.290000,-0.040025,0.037136,-0.041767,-1.028463,0.132148,0.025621
5.300000,-0.039824,0.036950,-0.041558,-1.028986,0.131873,0.025493
5.310000,-0.039625,0.036765,-0.041350,-1.029504,0.131598,0.025366
5.320000,-0.039427,0.036582,-0.041143,-1.030020,0.131323,0.025239
5.330000,-0.039230,0.036399,-0.040937,-1.030532,0.131050,0.025113
5.340000,-0.039033,0.036217,-0.040732,-1.031041,0.130777,0.024988
5.350000,-0.038838,0.036036,-0.040528,-1.031547,0.130504,0.024863
5.360000,-0.038644,0.035855,-0.040325,-1.032050,0.130233,0.024739
5.370000,-0.038451,0.035676,-0.040124,-1.032550,0.129961,0.024615
5.380000,-0.038258,0.035498,-0.039923,-1.033046,0.129691,0.024492
5.390000,-0.038067,0.035320,-0.039723,-1.033540,0.129421,0.024370
5.400000,-0.037877,0.035144,-0.039525,-1.034030,0.129152,0.024248
5.410000,-0.037687,0.034968,-0.039327,-1.034517,0.128883,0.024127
5.420000,-0.037499,0.034793,-0.039130,-1.035001,0.128615,0.024007
5.430000,-0.037311,0.034619,-0.038934,-1.035482,0.128347,0.023887
5.440000,-0.037124,0.034446,-0.038740,-1.035961,0.128080,0.023768
5.450000,-0.036939,0.034274,-0.038546,-1.036436,0.127814,0.023649
5.460000,-0.036754,0.034102,-0.038353,-1.036908,0.127548,0.023531
5.470000,-0.036570,0.033932,-0.038161,-1.037377,0.127283,0.023414
5.480000,-0.036387,0.033762,-0.037970,-1.037843,0.127018,0.023297
5.490000,-0.036205,0.033594,-0.037781,-1.038306,0.126755,0.023180
5.500000,-0.036024,0.033426,-0.037592,-1.038767,0.126491,0.023065
5.510000,-0.035844,0.033259,-0.037404,-1.039224,0.126228,0.022949
5.520000,-0.035665,0.033092,-0.037217,-1.039679,0.125966,0.022835
5.530000,-0.035487,0.032927,-0.037030,-1.040130,0.125705,0.022721
5.540000,-0.035309,0.032762,-0.036845,-1.040579,0.125444,0.022607
5.550000,-0.035133,0.032599,-0.036661,-1.041025,0.125183,0.022495
5.560000,-0.034957,0.032436,-0.036478,-1.041468,0.124923,0.022382
5.570000,-0.034782,0.032274,-0.036295,-1.041909,0.124664,0.022270
5.580000,-0.034608,0.032112,-0.036114,-1.042347,0.124405,0.022159
5.590000,-0.034435,0.031952,-0.035933,-1.042781,0.124147,0.022049
5.600000,-0.034263,0.031792,-0.035754,-1.043214,0.123890,0.021939
5.610000,-0.034092,0.031633,-0.035575,-1.043643,0.123633,0.021829
5.620000,-0.033921,0.031475,-0.035397,-1.044070,0.123376,0.021720
5.630000,-0.033752,0.031318,-0.035220,-1.044494,0.123120,0.021612
5.640000,-0.033583,0.031161,-0.035044,-1.044915,0.122865,0.021504
5.650000,-0.033415,0.031006,-0.034869,-1.045334,0.122610,0.021396
5.660000,-0.033248,0.030851,-0.034694,-1.045750,0.122356,0.021290
5.670000,-0.033082,0.030697,-0.034521,-1.046163,0.122103,0.021183
5.680000,-0.032917,0.030543,-0.034348,-1.046574,0.121850,0.021078
5.690000,-0.032752,0.030391,-0.034177,-1.046983,0.121597,0.020972
5.700000,-0.032588,0.030239,-0.034006,-1.047388,0.121345,0.020868
5.710000,-0.032426,0.030088,-0.033836,-1.047791,0.121094,0.020764
5.720000,-0.032264,0.029937,-0.033667,-1.048192,0.120843,0.020660
5.730000,-0.032102,0.029788,-0.033499,-1.048590,0.120593,0.020557
5.740000,-0.031942,0.029639,-0.033331,-1.048986,0.120343,0.020454
5.750000,-0.031782,0.029491,-0.033165,-1.049379,0.120094,0.020352
5.760000,-0.031623,0.029343,-0.032999,-1.049769,0.119846,0.020250
5.770000,-0.031465,0.029197,-0.032834,-1.050157,0.119598,0.020149
5.780000,-0.031308,0.029051,-0.032670,-1.050543,0.119350,0.020049
5.790000,-0.031152,0.028906,-0.032506,-1.050926,0.119103,0.019949
5.800000,-0.030996,0.028761,-0.032344,-1.051307,0.118857,0.019849
5.810000,-0.030841,0.028618,-0.032182,-1.051685,0.118611,0.019750
5.820000,-0.030687,0.028475,-0.032022,-1.052061,0.118366,0.019651
5.830000,-0.030534,0.028333,-0.031862,-1.052435,0.118121,0.019553
5.840000,-0.030381,0.028191,-0.031702,-1.052806,0.117877,0.019456
5.850000,-0.030229,0.028050,-0.031544,-1.053175,0.117633,0.019359
5.860000,-0.030078,0.027910,-0.031386,-1.053541,0.117390,0.019262
5.870000,-0.029928,0.027771,-0.031229,-1.053906,0.117148,0.019166
5.880000,-0.029778,0.027632,-0.031073,-1.054268,0.116906,0.019070
5.890000,-0.029630,0.027494,-0.030918,-1.054627,0.116664,0.018975
5.900000,-0.029482,0.027357,-0.030764,-1.054985,0.116423,0.018880
5.910000,-0.029334,0.027220,-0.030610,-1.055340,0.116183,0.018786
5.920000,-0.029188,0.027084,-0.030457,-1.055693,0.115943,0.018692
5.930000,-0.029042,0.026949,-0.030305,-1.056043,0.115703,0.018599
5.940000,-0.028897,0.026814,-0.030153,-1.056392,0.115464,0.018506
5.950000,-0.028752,0.026680,-0.030003,-1.056738,0.115226,0.018414
5.960000,-0.028609,0.026547,-0.029853,-1.057082,0.114988,0.018322
5.970000,-0.028466,0.026414,-0.029704,-1.057424,0.114751,0.018231
5.980000,-0.028324,0.026282,-0.029555,-1.057763,0.114514,0.018140
5.990000,-0.028182,0.026151,-0.029408,-1.058101,0.114278,0.018049
6.000000,-0.028041,0.026021,-0.029261,-1.058436,0.114042,0.017959
6.010000,-0.027901,0.025891,-0.029115,-1.058769,0.113807,0.017869
6.020000,-0.027762,0.025761,-0.028969,-1.059101,0.113572,0.017780
6.030000,-0.027623,0.025633,-0.028824,-1.059430,0.113338,0.017691
6.040000,-0.027485,0.025505,-0.028680,-1.059757,0.113104,0.017603
6.050000,-0.027348,0.025377,-0.028537,-1.060081,0.112871,0.017515
6.060000,-0.027211,0.025250,-0.028395,-1.060404,0.112639,0.017428
6.070000,-0.027076,0.025124,-0.028253,-1.060725,0.112406,0.017341
6.080000,-0.026940,0.024999,-0.028112,-1.061044,0.112175,0.017254
6.090000,-0.026806,0.024874,-0.027971,-1.061360,0.111944,0.017168
6.100000,-0.026672,0.024750,-0.027832,-1.061675,0.111713,0.017083
6.110000,-0.026539,0.024626,-0.027693,-1.061988,0.111483,0.016997
6.120000,-0.026406,0.024503,-0.027554,-1.062299,0.111253,0.016912
6.130000,-0.026274,0.024381,-0.027417,-1.062607,0.111024,0.016828
6.140000,-0.026143,0.024259,-0.027280,-1.062914,0.110795,0.016744
6.150000,-0.026012,0.024138,-0.027143,-1.063219,0.110567,0.016661
6.160000,-0.025883,0.024018,-0.027008,-1.063522,0.110340,0.016577
6.170000,-0.025753,0.023898,-0.026873,-1.063823,0.110113,0.016495
6.180000,-0.025625,0.023778,-0.026739,-1.064122,0.109886,0.016412
6.190000,-0.025497,0.023660,-0.026605,-1.064419,0.109660,0.016330
6.200000,-0.025369,0.023541,-0.026472,-1.064714,0.109434,0.016249
6.210000,-0.025243,0.023424,-0.026340,-1.065008,0.109209,0.016168
6.220000,-0.025117,0.023307,-0.026209,-1.065299,0.108984,0.016087
6.230000,-0.024991,0.023191,-0.026078,-1.065589,0.108760,0.016007
6.240000,-0.024866,0.023075,-0.025947,-1.065877,0.108536,0.015927
6.250000,-0.024742,0.022960,-0.025818,-1.066163,0.108313,0.015848
6.260000,-0.024619,0.022845,-0.025689,-1.066447,0.108091,0.015769
6.270000,-0.024496,0.022731,-0.025561,-1.066729,0.107868,0.015690
6.280000,-0.024373,0.022617,-0.025433,-1.067010,0.107647,0.015612
6.290000,-0.024252,0.022504,-0.025306,-1.067289,0.107425,0.015534
6.300000,-0.024131,0.022392,-0.025180,-1.067566,0.107204,0.015456
6.310000,-0.024010,0.022280,-0.025054,-1.067841,0.106984,0.015379
6.320000,-0.023890,0.022169,-0.024929,-1.068115,0.106764,0.015302
6.330000,-0.023771,0.022058,-0.024804,-1.068387,0.106545,0.015226
6.340000,-0.023652,0.021948,-0.024680,-1.068657,0.106326,0.015150
6.350000,-0.023534,0.021839,-0.024557,-1.068925,0.106108,0.015074
6.360000,-0.023417,0.021730,-0.024435,-1.069192,0.105890,0.014999
6.370000,-0.023300,0.021621,-0.024313,-1.069456,0.105672,0.014924
6.380000,-0.023183,0.021513,-0.024191,-1.069720,0.105455,0.014850
6.390000,-0.023068,0.021406,-0.024070,-1.069981,0.105239,0.014776
6.400000,-0.022952,0.021299,-0.023950,-1.070241,0.105023,0.014702
6.410000,-0.022838,0.021193,-0.023831,-1.070499,0.104807,0.014629
6.420000,-0.022724,0.021087,-0.023712,-1.070756,0.104592,0.014556
6.430000,-0.022610,0.020982,-0.023593,-1.071011,0.104377,0.014483
6.440000,-0.022497,0.020877,-0.023475,-1.071264,0.104163,0.014411
6.450000,-0.022385,0.020773,-0.023358,-1.071516,0.103949,0.014339
6.460000,-0.022273,0.020669,-0.023242,-1.071766,0.103736,0.014267
6.470000,-0.022162,0.020566,-0.023126,-1.072015,0.103523,0.014196
6.480000,-0.022052,0.020463,-0.023010,-1.072262,0.103311,0.014125
6.490000,-0.021941,0.020361,-0.022895,-1.072507,0.103099,0.014055
6.500000,-0.021832,0.020259,-0.022781,-1.072751,0.102888,0.013985
6.510000,-0.021723,0.020158,-0.022667,-1.072993,0.102677,0.013915
6.520000,-0.021615,0.020058,-0.022554,-1.073234,0.102466,0.013845
6.530000,-0.021507,0.019958,-0.022441,-1.073473,0.102256,0.013776
6.540000,-0.021399,0.019858,-0.022329,-1.073711,0.102046,0.013708
6.550000,-0.021292,0.019759,-0.022218,-1.073947,0.101837,0.013639
6.560000,-0.021186,0.019660,-0.022107,-1.074182,0.101628,0.013571
6.570000,-0.021080,0.019562,-0.021997,-1.074415,0.101420,0.013504
6.580000,-0.020975,0.019464,-0.021887,-1.074646,0.101212,0.013436
6.590000,-0.020870,0.019367,-0.021778,-1.074877,0.101005,0.013369
6.600000,-0.020766,0.019271,-0.021669,-1.075105,0.100798,0.013302
6.610000,-0.020663,0.019174,-0.021561,-1.075333,0.100592,0.013236
6.620000,-0.020559,0.019079,-0.021453,-1.075558,0.100385,0.013170
6.630000,-0.020457,0.018983,-0.021346,-1.075783,0.100180,0.013104
6.640000,-0.020355,0.018889,-0.021239,-1.076006,0.099975,0.013039
6.650000,-0.020253,0.018794,-0.021133,-1.076227,0.099770,0.012974
6.660000,-0.020152,0.018701,-0.021028,-1.076447,0.099566,0.012909
6.670000,-0.020051,0.018607,-0.020923,-1.076666,0.099362,0.012845
6.680000,-0.019951,0.018514,-0.020819,-1.076883,0.099158,0.012781
6.690000,-0.019852,0.018422,-0.020715,-1.077099,0.098956,0.012717
6.700000,-0.019753,0.018330,-0.020611,-1.077314,0.098753,0.012653
6.710000,-0.019654,0.018239,-0.020508,-1.077527,0.098551,0.012590
6.720000,-0.019556,0.018148,-0.020406,-1.077739,0.098349,0.012527
6.730000,-0.019458,0.018057,-0.020304,-1.077949,0.098148,0.012465
6.740000,-0.019361,0.017967,-0.020203,-1.078158,0.097947,0.012403
6.750000,-0.019265,0.017877,-0.020102,-1.078366,0.097747,0.012341
6.760000,-0.019168,0.017788,-0.020002,-1.078573,0.097547,0.012279
6.770000,-0.019073,0.017699,-0.019902,-1.078778,0.097347,0.012218
6.780000,-0.018978,0.017611,-0.019802,-1.078982,0.097148,0.012157
6.790000,-0.018883,0.017523,-0.019704,-1.079184,0.096950,0.012096
6.800000,-0.018789,0.017436,-0.019605,-1.079385,0.096751,0.012036
6.810000,-0.018695,0.017349,-0.019507,-1.079585,0.096554,0.011976
6.820000,-0.018602,0.017262,-0.019410,-1.079784,0.096356,0.011916
6.830000,-0.018509,0.017176,-0.019313,-1.079981,0.096159,0.011857
6.840000,-0.018416,0.017090,-0.019217,-1.080177,0.095963,0.011798
6.850000,-0.018324,0.017005,-0.019121,-1.080372,0.095767,0.011739
6.860000,-0.018233,0.016920,-0.019025,-1.080566,0.095571,0.011680
6.870000,-0.018142,0.016836,-0.018930,-1.080758,0.095376,0.011622
6.880000,-0.018051,0.016752,-0.018836,-1.080949,0.095181,0.011564
6.890000,-0.017961,0.016668,-0.018742,-1.081139,0.094986,0.011506
6.900000,-0.017872,0.016585,-0.018648,-1.081328,0.094792,0.011449
6.910000,-0.017782,0.016502,-0.018555,-1.081516,0.094599,0.011392
6.920000,-0.017694,0.016420,-0.018463,-1.081702,0.094405,0.011335
6.930000,-0.017605,0.016338,-0.018371,-1.081887,0.094213,0.011278
6.940000,-0.017518,0.016256,-0.018279,-1.082071,0.094020,0.011222
6.950000,-0.017430,0.016175,-0.018188,-1.082254,0.093828,0.011166
6.960000,-0.017343,0.016094,-0.018097,-1.082435,0.093637,0.011110
6.970000,-0.017257,0.016014,-0.018007,-1.082616,0.093445,0.011055
6.980000,-0.017171,0.015934,-0.017917,-1.082795,0.093255,0.011000
6.990000,-0.017085,0.015855,-0.017827,-1.082973,0.093064,0.010945
7.000000,-0.017000,0.015775,-0.017738,-1.083150,0.092874,0.010890
7.010000,-0.016915,0.015697,-0.017650,-1.083326,0.092685,0.010836
7.020000,-0.016830,0.015618,-0.017562,-1.083501,0.092496,0.010782
7.030000,-0.016746,0.015541,-0.017474,-1.083675,0.092307,0.010728
7.040000,-0.016663,0.015463,-0.017387,-1.083847,0.092119,0.010675
7.050000,-0.016580,0.015386,-0.017300,-1.084019,0.091931,0.010621
7.060000,-0.016497,0.015309,-0.017214,-1.084189,0.091743,0.010569
7.070000,-0.016415,0.015233,-0.017128,-1.084358,0.091556,0.010516
7.080000,-0.016333,0.015157,-0.017042,-1.084526,0.091369,0.010463
7.090000,-0.016251,0.015081,-0.016957,-1.084693,0.091183,0.010411
7.100000,-0.016170,0.015006,-0.016873,-1.084859,0.090997,0.010359
7.110000,-0.016089,0.014931,-0.016789,-1.085024,0.090811,0.010308
7.120000,-0.016009,0.014856,-0.016705,-1.085188,0.090626,0.010256
7.130000,-0.015929,0.014782,-0.016621,-1.085351,0.090441,0.010205
7.140000,-0.015850,0.014708,-0.016538,-1.085513,0.090257,0.010154
7.150000,-0.015771,0.014635,-0.016456,-1.085673,0.090073,0.010103
7.160000,-0.015692,0.014562,-0.016374,-1.085833,0.089889,0.010053
7.170000,-0.015614,0.014489,-0.016292,-1.085992,0.089706,0.010003
7.180000,-0.015536,0.014417,-0.016211,-1.086150,0.089523,0.009953
7.190000,-0.015458,0.014345,-0.016130,-1.086306,0.089341,0.009903
7.200000,-0.015381,0.014274,-0.016049,-1.086462,0.089159,0.009854
7.210000,-0.015304,0.014202,-0.015969,-1.086617,0.088977,0.009805
7.220000,-0.015228,0.014132,-0.015890,-1.086770,0.088796,0.009756
7.230000,-0.015152,0.014061,-0.015810,-1.086923,0.088615,0.009707
7.240000,-0.015076,0.013991,-0.015731,-1.087075,0.088435,0.009659
7.250000,-0.015001,0.013921,-0.015653,-1.087225,0.088254,0.009611
7.260000,-0.014926,0.013852,-0.015575,-1.087375,0.088075,0.009563
7.270000,-0.014852,0.013782,-0.015497,-1.087524,0.087895,0.009515
7.280000,-0.014778,0.013714,-0.015420,-1.087672,0.087716,0.009467
7.290000,-0.014704,0.013645,-0.015343,-1.087819,0.087538,0.009420
7.300000,-0.014631,0.013577,-0.015266,-1.087965,0.087359,0.009373
7.310000,-0.014558,0.013509,-0.015190,-1.088110,0.087182,0.009326
7.320000,-0.014485,0.013442,-0.015114,-1.088254,0.087004,0.009280
7.330000,-0.014413,0.013375,-0.015039,-1.088397,0.086827,0.009234
7.340000,-0.014341,0.013308,-0.014964,-1.088540,0.086650,0.009188
7.350000,-0.014269,0.013242,-0.014889,-1.088681,0.086474,0.009142
7.360000,-0.014198,0.013176,-0.014815,-1.088821,0.086298,0.009096
7.370000,-0.014127,0.013110,-0.014741,-1.088961,0.086122,0.009051
7.380000,-0.014057,0.013045,-0.014667,-1.089100,0.085947,0.009006
7.390000,-0.013987,0.012980,-0.014594,-1.089237,0.085772,0.008961
7.400000,-0.013917,0.012915,-0.014521,-1.089374,0.085598,0.008916
7.410000,-0.013847,0.012850,-0.014449,-1.089510,0.085423,0.008872
7.420000,-0.013778,0.012786,-0.014377,-1.089645,0.085250,0.008827
7.430000,-0.013709,0.012722,-0.014305,-1.089780,0.085076,0.008783
7.440000,-0.013641,0.012659,-0.014234,-1.089913,0.084903,0.008739
7.450000,-0.013573,0.012596,-0.014163,-1.090046,0.084731,0.008696
7.460000,-0.013505,0.012533,-0.014092,-1.090177,0.084558,0.008652
7.470000,-0.013438,0.012470,-0.014022,-1.090308,0.084386,0.008609
7.480000,-0.013371,0.012408,-0.013952,-1.090438,0.084215,0.008566
7.490000,-0.013304,0.012346,-0.013882,-1.090567,0.084043,0.008524
7.500000,-0.013238,0.012285,-0.013813,-1.090696,0.083873,0.008481
7.510000,-0.013172,0.012223,-0.013744,-1.090823,0.083702,0.008439
7.520000,-0.013106,0.012162,-0.013676,-1.090950,0.083532,0.008397
7.530000,-0.013041,0.012102,-0.013607,-1.091076,0.083362,0.008355
7.540000,-0.012976,0.012041,-0.013539,-1.091201,0.083193,0.008313
7.550000,-0.012911,0.011981,-0.013472,-1.091325,0.083024,0.008272
7.560000,-0.012846,0.011922,-0.013405,-1.091449,0.082855,0.008230
7.570000,-0.012782,0.011862,-0.013338,-1.091572,0.082687,0.008189
7.580000,-0.012719,0.011803,-0.013271,-1.091693,0.082519,0.008148
7.590000,-0.012655,0.011744,-0.013205,-1.091815,0.082351,0.008108
7.600000,-0.012592,0.011685,-0.013139,-1.091935,0.082184,0.008067
7.610000,-0.012529,0.011627,-0.013074,-1.092055,0.082017,0.008027
7.620000,-0.012467,0.011569,-0.013008,-1.092173,0.081850,0.007987
7.630000,-0.012404,0.011511,-0.012943,-1.092291,0.081684,0.007947
7.640000,-0.012343,0.011454,-0.012879,-1.092409,0.081518,0.007908
7.650000,-0.012281,0.011397,-0.012815,-1.092525,0.081352,0.007868
7.660000,-0.012220,0.011340,-0.012751,-1.092641,0.081187,0.007829
7.670000,-0.012159,0.011283,-0.012687,-1.092756,0.081022,0.007790
7.680000,-0.012098,0.011227,-0.012624,-1.092870,0.080858,0.007751
7.690000,-0.012038,0.011171,-0.012561,-1.092984,0.080693,0.007712
7.700000,-0.011978,0.011115,-0.012498,-1.093097,0.080530,0.007674
7.710000,-0.011918,0.011060,-0.012436,-1.093209,0.080366,0.007636
7.720000,-0.011858,0.011005,-0.012374,-1.093320,0.080203,0.007598
7.730000,-0.011799,0.010950,-0.012312,-1.093431,0.080040,0.007560
7.740000,-0.011740,0.010895,-0.012251,-1.093541,0.079878,0.007522
7.750000,-0.011682,0.010841,-0.012189,-1.093650,0.079715,0.007484
7.760000,-0.011624,0.010787,-0.012129,-1.093759,0.079554,0.007447
7.770000,-0.011566,0.010733,-0.012068,-1.093867,0.079392,0.007410
7.780000,-0.011508,0.010679,-0.012008,-1.093974,0.079231,0.007373
7.790000,-0.011450,0.010626,-0.011948,-1.094081,0.079070,0.007336
7.800000,-0.011393,0.010573,-0.011888,-1.094186,0.078910,0.007300
7.810000,-0.011336,0.010520,-0.011829,-1.094292,0.078750,0.007263
7.820000,-0.011280,0.010468,-0.011770,-1.094396,0.078590,0.007227
7.830000,-0.011224,0.010416,-0.011711,-1.094500,0.078431,0.007191
7.840000,-0.011168,0.010364,-0.011653,-1.094603,0.078271,0.007155
7.850000,-0.011112,0.010312,-0.011595,-1.094705,0.078113,0.007119
7.860000,-0.011057,0.010261,-0.011537,-1.094807,0.077954,0.007084
7.870000,-0.011001,0.010209,-0.011479,-1.094908,0.077796,0.007049
7.880000,-0.010946,0.010159,-0.011422,-1.095009,0.077638,0.007013
7.890000,-0.010892,0.010108,-0.011365,-1.095109,0.077481,0.006978
7.900000,-0.010838,0.010057,-0.011308,-1.095208,0.077324,0.006944
7.910000,-0.010783,0.010007,-0.011252,-1.095306,0.077167,0.006909
7.920000,-0.010730,0.009957,-0.011196,-1.095404,0.077011,0.006874
7.930000,-0.010676,0.009908,-0.011140,-1.095502,0.076854,0.006840
7.940000,-0.010623,0.009858,-0.011084,-1.095598,0.076699,0.006806
7.950000,-0.010570,0.009809,-0.011029,-1.095694,0.076543,0.006772
7.960000,-0.010517,0.009760,-0.010974,-1.095790,0.076388,0.006738
7.970000,-0.010465,0.009711,-0.010919,-1.095885,0.076233,0.006705
7.980000,-0.010412,0.009663,-0.010865,-1.095979,0.076079,0.006671
7.990000,-0.010361,0.009615,-0.010811,-1.096073,0.075924,0.006638
8.000000,-0.010309,0.009567,-0.010757,-1.096166,0.075771,0.006605
8.010000,-0.010257,0.009519,-0.010703,-1.096258,0.075617,0.006572
8.020000,-0.010206,0.009472,-0.010650,-1.096350,0.075464,0.006539
8.030000,-0.010155,0.009424,-0.010597,-1.096441,0.075311,0.006507
8.040000,-0.010105,0.009377,-0.010544,-1.096532,0.075158,0.006474
8.050000,-0.010054,0.009331,-0.010491,-1.096622,0.075006,0.006442
8.060000,-0.010004,0.009284,-0.010439,-1.096711,0.074854,0.006410
8.070000,-0.009954,0.009238,-0.010387,-1.096800,0.074702,0.006378
8.080000,-0.009905,0.009192,-0.010335,-1.096889,0.074551,0.006346
8.090000,-0.009855,0.009146,-0.010283,-1.096976,0.074400,0.006314
8.100000,-0.009806,0.009100,-0.010232,-1.097064,0.074249,0.006283
8.110000,-0.009757,0.009055,-0.010181,-1.097150,0.074099,0.006251
8.120000,-0.009708,0.009010,-0.010130,-1.097236,0.073949,0.006220
8.130000,-0.009660,0.008965,-0.010080,-1.097322,0.073799,0.006189
8.140000,-0.009612,0.008920,-0.010029,-1.097407,0.073650,0.006158
8.150000,-0.009564,0.008875,-0.009979,-1.097491,0.073500,0.006128
8.160000,-0.009516,0.008831,-0.009930,-1.097575,0.073352,0.006097
8.170000,-0.009469,0.008787,-0.009880,-1.097659,0.073203,0.006067
8.180000,-0.009421,0.008743,-0.009831,-1.097741,0.073055,0.006036
8.190000,-0.009374,0.008700,-0.009782,-1.097824,0.072907,0.006006
8.200000,-0.009328,0.008656,-0.009733,-1.097905,0.072759,0.005976
8.210000,-0.009281,0.008613,-0.009684,-1.097987,0.072612,0.005946
8.220000,-0.009235,0.008570,-0.009636,-1.098067,0.072465,0.005917
8.230000,-0.009189,0.008527,-0.009588,-1.098148,0.072318,0.005887
8.240000,-0.009143,0.008485,-0.009540,-1.098227,0.072172,0.005858
8.250000,-0.009097,0.008443,-0.009493,-1.098306,0.072026,0.005829
8.260000,-0.009052,0.008400,-0.009445,-1.098385,0.071880,0.005800
8.270000,-0.009007,0.008358,-0.009398,-1.098463,0.071735,0.005771
8.280000,-0.008962,0.008317,-0.009351,-1.098541,0.071590,0.005742
8.290000,-0.008917,0.008275,-0.009305,-1.098618,0.071445,0.005713
8.300000,-0.008873,0.008234,-0.009258,-1.098695,0.071300,0.005685
8.310000,-0.008828,0.008193,-0.009212,-1.098771,0.071156,0.005656
8.320000,-0.008784,0.008152,-0.009166,-1.098846,0.071012,0.005628
8.330000,-0.008741,0.008111,-0.009120,-1.098922,0.070868,0.005600
8.340000,-0.008697,0.008071,-0.009075,-1.098996,0.070725,0.005572
8.350000,-0.008654,0.008031,-0.009030,-1.099071,0.070582,0.005544
8.360000,-0.008610,0.007991,-0.008985,-1.099144,0.070439,0.005517
8.370000,-0.008567,0.007951,-0.008940,-1.099218,0.070297,0.005489
8.380000,-0.008525,0.007911,-0.008895,-1.099290,0.070154,0.005462
8.390000,-0.008482,0.007872,-0.008851,-1.099363,0.070013,0.005435
8.400000,-0.008440,0.007832,-0.008807,-1.099435,0.069871,0.005408
8.410000,-0.008398,0.007793,-0.008763,-1.099506,0.069730,0.005381
8.420000,-0.008356,0.007754,-0.008719,-1.099577,0.069589,0.005354
8.430000,-0.008314,0.007716,-0.008675,-1.099647,0.069448,0.005327
8.440000,-0.008273,0.007677,-0.008632,-1.099717,0.069308,0.005300
8.450000,-0.008231,0.007639,-0.008589,-1.099787,0.069167,0.005274
8.460000,-0.008190,0.007601,-0.008546,-1.099856,0.069028,0.005248
8.470000,-0.008150,0.007563,-0.008504,-1.099925,0.068888,0.005222
8.480000,-0.008109,0.007525,-0.008461,-1.099993,0.068749,0.005196
8.490000,-0.008068,0.007488,-0.008419,-1.100061,0.068610,0.005170
8.500000,-0.008028,0.007450,-0.008377,-1.100128,0.068471,0.005144
8.510000,-0.007988,0.007413,-0.008335,-1.100195,0.068333,0.005118
8.520000,-0.007948,0.007376,-0.008294,-1.100262,0.068195,0.005093
8.530000,-0.007909,0.007339,-0.008252,-1.100328,0.068057,0.005067
8.540000,-0.007869,0.007303,-0.008211,-1.100393,0.067919,0.005042
8.550000,-0.007830,0.007266,-0.008170,-1.100459,0.067782,0.005017
8.560000,-0.007791,0.007230,-0.008129,-1.100523,0.067645,0.004992
8.570000,-0.007752,0.007194,-0.008089,-1.100588,0.067508,0.004967
8.580000,-0.007713,0.007158,-0.008049,-1.100652,0.067372,0.004942
8.590000,-0.007675,0.007122,-0.008008,-1.100715,0.067236,0.004917
8.600000,-0.007637,0.007087,-0.007968,-1.100779,0.067100,0.004893
8.610000,-0.007599,0.007052,-0.007929,-1.100841,0.066964,0.004869
8.620000,-0.007561,0.007016,-0.007889,-1.100904,0.066829,0.004844
8.630000,-0.007523,0.006981,-0.007850,-1.100966,0.066694,0.004820
8.640000,-0.007485,0.006947,-0.007811,-1.101027,0.066559,0.004796
8.650000,-0.007448,0.006912,-0.007772,-1.101088,0.066425,0.004772
8.660000,-0.007411,0.006877,-0.007733,-1.101149,0.066291,0.004748
8.670000,-0.007374,0.006843,-0.007694,-1.101209,0.066157,0.004725
8.680000,-0.007337,0.006809,-0.007656,-1.101269,0.066023,0.004701
8.690000,-0.007301,0.006775,-0.007618,-1.101329,0.065890,0.004678
8.700000,-0.007264,0.006741,-0.007580,-1.101388,0.065757,0.004654
8.710000,-0.007228,0.006708,-0.007542,-1.101447,0.065624,0.004631
8.720000,-0.007192,0.006674,-0.007504,-1.101505,0.065491,0.004608
8.730000,-0.007156,0.006641,-0.007467,-1.101564,0.065359,0.004585
8.740000,-0.007120,0.006608,-0.007430,-1.101621,0.065227,0.004562
8.750000,-0.007085,0.006575,-0.007393,-1.101679,0.065095,0.004539
8.760000,-0.007049,0.006542,-0.007356,-1.101736,0.064964,0.004517
8.770000,-0.007014,0.006509,-0.007319,-1.101792,0.064833,0.004494
8.780000,-0.006979,0.006477,-0.007283,-1.101848,0.064702,0.004472
8.790000,-0.006944,0.006445,-0.007246,-1.101904,0.064571,0.004449
8.800000,-0.006910,0.006412,-0.007210,-1.101960,0.064441,0.004427
8.810000,-0.006875,0.006381,-0.007174,-1.102015,0.064311,0.004405
8.820000,-0.006841,0.006349,-0.007138,-1.102070,0.064181,0.004383
8.830000,-0.006807,0.006317,-0.007103,-1.102124,0.064052,0.004361
8.840000,-0.006773,0.006286,-0.007067,-1.102178,0.063922,0.004340
8.850000,-0.006739,0.006254,-0.007032,-1.102232,0.063793,0.004318
8.860000,-0.006706,0.006223,-0.006997,-1.102285,0.063664,0.004296
8.870000,-0.006672,0.006192,-0.006962,-1.102338,0.063536,0.004275
8.880000,-0.006639,0.006161,-0.006927,-1.102391,0.063408,0.004254
8.890000,-0.006606,0.006130,-0.006893,-1.102443,0.063280,0.004232
8.900000,-0.006573,0.006100,-0.006858,-1.102495,0.063152,0.004211
8.910000,-0.006540,0.006069,-0.006824,-1.102547,0.063025,0.004190
8.920000,-0.006507,0.006039,-0.006790,-1.102599,0.062898,0.004169
8.930000,-0.006475,0.006009,-0.006756,-1.102650,0.062771,0.004149
8.940000,-0.006443,0.005979,-0.006723,-1.102700,0.062644,0.004128
8.950000,-0.006411,0.005949,-0.006689,-1.102751,0.062518,0.004107
8.960000,-0.006379,0.005919,-0.006656,-1.102801,0.062391,0.004087
8.970000,-0.006347,0.005890,-0.006622,-1.102850,0.062266,0.004067
8.980000,-0.006315,0.005861,-0.006589,-1.102900,0.062140,0.004046
8.990000,-0.006284,0.005831,-0.006557,-1.102949,0.062015,0.004026
9.000000,-0.006252,0.005802,-0.006524,-1.102998,0.061890,0.004006
9.010000,-0.006221,0.005773,-0.006491,-1.103046,0.061765,0.003986
9.020000,-0.006190,0.005744,-0.006459,-1.103094,0.061640,0.003966
9.030000,-0.006159,0.005716,-0.006427,-1.103142,0.061516,0.003946
9.040000,-0.006128,0.005687,-0.006395,-1.103190,0.061392,0.003927
9.050000,-0.006098,0.005659,-0.006363,-1.103237,0.061268,0.003907
9.060000,-0.006067,0.005631,-0.006331,-1.103284,0.061144,0.003888
9.070000,-0.006037,0.005603,-0.006299,-1.103330,0.061021,0.003868
9.080000,-0.006007,0.005575,-0.006268,-1.103377,0.060898,0.003849
9.090000,-0.005977,0.005547,-0.006237,-1.103423,0.060775,0.003830
9.100000,-0.005947,0.005519,-0.006206,-1.103468,0.060653,0.003811
9.110000,-0.005918,0.005492,-0.006175,-1.103514,0.060530,0.003792
9.120000,-0.005888,0.005464,-0.006144,-1.103559,0.060408,0.003773
9.130000,-0.005859,0.005437,-0.006113,-1.103604,0.060287,0.003754
9.140000,-0.005830,0.005410,-0.006083,-1.103648,0.060165,0.003735
9.150000,-0.005800,0.005383,-0.006052,-1.103693,0.060044,0.003716
9.160000,-0.005771,0.005356,-0.006022,-1.103737,0.059923,0.003698
9.170000,-0.005743,0.005329,-0.005992,-1.103780,0.059802,0.003680
9.180000,-0.005714,0.005303,-0.005962,-1.103824,0.059681,0.003661
9.190000,-0.005686,0.005276,-0.005933,-1.103867,0.059561,0.003643
9.200000,-0.005657,0.005250,-0.005903,-1.103910,0.059441,0.003625
9.210000,-0.005629,0.005224,-0.005874,-1.103952,0.059321,0.003607
9.220000,-0.005601,0.005198,-0.005844,-1.103995,0.059202,0.003589
9.230000,-0.005573,0.005172,-0.005815,-1.104037,0.059082,0.003571
9.240000,-0.005545,0.005146,-0.005786,-1.104078,0.058963,0.003553
9.250000,-0.005518,0.005120,-0.005757,-1.104120,0.058844,0.003535
9.260000,-0.005490,0.005095,-0.005729,-1.104161,0.058726,0.003518
9.270000,-0.005463,0.005069,-0.005700,-1.104202,0.058607,0.003500
9.280000,-0.005435,0.005044,-0.005672,-1.104243,0.058489,0.003483
9.290000,-0.005408,0.005019,-0.005643,-1.104283,0.058371,0.003465
9.300000,-0.005381,0.004994,-0.005615,-1.104323,0.058254,0.003448
9.310000,-0.005354,0.004969,-0.005587,-1.104363,0.058136,0.003431
9.320000,-0.005328,0.004944,-0.005559,-1.104403,0.058019,0.003414
9.330000,-0.005301,0.004920,-0.005531,-1.104442,0.057902,0.003397
9.340000,-0.005275,0.004895,-0.005504,-1.104482,0.057786,0.003380
9.350000,-0.005248,0.004871,-0.005476,-1.104521,0.057669,0.003363
9.360000,-0.005222,0.004846,-0.005449,-1.104559,0.057553,0.003346
9.370000,-0.005196,0.004822,-0.005422,-1.104598,0.057437,0.003329
9.380000,-0.005170,0.004798,-0.005395,-1.104636,0.057322,0.003313
9.390000,-0.005144,0.004774,-0.005368,-1.104674,0.057206,0.003296
9.400000,-0.005119,0.004750,-0.005341,-1.104711,0.057091,0.003280
9.410000,-0.005093,0.004727,-0.005315,-1.104749,0.056976,0.003263
9.420000,-0.005068,0.004703,-0.005288,-1.104786,0.056861,0.003247
9.430000,-0.005043,0.004680,-0.005262,-1.104823,0.056747,0.003231
9.440000,-0.005017,0.004656,-0.005235,-1.104860,0.056632,0.003215
9.450000,-0.004992,0.004633,-0.005209,-1.104896,0.056518,0.003199
9.460000,-0.004968,0.004610,-0.005183,-1.104932,0.056404,0.003183
9.470000,-0.004943,0.004587,-0.005157,-1.104968,0.056291,0.003167
9.480000,-0.004918,0.004564,-0.005132,-1.105004,0.056177,0.003151
9.490000,-0.004894,0.004541,-0.005106,-1.105040,0.056064,0.003135
9.500000,-0.004869,0.004519,-0.005081,-1.105075,0.055951,0.003120
9.510000,-0.004845,0.004496,-0.005055,-1.105110,0.055839,0.003104
9.520000,-0.004821,0.004474,-0.005030,-1.105145,0.055726,0.003089
9.530000,-0.004797,0.004451,-0.005005,-1.105179,0.055614,0.003073
9.540000,-0.004773,0.004429,-0.004980,-1.105214,0.055502,0.003058
9.550000,-0.004749,0.004407,-0.004955,-1.105248,0.055390,0.003043
9.560000,-0.004725,0.004385,-0.004931,-1.105282,0.055279,0.003028
9.570000,-0.004702,0.004363,-0.004906,-1.105316,0.055168,0.003013
9.580000,-0.004678,0.004342,-0.004881,-1.105349,0.055057,0.002997
9.590000,-0.004655,0.004320,-0.004857,-1.105382,0.054946,0.002983
9.600000,-0.004632,0.004298,-0.004833,-1.105416,0.054835,0.002968
9.610000,-0.004609,0.004277,-0.004809,-1.105448,0.054725,0.002953
9.620000,-0.004586,0.004256,-0.004785,-1.105481,0.054615,0.002938
9.630000,-0.004563,0.004234,-0.004761,-1.105514,0.054505,0.002923
9.640000,-0.004540,0.004213,-0.004737,-1.105546,0.054395,0.002909
9.650000,-0.004517,0.004192,-0.004714,-1.105578,0.054285,0.002894
9.660000,-0.004495,0.004171,-0.004690,-1.105610,0.054176,0.002880
9.670000,-0.004472,0.004150,-0.004667,-1.105641,0.054067,0.002866
9.680000,-0.004450,0.004130,-0.004643,-1.105673,0.053958,0.002851
9.690000,-0.004428,0.004109,-0.004620,-1.105704,0.053850,0.002837
9.700000,-0.004406,0.004089,-0.004597,-1.105735,0.053741,0.002823
9.710000,-0.004384,0.004068,-0.004574,-1.105766,0.053633,0.002809
9.720000,-0.004362,0.004048,-0.004551,-1.105796,0.053525,0.002795
9.730000,-0.004340,0.004028,-0.004529,-1.105827,0.053418,0.002781
9.740000,-0.004319,0.004008,-0.004506,-1.105857,0.053310,0.002767
9.750000,-0.004297,0.003988,-0.004484,-1.105887,0.053203,0.002753
9.760000,-0.004276,0.003968,-0.004461,-1.105917,0.053096,0.002739
9.770000,-0.004254,0.003948,-0.004439,-1.105947,0.052989,0.002726
9.780000,-0.004233,0.003928,-0.004417,-1.105976,0.052882,0.002712
9.790000,-0.004212,0.003909,-0.004395,-1.106005,0.052776,0.002699
9.800000,-0.004191,0.003889,-0.004373,-1.106034,0.052670,0.002685
9.810000,-0.004170,0.003870,-0.004351,-1.106063,0.052564,0.002672
9.820000,-0.004149,0.003851,-0.004329,-1.106092,0.052458,0.002659
9.830000,-0.004129,0.003831,-0.004308,-1.106120,0.052353,0.002645
9.840000,-0.004108,0.003812,-0.004286,-1.106149,0.052247,0.002632
9.850000,-0.004087,0.003793,-0.004265,-1.106177,0.052142,0.002619
9.860000,-0.004067,0.003774,-0.004244,-1.106205,0.052037,0.002606
9.870000,-0.004047,0.003756,-0.004223,-1.106233,0.051933,0.002593
9.880000,-0.004027,0.003737,-0.004202,-1.106260,0.051828,0.002580
9.890000,-0.004006,0.003718,-0.004181,-1.106288,0.051724,0.002567
9.900000,-0.003986,0.003700,-0.004160,-1.106315,0.051620,0.002554
9.910000,-0.003967,0.003681,-0.004139,-1.106342,0.051516,0.002542
9.920000,-0.003947,0.003663,-0.004118,-1.106369,0.051412,0.002529
9.930000,-0.003927,0.003645,-0.004098,-1.106396,0.051309,0.002516
9.940000,-0.003908,0.003626,-0.004077,-1.106422,0.051206,0.002504
9.950000,-0.003888,0.003608,-0.004057,-1.106449,0.051103,0.002491
9.960000,-0.003869,0.003590,-0.004037,-1.106475,0.051000,0.002479
9.970000,-0.003849,0.003572,-0.004017,-1.106501,0.050898,0.002466
9.980000,-0.003830,0.003555,-0.003997,-1.106527,0.050795,0.002454
9.990000,-0.003811,0.003537,-0.003977,-1.106552,0.050693,0.002442
10.000000,-0.003792,0.003519,-0.003957,-1.106578,0.050591,0.002430
