0.000000,0.561251,-0.146959,0.946693,0.679897,0.650494,0.558093
0.010000,0.556709,-0.146194,0.937025,0.674646,0.647922,0.553596
0.020000,0.552232,-0.145434,0.927544,0.669390,0.645369,0.549163
0.030000,0.547818,-0.144679,0.918245,0.664127,0.642835,0.544792
0.040000,0.543465,-0.143927,0.909122,0.658858,0.640320,0.540481
0.050000,0.539173,-0.143180,0.900169,0.653585,0.637824,0.536229
0.060000,0.534938,-0.142437,0.891381,0.648305,0.635346,0.532034
0.070000,0.530761,-0.141698,0.882752,0.643020,0.632887,0.527896
0.080000,0.526640,-0.140963,0.874280,0.637730,0.630446,0.523813
0.090000,0.522573,-0.140232,0.865957,0.632435,0.628022,0.519783
0.100000,0.518560,-0.139506,0.857781,0.627135,0.625616,0.515806
0.110000,0.514598,-0.138783,0.849747,0.621829,0.623228,0.511880
0.120000,0.510688,-0.138065,0.841851,0.616519,0.620856,0.508004
0.130000,0.506827,-0.137350,0.834089,0.611204,0.618502,0.504177
0.140000,0.503015,-0.136640,0.826457,0.605885,0.616164,0.500399
0.150000,0.499251,-0.135933,0.818951,0.600561,0.613843,0.496667
0.160000,0.495534,-0.135230,0.811569,0.595232,0.611538,0.492981
0.170000,0.491862,-0.134531,0.804307,0.589900,0.609250,0.489341
0.180000,0.488235,-0.133836,0.797161,0.584563,0.606977,0.485744
0.190000,0.484652,-0.133145,0.790129,0.579222,0.604720,0.482191
0.200000,0.481111,-0.132458,0.783208,0.573877,0.602479,0.478680
0.210000,0.477613,-0.131774,0.776394,0.568528,0.600253,0.475210
0.220000,0.474156,-0.131094,0.769685,0.563176,0.598043,0.471781
0.230000,0.470739,-0.130418,0.763078,0.557820,0.595847,0.468392
0.240000,0.467362,-0.129746,0.756571,0.552461,0.593667,0.465042
0.250000,0.464024,-0.129077,0.750161,0.547098,0.591501,0.461730
0.260000,0.460723,-0.128412,0.743846,0.541732,0.589350,0.458455
0.270000,0.457460,-0.127751,0.737624,0.536363,0.587213,0.455218
0.280000,0.454234,-0.127093,0.731491,0.530991,0.585091,0.452016
0.290000,0.451043,-0.126439,0.725447,0.525616,0.582982,0.448850
0.300000,0.447888,-0.125788,0.719489,0.520238,0.580888,0.445719
0.310000,0.444767,-0.125141,0.713614,0.514858,0.578807,0.442622
0.320000,0.441680,-0.124498,0.707822,0.509475,0.576740,0.439558
0.330000,0.438627,-0.123858,0.702110,0.504090,0.574686,0.436528
0.340000,0.435606,-0.123221,0.696476,0.498703,0.572646,0.433529
0.350000,0.432618,-0.122588,0.690918,0.493313,0.570618,0.430563
0.360000,0.429660,-0.121959,0.685436,0.487922,0.568604,0.427627
0.370000,0.426734,-0.121333,0.680026,0.482529,0.566603,0.424722
0.380000,0.423839,-0.120710,0.674688,0.477134,0.564615,0.421847
0.390000,0.420973,-0.120090,0.669420,0.471737,0.562639,0.419002
0.400000,0.418137,-0.119474,0.664220,0.466339,0.560675,0.416186
0.410000,0.415329,-0.118862,0.659088,0.460939,0.558724,0.413398
0.420000,0.412550,-0.118252,0.654021,0.455539,0.556786,0.410639
0.430000,0.409799,-0.117646,0.649018,0.450137,0.554859,0.407907
0.440000,0.407076,-0.117043,0.644078,0.444734,0.552944,0.405202
0.450000,0.404379,-0.116444,0.639199,0.439331,0.551041,0.402524
0.460000,0.401709,-0.115847,0.634381,0.433927,0.549150,0.399872
0.470000,0.399066,-0.115254,0.629622,0.428522,0.547271,0.397247
0.480000,0.396448,-0.114664,0.624920,0.423117,0.545403,0.394646
0.490000,0.393855,-0.114077,0.620276,0.417712,0.543546,0.392071
0.500000,0.391287,-0.113494,0.615687,0.412306,0.541700,0.389520
0.510000,0.388744,-0.112913,0.611152,0.406900,0.539866,0.386993
0.520000,0.386225,-0.112336,0.606671,0.401495,0.538043,0.384491
0.530000,0.383729,-0.111762,0.602242,0.396090,0.536230,0.382011
0.540000,0.381257,-0.111190,0.597865,0.390685,0.534429,0.379555
0.550000,0.378808,-0.110622,0.593537,0.385280,0.532638,0.377122
0.560000,0.376382,-0.110057,0.589260,0.379877,0.530858,0.374711
0.570000,0.373978,-0.109495,0.585031,0.374474,0.529088,0.372323
0.580000,0.371596,-0.108936,0.580849,0.369072,0.527328,0.369956
0.590000,0.369235,-0.108380,0.576715,0.363671,0.525579,0.367610
0.600000,0.366896,-0.107827,0.572626,0.358271,0.523840,0.365286
0.610000,0.364579,-0.107277,0.568582,0.352873,0.522111,0.362983
0.620000,0.362281,-0.106729,0.564582,0.347476,0.520392,0.360700
0.630000,0.360005,-0.106185,0.560626,0.342081,0.518683,0.358437
0.640000,0.357748,-0.105644,0.556713,0.336687,0.516984,0.356194
0.650000,0.355511,-0.105105,0.552841,0.331296,0.515294,0.353971
0.660000,0.353294,-0.104569,0.549011,0.325906,0.513614,0.351767
0.670000,0.351096,-0.104037,0.545221,0.320518,0.511943,0.349583
0.680000,0.348918,-0.103507,0.541471,0.315133,0.510282,0.347417
0.690000,0.346758,-0.102979,0.537760,0.309750,0.508630,0.345270
0.700000,0.344616,-0.102455,0.534088,0.304370,0.506988,0.343141
0.710000,0.342493,-0.101933,0.530453,0.298992,0.505354,0.341030
0.720000,0.340388,-0.101414,0.526856,0.293618,0.503730,0.338937
0.730000,0.338300,-0.100898,0.523295,0.288246,0.502115,0.336862
0.740000,0.336230,-0.100385,0.519770,0.282877,0.500508,0.334804
0.750000,0.334177,-0.099874,0.516280,0.277512,0.498910,0.332763
0.760000,0.332142,-0.099366,0.512825,0.272150,0.497321,0.330739
0.770000,0.330123,-0.098861,0.509405,0.266791,0.495741,0.328732
0.780000,0.328121,-0.098358,0.506018,0.261437,0.494169,0.326742
0.790000,0.326135,-0.097858,0.502664,0.256086,0.492606,0.324767
0.800000,0.324166,-0.097361,0.499343,0.250738,0.491051,0.322809
0.810000,0.322212,-0.096866,0.496054,0.245395,0.489505,0.320866
0.820000,0.320275,-0.096374,0.492796,0.240057,0.487967,0.318939
0.830000,0.318352,-0.095885,0.489570,0.234722,0.486437,0.317028
0.840000,0.316446,-0.095398,0.486375,0.229392,0.484915,0.315132
0.850000,0.314554,-0.094913,0.483209,0.224066,0.483401,0.313251
0.860000,0.312678,-0.094432,0.480073,0.218746,0.481895,0.311384
0.870000,0.310816,-0.093952,0.476967,0.213430,0.480397,0.309533
0.880000,0.308969,-0.093476,0.473889,0.208119,0.478907,0.307696
0.890000,0.307136,-0.093001,0.470840,0.202813,0.477424,0.305873
0.900000,0.305318,-0.092529,0.467819,0.197513,0.475950,0.304065
0.910000,0.303514,-0.092060,0.464825,0.192218,0.474483,0.302270
0.920000,0.301724,-0.091593,0.461859,0.186928,0.473023,0.300490
0.930000,0.299947,-0.091129,0.458920,0.181644,0.471571,0.298723
0.940000,0.298184,-0.090667,0.456006,0.176366,0.470127,0.296969
0.950000,0.296435,-0.090207,0.453119,0.171094,0.468690,0.295229
0.960000,0.294699,-0.089750,0.450258,0.165828,0.467260,0.293502
0.970000,0.292976,-0.089295,0.447422,0.160568,0.465837,0.291788
0.980000,0.291266,-0.088843,0.444610,0.155314,0.464422,0.290087
0.990000,0.289569,-0.088393,0.441824,0.150067,0.463013,0.288399
1.000000,0.287885,-0.087945,0.439062,0.144826,0.461612,0.286724
1.010000,0.286213,-0.087500,0.436323,0.139592,0.460218,0.285061
1.020000,0.284554,-0.087057,0.433608,0.134365,0.458830,0.283410
1.030000,0.282907,-0.086616,0.430917,0.129145,0.457450,0.281771
1.040000,0.281272,-0.086178,0.428249,0.123932,0.456076,0.280145
1.050000,0.279649,-0.085742,0.425603,0.118726,0.454709,0.278530
1.060000,0.278038,-0.085308,0.422979,0.113527,0.453349,0.276927
1.070000,0.276439,-0.084876,0.420378,0.108336,0.451996,0.275336
1.080000,0.274851,-0.084447,0.417798,0.103153,0.450649,0.273756
1.090000,0.273275,-0.084020,0.415240,0.097977,0.449309,0.272188
1.100000,0.271710,-0.083595,0.412704,0.092809,0.447975,0.270631
1.110000,0.270156,-0.083172,0.410188,0.087649,0.446648,0.269085
1.120000,0.268614,-0.082751,0.407692,0.082497,0.445327,0.267550
1.130000,0.267083,-0.082333,0.405218,0.077353,0.444012,0.266027
1.140000,0.265562,-0.081917,0.402763,0.072217,0.442704,0.264514
1.150000,0.264052,-0.081503,0.400328,0.067090,0.441402,0.263011
1.160000,0.262553,-0.081091,0.397913,0.061971,0.440106,0.261520
1.170000,0.261065,-0.080681,0.395518,0.056861,0.438816,0.260038
1.180000,0.259587,-0.080274,0.393141,0.051760,0.437532,0.258567
1.190000,0.258119,-0.079868,0.390784,0.046668,0.436255,0.257107
1.200000,0.256662,-0.079465,0.388445,0.041584,0.434983,0.255656
1.210000,0.255214,-0.079064,0.386125,0.036510,0.433717,0.254216
1.220000,0.253777,-0.078664,0.383823,0.031445,0.432458,0.252786
1.230000,0.252350,-0.078267,0.381539,0.026389,0.431204,0.251365
1.240000,0.250932,-0.077872,0.379273,0.021343,0.429956,0.249954
1.250000,0.249524,-0.077479,0.377024,0.016306,0.428713,0.248553
1.260000,0.248126,-0.077088,0.374793,0.011279,0.427477,0.247162
1.270000,0.246737,-0.076699,0.372579,0.006262,0.426246,0.245780
1.280000,0.245358,-0.076312,0.370382,0.001254,0.425021,0.244407
1.290000,0.243988,-0.075927,0.368202,-0.003743,0.423801,0.243043
1.300000,0.242628,-0.075544,0.366038,-0.008731,0.422587,0.241689
1.310000,0.241276,-0.075163,0.363891,-0.013708,0.421378,0.240344
1.320000,0.239934,-0.074784,0.361760,-0.018675,0.420175,0.239008
1.330000,0.238601,-0.074407,0.359646,-0.023631,0.418977,0.237681
1.340000,0.237276,-0.074032,0.357547,-0.028577,0.417785,0.236363
1.350000,0.235961,-0.073658,0.355463,-0.033513,0.416598,0.235053
1.360000,0.234654,-0.073287,0.353396,-0.038438,0.415416,0.233752
1.370000,0.233356,-0.072918,0.351343,-0.043352,0.414240,0.232460
1.380000,0.232066,-0.072550,0.349306,-0.048255,0.413069,0.231177
1.390000,0.230785,-0.072184,0.347284,-0.053147,0.411903,0.229901
1.400000,0.229513,-0.071821,0.345276,-0.058028,0.410742,0.228635
1.410000,0.228248,-0.071459,0.343284,-0.062898,0.409586,0.227376
1.420000,0.226992,-0.071099,0.341306,-0.067757,0.408435,0.226126
1.430000,0.225744,-0.070741,0.339342,-0.072604,0.407290,0.224883
1.440000,0.224505,-0.070384,0.337392,-0.077440,0.406149,0.223649
1.450000,0.223273,-0.070030,0.335457,-0.082264,0.405013,0.222423
1.460000,0.222049,-0.069677,0.333535,-0.087077,0.403883,0.221205
1.470000,0.220834,-0.069326,0.331627,-0.091878,0.402757,0.219995
1.480000,0.219626,-0.068977,0.329733,-0.096667,0.401636,0.218792
1.490000,0.218425,-0.068630,0.327852,-0.101445,0.400520,0.217597
1.500000,0.217233,-0.068285,0.325985,-0.106210,0.399408,0.216410
1.510000,0.216048,-0.067941,0.324131,-0.110964,0.398302,0.215230
1.520000,0.214871,-0.067599,0.322290,-0.115705,0.397200,0.214058
1.530000,0.213701,-0.067259,0.320461,-0.120434,0.396103,0.212894
1.540000,0.212539,-0.066920,0.318646,-0.125151,0.395010,0.211736
1.550000,0.211383,-0.066583,0.316843,-0.129855,0.393922,0.210586
1.560000,0.210236,-0.066248,0.315053,-0.134547,0.392839,0.209444
1.570000,0.209095,-0.065915,0.313275,-0.139226,0.391760,0.208308
1.580000,0.207962,-0.065584,0.311510,-0.143893,0.390686,0.207180
1.590000,0.206836,-0.065254,0.309757,-0.148547,0.389616,0.206059
1.600000,0.205717,-0.064925,0.308015,-0.153189,0.388551,0.204944
1.610000,0.204604,-0.064599,0.306286,-0.157818,0.387490,0.203837
1.620000,0.203499,-0.064274,0.304569,-0.162433,0.386433,0.202736
1.630000,0.202401,-0.063951,0.302863,-0.167036,0.385381,0.201643
1.640000,0.201309,-0.063629,0.301169,-0.171626,0.384333,0.200556
1.650000,0.200225,-0.063309,0.299486,-0.176203,0.383290,0.199476
1.660000,0.199147,-0.062991,0.297815,-0.180766,0.382251,0.198403
1.670000,0.198075,-0.062675,0.296155,-0.185317,0.381216,0.197336
1.680000,0.197010,-0.062359,0.294506,-0.189854,0.380185,0.196275
1.690000,0.195952,-0.062046,0.292868,-0.194378,0.379159,0.195222
1.700000,0.194900,-0.061734,0.291241,-0.198888,0.378137,0.194174
1.710000,0.193855,-0.061424,0.289625,-0.203385,0.377118,0.193134
1.720000,0.192816,-0.061115,0.288019,-0.207868,0.376104,0.192099
1.730000,0.191783,-0.060808,0.286424,-0.212338,0.375094,0.191071
1.740000,0.190757,-0.060503,0.284840,-0.216794,0.374088,0.190049
1.750000,0.189737,-0.060199,0.283266,-0.221237,0.373087,0.189033
1.760000,0.188723,-0.059896,0.281703,-0.225666,0.372089,0.188023
1.770000,0.187715,-0.059596,0.280150,-0.230081,0.371095,0.187020
1.780000,0.186714,-0.059296,0.278607,-0.234482,0.370105,0.186022
1.790000,0.185718,-0.058998,0.277074,-0.238869,0.369119,0.185031
1.800000,0.184728,-0.058702,0.275551,-0.243242,0.368137,0.184045
1.810000,0.183745,-0.058407,0.274038,-0.247602,0.367159,0.183066
1.820000,0.182767,-0.058114,0.272535,-0.251947,0.366184,0.182092
1.830000,0.181795,-0.057822,0.271041,-0.256278,0.365214,0.181124
1.840000,0.180829,-0.057532,0.269557,-0.260595,0.364247,0.180162
1.850000,0.179868,-0.057243,0.268083,-0.264898,0.363284,0.179205
1.860000,0.178914,-0.056956,0.266618,-0.269187,0.362325,0.178255
1.870000,0.177965,-0.056670,0.265162,-0.273461,0.361370,0.177309
1.880000,0.177021,-0.056385,0.263716,-0.277721,0.360418,0.176370
1.890000,0.176083,-0.056103,0.262279,-0.281967,0.359470,0.175436
1.900000,0.175151,-0.055821,0.260851,-0.286199,0.358525,0.174508
1.910000,0.174224,-0.055541,0.259432,-0.290416,0.357585,0.173585
1.920000,0.173303,-0.055262,0.258022,-0.294618,0.356648,0.172667
1.930000,0.172387,-0.054985,0.256621,-0.298806,0.355714,0.171755
1.940000,0.171477,-0.054709,0.255229,-0.302980,0.354784,0.170848
1.950000,0.170572,-0.054434,0.253845,-0.307139,0.353858,0.169947
1.960000,0.169672,-0.054161,0.252470,-0.311283,0.352935,0.169051
1.970000,0.168777,-0.053890,0.251104,-0.315413,0.352015,0.168160
1.980000,0.167888,-0.053619,0.249746,-0.319528,0.351099,0.167274
1.990000,0.167004,-0.053350,0.248397,-0.323629,0.350187,0.166393
2.000000,0.166125,-0.053083,0.247056,-0.327715,0.349278,0.165518
2.010000,0.165251,-0.052817,0.245724,-0.331786,0.348372,0.164647
2.020000,0.164382,-0.052552,0.244399,-0.335842,0.347470,0.163782
2.030000,0.163518,-0.052288,0.243083,-0.339884,0.346571,0.162922
2.040000,0.162659,-0.052026,0.241775,-0.343910,0.345676,0.162066
2.050000,0.161805,-0.051765,0.240475,-0.347922,0.344784,0.161216
2.060000,0.160957,-0.051506,0.239183,-0.351920,0.343895,0.160370
2.070000,0.160112,-0.051247,0.237899,-0.355902,0.343009,0.159530
2.080000,0.159273,-0.050990,0.236623,-0.359869,0.342127,0.158694
2.090000,0.158439,-0.050735,0.235355,-0.363822,0.341248,0.157863
2.100000,0.157609,-0.050480,0.234094,-0.367759,0.340372,0.157037
2.110000,0.156785,-0.050227,0.232841,-0.371682,0.339500,0.156215
2.120000,0.155964,-0.049976,0.231596,-0.375590,0.338631,0.155398
2.130000,0.155149,-0.049725,0.230358,-0.379483,0.337764,0.154586
2.140000,0.154338,-0.049476,0.229127,-0.383361,0.336901,0.153778
2.150000,0.153532,-0.049228,0.227904,-0.387223,0.336042,0.152975
2.160000,0.152730,-0.048981,0.226689,-0.391071,0.335185,0.152177
2.170000,0.151933,-0.048736,0.225481,-0.394904,0.334331,0.151383
2.180000,0.151141,-0.048492,0.224280,-0.398722,0.333481,0.150594
2.190000,0.150353,-0.048249,0.223086,-0.402525,0.332633,0.149809
2.200000,0.149569,-0.048007,0.221899,-0.406313,0.331789,0.149028
2.210000,0.148790,-0.047766,0.220719,-0.410085,0.330948,0.148252
2.220000,0.148016,-0.047527,0.219547,-0.413843,0.330109,0.147481
2.230000,0.147245,-0.047289,0.218381,-0.417586,0.329274,0.146713
2.240000,0.146479,-0.047052,0.217223,-0.421314,0.328442,0.145950
2.250000,0.145718,-0.046816,0.216071,-0.425026,0.327612,0.145192
2.260000,0.144960,-0.046582,0.214926,-0.428724,0.326786,0.144437
2.270000,0.144207,-0.046348,0.213788,-0.432406,0.325962,0.143687
2.280000,0.143458,-0.046116,0.212656,-0.436074,0.325142,0.142941
2.290000,0.142714,-0.045885,0.211531,-0.439726,0.324324,0.142199
2.300000,0.141973,-0.045655,0.210413,-0.443363,0.323509,0.141462
2.310000,0.141237,-0.045427,0.209301,-0.446986,0.322697,0.140728
2.320000,0.140504,-0.045199,0.208196,-0.450593,0.321888,0.139999
2.330000,0.139776,-0.044973,0.207098,-0.454185,0.321082,0.139273
2.340000,0.139052,-0.044748,0.206005,-0.457762,0.320278,0.138552
2.350000,0.138332,-0.044524,0.204919,-0.461325,0.319478,0.137834
2.360000,0.137616,-0.044301,0.203840,-0.464872,0.318680,0.137121
2.370000,0.136903,-0.044079,0.202767,-0.468404,0.317885,0.136412
2.380000,0.136195,-0.043858,0.201700,-0.471921,0.317093,0.135706
2.390000,0.135491,-0.043639,0.200639,-0.475423,0.316303,0.135005
2.400000,0.134791,-0.043420,0.199584,-0.478910,0.315516,0.134307
2.410000,0.134094,-0.043203,0.198536,-0.482383,0.314732,0.133613
2.420000,0.133401,-0.042987,0.197493,-0.485840,0.313951,0.132923
2.430000,0.132713,-0.042771,0.196457,-0.489282,0.313172,0.132237
2.440000,0.132028,-0.042557,0.195426,-0.492709,0.312396,0.131554
2.450000,0.131346,-0.042344,0.194401,-0.496122,0.311622,0.130876
2.460000,0.130669,-0.042132,0.193383,-0.499519,0.310852,0.130201
2.470000,0.129995,-0.041921,0.192370,-0.502902,0.310083,0.129530
2.480000,0.129325,-0.041712,0.191363,-0.506270,0.309318,0.128862
2.490000,0.128658,-0.041503,0.190362,-0.509622,0.308555,0.128198
2.500000,0.127996,-0.041295,0.189366,-0.512960,0.307794,0.127538
2.510000,0.127337,-0.041089,0.188376,-0.516283,0.307037,0.126881
2.520000,0.126681,-0.040883,0.187392,-0.519592,0.306281,0.126228
2.530000,0.126029,-0.040678,0.186413,-0.522885,0.305529,0.125579
2.540000,0.125381,-0.040475,0.185440,-0.526164,0.304778,0.124933
2.550000,0.124736,-0.040272,0.184473,-0.529428,0.304031,0.124290
2.560000,0.124094,-0.040071,0.183510,-0.532677,0.303286,0.123652
2.570000,0.123457,-0.039870,0.182554,-0.535912,0.302543,0.123016
2.580000,0.122822,-0.039671,0.181603,-0.539132,0.301803,0.122384
2.590000,0.122191,-0.039472,0.180657,-0.542337,0.301065,0.121756
2.600000,0.121564,-0.039275,0.179716,-0.545527,0.300330,0.121130
2.610000,0.120940,-0.039078,0.178781,-0.548703,0.299597,0.120509
2.620000,0.120319,-0.038883,0.177851,-0.551865,0.298866,0.119890
2.630000,0.119702,-0.038688,0.176926,-0.555011,0.298138,0.119275
2.640000,0.119088,-0.038495,0.176007,-0.558144,0.297413,0.118664
2.650000,0.118477,-0.038302,0.175093,-0.561261,0.296689,0.118055
2.660000,0.117870,-0.038111,0.174183,-0.564364,0.295969,0.117450
2.670000,0.117266,-0.037920,0.173279,-0.567453,0.295250,0.116848
2.680000,0.116665,-0.037730,0.172380,-0.570527,0.294534,0.116250
2.690000,0.116067,-0.037542,0.171486,-0.573587,0.293820,0.115654
2.700000,0.115473,-0.037354,0.170597,-0.576633,0.293109,0.115062
2.710000,0.114882,-0.037167,0.169713,-0.579664,0.292399,0.114473
2.720000,0.114294,-0.036981,0.168834,-0.582680,0.291693,0.113888
2.730000,0.113709,-0.036796,0.167959,-0.585683,0.290988,0.113305
2.740000,0.113127,-0.036612,0.167090,-0.588671,0.290286,0.112725
2.750000,0.112549,-0.036429,0.166225,-0.591645,0.289586,0.112149
2.760000,0.111973,-0.036247,0.165365,-0.594605,0.288888,0.111576
2.770000,0.111401,-0.036066,0.164510,-0.597550,0.288192,0.111005
2.780000,0.110832,-0.035885,0.163660,-0.600482,0.287499,0.110438
2.790000,0.110265,-0.035706,0.162814,-0.603399,0.286808,0.109874
2.800000,0.109702,-0.035527,0.161973,-0.606302,0.286119,0.109313
2.810000,0.109142,-0.035350,0.161137,-0.609191,0.285432,0.108755
2.820000,0.108585,-0.035173,0.160305,-0.612067,0.284748,0.108200
2.830000,0.108030,-0.034997,0.159478,-0.614928,0.284066,0.107648
2.840000,0.107479,-0.034822,0.158656,-0.617775,0.283386,0.107098
2.850000,0.106931,-0.034648,0.157838,-0.620608,0.282708,0.106552
2.860000,0.106385,-0.034475,0.157024,-0.623428,0.282032,0.106009
2.870000,0.105843,-0.034303,0.156215,-0.626233,0.281358,0.105468
2.880000,0.105303,-0.034131,0.155410,-0.629025,0.280687,0.104930
2.890000,0.104766,-0.033960,0.154610,-0.631803,0.280017,0.104396
2.900000,0.104233,-0.033791,0.153814,-0.634568,0.279350,0.103864
2.910000,0.103701,-0.033622,0.153022,-0.637318,0.278685,0.103335
2.920000,0.103173,-0.033454,0.152235,-0.640055,0.278021,0.102808
2.930000,0.102648,-0.033286,0.151452,-0.642779,0.277360,0.102285
2.940000,0.102125,-0.033120,0.150674,-0.645489,0.276701,0.101764
2.950000,0.101605,-0.032955,0.149899,-0.648185,0.276044,0.101246
2.960000,0.101088,-0.032790,0.149129,-0.650868,0.275389,0.100731
2.970000,0.100574,-0.032626,0.148363,-0.653537,0.274737,0.100218
2.980000,0.100062,-0.032463,0.147601,-0.656193,0.274086,0.099709
2.990000,0.099553,-0.032301,0.146843,-0.658836,0.273437,0.099201
3.000000,0.099047,-0.032139,0.146090,-0.661465,0.272790,0.098697
3.010000,0.098543,-0.031979,0.145340,-0.664081,0.272145,0.098195
3.020000,0.098042,-0.031819,0.144595,-0.666683,0.271502,0.097696
3.030000,0.097544,-0.031660,0.143853,-0.669273,0.270862,0.097200
3.040000,0.097048,-0.031501,0.143116,-0.671849,0.270223,0.096706
3.050000,0.096555,-0.031344,0.142382,-0.674412,0.269586,0.096214
3.060000,0.096065,-0.031187,0.141653,-0.676962,0.268951,0.095726
3.070000,0.095577,-0.031032,0.140927,-0.679499,0.268318,0.095240
3.080000,0.095091,-0.030877,0.140205,-0.682023,0.267687,0.094756
3.090000,0.094609,-0.030722,0.139488,-0.684534,0.267057,0.094275
3.100000,0.094128,-0.030569,0.138774,-0.687032,0.266430,0.093797
3.110000,0.093651,-0.030416,0.138064,-0.689517,0.265805,0.093321
3.120000,0.093175,-0.030264,0.137357,-0.691989,0.265181,0.092847
3.130000,0.092703,-0.030113,0.136655,-0.694449,0.264560,0.092376
3.140000,0.092232,-0.029962,0.135956,-0.696896,0.263940,0.091908
3.150000,0.091765,-0.029813,0.135261,-0.699330,0.263322,0.091441
3.160000,0.091299,-0.029664,0.134570,-0.701751,0.262706,0.090978
3.170000,0.090836,-0.029515,0.133882,-0.704160,0.262092,0.090517
3.180000,0.090376,-0.029368,0.133199,-0.706556,0.261480,0.090058
3.190000,0.089918,-0.029221,0.132518,-0.708940,0.260870,0.089601
3.200000,0.089462,-0.029075,0.131842,-0.711311,0.260261,0.089147
3.210000,0.089009,-0.028930,0.131169,-0.713670,0.259654,0.088696
3.220000,0.088558,-0.028785,0.130499,-0.716016,0.259049,0.088247
3.230000,0.088109,-0.028642,0.129834,-0.718350,0.258446,0.087800
3.240000,0.087663,-0.028499,0.129171,-0.720671,0.257845,0.087355
3.250000,0.087219,-0.028356,0.128513,-0.722981,0.257245,0.086913
3.260000,0.086778,-0.028215,0.127857,-0.725278,0.256647,0.086473
3.270000,0.086338,-0.028074,0.127206,-0.727563,0.256051,0.086035
3.280000,0.085901,-0.027933,0.126557,-0.729836,0.255457,0.085600
3.290000,0.085467,-0.027794,0.125913,-0.732096,0.254865,0.085166
3.300000,0.085034,-0.027655,0.125271,-0.734345,0.254274,0.084736
3.310000,0.084604,-0.027517,0.124633,-0.736582,0.253685,0.084307
3.320000,0.084176,-0.027379,0.123999,-0.738806,0.253098,0.083881
3.330000,0.083750,-0.027243,0.123367,-0.741019,0.252512,0.083456
3.340000,0.083327,-0.027107,0.122739,-0.743220,0.251928,0.083034
3.350000,0.082906,-0.026971,0.122115,-0.745409,0.251346,0.082615
3.360000,0.082486,-0.026837,0.121494,-0.747587,0.250766,0.082197
3.370000,0.082069,-0.026702,0.120876,-0.749752,0.250187,0.081781
3.380000,0.081655,-0.026569,0.120261,-0.751906,0.249610,0.081368
3.390000,0.081242,-0.026436,0.119649,-0.754048,0.249035,0.080957
3.400000,0.080832,-0.026304,0.119041,-0.756179,0.248461,0.080548
3.410000,0.080423,-0.026173,0.118436,-0.758298,0.247889,0.080141
3.420000,0.080017,-0.026042,0.117834,-0.760406,0.247319,0.079736
3.430000,0.079613,-0.025912,0.117235,-0.762502,0.246750,0.079334
3.440000,0.079211,-0.025783,0.116640,-0.764587,0.246183,0.078933
3.450000,0.078811,-0.025654,0.116047,-0.766661,0.245618,0.078534
3.460000,0.078413,-0.025526,0.115458,-0.768723,0.245054,0.078138
3.470000,0.078017,-0.025398,0.114872,-0.770774,0.244492,0.077743
3.480000,0.077623,-0.025272,0.114289,-0.772814,0.243931,0.077351
3.490000,0.077231,-0.025145,0.113709,-0.774842,0.243372,0.076961
3.500000,0.076842,-0.025020,0.113132,-0.776859,0.242815,0.076572
3.510000,0.076454,-0.024895,0.112558,-0.778866,0.242259,0.076186
3.520000,0.076068,-0.024771,0.111987,-0.780861,0.241705,0.075802
3.530000,0.075684,-0.024647,0.111419,-0.782845,0.241153,0.075419
3.540000,0.075303,-0.024524,0.110854,-0.784819,0.240602,0.075039
3.550000,0.074923,-0.024401,0.110292,-0.786781,0.240052,0.074660
3.560000,0.074545,-0.024280,0.109733,-0.788733,0.239504,0.074284
3.570000,0.074169,-0.024158,0.109177,-0.790674,0.238958,0.073909
3.580000,0.073795,-0.024038,0.108623,-0.792604,0.238413,0.073537
3.590000,0.073423,-0.023918,0.108073,-0.794523,0.237870,0.073166
3.600000,0.073053,-0.023798,0.107525,-0.796432,0.237329,0.072797
3.610000,0.072685,-0.023679,0.106981,-0.798330,0.236789,0.072430
3.620000,0.072318,-0.023561,0.106439,-0.800218,0.236250,0.072065
3.630000,0.071954,-0.023443,0.105900,-0.802095,0.235713,0.071702
3.640000,0.071591,-0.023326,0.105364,-0.803962,0.235177,0.071341
3.650000,0.071231,-0.023210,0.104830,-0.805818,0.234643,0.070982
3.660000,0.070872,-0.023094,0.104300,-0.807664,0.234111,0.070624
3.670000,0.070515,-0.022979,0.103772,-0.809499,0.233580,0.070268
3.680000,0.070160,-0.022864,0.103247,-0.811324,0.233050,0.069914
3.690000,0.069806,-0.022750,0.102725,-0.813139,0.232522,0.069562
3.700000,0.069455,-0.022636,0.102205,-0.814944,0.231995,0.069212
3.710000,0.069105,-0.022523,0.101688,-0.816738,0.231470,0.068864
3.720000,0.068757,-0.022411,0.101174,-0.818523,0.230947,0.068517
3.730000,0.068411,-0.022299,0.100662,-0.820297,0.230424,0.068172
3.740000,0.068067,-0.022188,0.100153,-0.822062,0.229904,0.067829
3.750000,0.067724,-0.022077,0.099647,-0.823816,0.229384,0.067487
3.760000,0.067383,-0.021967,0.099143,-0.825561,0.228867,0.067148
3.770000,0.067044,-0.021857,0.098642,-0.827295,0.228350,0.066810
3.780000,0.066707,-0.021748,0.098144,-0.829020,0.227835,0.066474
3.790000,0.066371,-0.021639,0.097648,-0.830735,0.227321,0.066139
3.800000,0.066037,-0.021531,0.097155,-0.832441,0.226809,0.065807
3.810000,0.065705,-0.021424,0.096664,-0.834136,0.226299,0.065475
3.820000,0.065374,-0.021317,0.096176,-0.835822,0.225789,0.065146
3.830000,0.065046,-0.021210,0.095690,-0.837499,0.225281,0.064818
3.840000,0.064718,-0.021105,0.095207,-0.839166,0.224775,0.064493
3.850000,0.064393,-0.020999,0.094726,-0.840823,0.224270,0.064168
3.860000,0.064069,-0.020894,0.094248,-0.842471,0.223766,0.063846
3.870000,0.063747,-0.020790,0.093772,-0.844109,0.223263,0.063525
3.880000,0.063427,-0.020686,0.093299,-0.845738,0.222762,0.063205
3.890000,0.063108,-0.020583,0.092828,-0.847358,0.222263,0.062887
3.900000,0.062790,-0.020480,0.092360,-0.848969,0.221764,0.062571
3.910000,0.062475,-0.020378,0.091894,-0.850570,0.221267,0.062257
3.920000,0.062161,-0.020276,0.091431,-0.852162,0.220772,0.061944
3.930000,0.061848,-0.020175,0.090969,-0.853745,0.220278,0.061633
3.940000,0.061538,-0.020074,0.090511,-0.855319,0.219785,0.061323
3.950000,0.061228,-0.019974,0.090054,-0.856883,0.219293,0.061015
3.960000,0.060921,-0.019875,0.089600,-0.858439,0.218803,0.060708
3.970000,0.060615,-0.019775,0.089148,-0.859986,0.218314,0.060403
3.980000,0.060310,-0.019677,0.088699,-0.861524,0.217826,0.060100
3.990000,0.060007,-0.019578,0.088252,-0.863053,0.217340,0.059798
4.000000,0.059706,-0.019481,0.087807,-0.864573,0.216855,0.059498
4.010000,0.059406,-0.019383,0.087365,-0.866084,0.216372,0.059199
4.020000,0.059107,-0.019287,0.086924,-0.867586,0.215889,0.058901
4.030000,0.058811,-0.019190,0.086486,-0.869080,0.215408,0.058606
4.040000,0.058515,-0.019095,0.086051,-0.870565,0.214928,0.058311
4.050000,0.058221,-0.018999,0.085617,-0.872042,0.214450,0.058018
4.060000,0.057929,-0.018905,0.085186,-0.873510,0.213973,0.057727
4.070000,0.057638,-0.018810,0.084757,-0.874969,0.213497,0.057437
4.080000,0.057349,-0.018716,0.084330,-0.876420,0.213022,0.057149
4.090000,0.057061,-0.018623,0.083906,-0.877863,0.212549,0.056862
4.100000,0.056775,-0.018530,0.083483,-0.879297,0.212077,0.056577
4.110000,0.056490,-0.018437,0.083063,-0.880722,0.211606,0.056293
4.120000,0.056206,-0.018345,0.082645,-0.882140,0.211136,0.056010
4.130000,0.055924,-0.018254,0.082229,-0.883549,0.210668,0.055729
4.140000,0.055643,-0.018163,0.081815,-0.884950,0.210201,0.055449
4.150000,0.055364,-0.018072,0.081403,-0.886342,0.209735,0.055171
4.160000,0.055086,-0.017982,0.080993,-0.887727,0.209270,0.054894
4.170000,0.054810,-0.017892,0.080586,-0.889103,0.208807,0.054619
4.180000,0.054535,-0.017803,0.080180,-0.890472,0.208345,0.054345
4.190000,0.054261,-0.017714,0.079777,-0.891832,0.207884,0.054072
4.200000,0.053989,-0.017626,0.079376,-0.893184,0.207424,0.053801
4.210000,0.053718,-0.017538,0.078977,-0.894529,0.206965,0.053531
4.220000,0.053449,-0.017450,0.078579,-0.895865,0.206508,0.053263
4.230000,0.053181,-0.017363,0.078184,-0.897194,0.206052,0.052996
4.240000,0.052914,-0.017276,0.077791,-0.898514,0.205597,0.052730
4.250000,0.052649,-0.017190,0.077400,-0.899827,0.205143,0.052465
4.260000,0.052385,-0.017104,0.077011,-0.901132,0.204691,0.052202
4.270000,0.052122,-0.017019,0.076623,-0.902430,0.204239,0.051940
4.280000,0.051861,-0.016934,0.076238,-0.903720,0.203789,0.051680
4.290000,0.051601,-0.016850,0.075855,-0.905002,0.203340,0.051421
4.300000,0.051342,-0.016766,0.075474,-0.906277,0.202892,0.051163
4.310000,0.051084,-0.016682,0.075094,-0.907544,0.202446,0.050907
4.320000,0.050828,-0.016599,0.074717,-0.908803,0.202000,0.050651
4.330000,0.050573,-0.016516,0.074342,-0.910055,0.201556,0.050397
4.340000,0.050320,-0.016433,0.073968,-0.911300,0.201112,0.050145
4.350000,0.050068,-0.016351,0.073596,-0.912537,0.200670,0.049893
4.360000,0.049817,-0.016270,0.073227,-0.913767,0.200230,0.049643
4.370000,0.049567,-0.016189,0.072859,-0.914990,0.199790,0.049395
4.380000,0.049319,-0.016108,0.072493,-0.916205,0.199351,0.049147
4.390000,0.049071,-0.016027,0.072129,-0.917414,0.198914,0.048901
4.400000,0.048826,-0.015947,0.071766,-0.918614,0.198477,0.048656
4.410000,0.048581,-0.015868,0.071406,-0.919808,0.198042,0.048412
4.420000,0.048337,-0.015789,0.071047,-0.920995,0.197608,0.048169
4.430000,0.048095,-0.015710,0.070691,-0.922175,0.197175,0.047928
4.440000,0.047854,-0.015631,0.070336,-0.923347,0.196743,0.047688
4.450000,0.047615,-0.015553,0.069983,-0.924513,0.196312,0.047449
4.460000,0.047376,-0.015476,0.069631,-0.925671,0.195883,0.047211
4.470000,0.047139,-0.015399,0.069282,-0.926823,0.195454,0.046975
4.480000,0.046902,-0.015322,0.068934,-0.927968,0.195027,0.046739
4.490000,0.046668,-0.015245,0.068588,-0.929106,0.194600,0.046505
4.500000,0.046434,-0.015169,0.068244,-0.930237,0.194175,0.046272
4.510000,0.046201,-0.015094,0.067901,-0.931361,0.193751,0.046041
4.520000,0.045970,-0.015018,0.067560,-0.932479,0.193328,0.045810
4.530000,0.045740,-0.014943,0.067221,-0.933590,0.192906,0.045581
4.540000,0.045510,-0.014869,0.066884,-0.934694,0.192485,0.045352
4.550000,0.045283,-0.014795,0.066548,-0.935792,0.192065,0.045125
4.560000,0.045056,-0.014721,0.066214,-0.936883,0.191646,0.044899
4.570000,0.044830,-0.014647,0.065882,-0.937967,0.191228,0.044674
4.580000,0.044606,-0.014574,0.065552,-0.939045,0.190812,0.044451
4.590000,0.044382,-0.014502,0.065223,-0.940117,0.190396,0.044228
4.600000,0.044160,-0.014429,0.064896,-0.941182,0.189982,0.044007
4.610000,0.043939,-0.014357,0.064570,-0.942240,0.189568,0.043786
4.620000,0.043719,-0.014286,0.064246,-0.943293,0.189156,0.043567
4.630000,0.043500,-0.014214,0.063924,-0.944338,0.188744,0.043349
4.640000,0.043282,-0.014143,0.063604,-0.945378,0.188334,0.043132
4.650000,0.043066,-0.014073,0.063285,-0.946411,0.187924,0.042916
4.660000,0.042850,-0.014003,0.062967,-0.947438,0.187516,0.042701
4.670000,0.042636,-0.013933,0.062652,-0.948459,0.187109,0.042487
4.680000,0.042422,-0.013863,0.062337,-0.949474,0.186702,0.042275
4.690000,0.042210,-0.013794,0.062025,-0.950482,0.186297,0.042063
4.700000,0.041999,-0.013725,0.061714,-0.951485,0.185893,0.041853
4.710000,0.041788,-0.013657,0.061405,-0.952481,0.185490,0.041643
4.720000,0.041579,-0.013589,0.061097,-0.953472,0.185088,0.041435
4.730000,0.041371,-0.013521,0.060790,-0.954456,0.184686,0.041227
4.740000,0.041164,-0.013453,0.060486,-0.955434,0.184286,0.041021
4.750000,0.040958,-0.013386,0.060183,-0.956407,0.183887,0.040816
4.760000,0.040753,-0.013319,0.059881,-0.957373,0.183489,0.040612
4.770000,0.040549,-0.013253,0.059581,-0.958334,0.183092,0.040408
4.780000,0.040346,-0.013187,0.059282,-0.959289,0.182695,0.040206
4.790000,0.040144,-0.013121,0.058985,-0.960238,0.182300,0.040005
4.800000,0.039944,-0.013056,0.058690,-0.961181,0.181906,0.039805
4.810000,0.039744,-0.012990,0.058396,-0.962119,0.181513,0.039606
4.820000,0.039545,-0.012926,0.058103,-0.963050,0.181120,0.039408
4.830000,0.039347,-0.012861,0.057812,-0.963977,0.180729,0.039210
4.840000,0.039150,-0.012797,0.057522,-0.964897,0.180339,0.039014
4.850000,0.038954,-0.012733,0.057234,-0.965812,0.179949,0.038819
4.860000,0.038760,-0.012670,0.056947,-0.966721,0.179561,0.038625
4.870000,0.038566,-0.012606,0.056662,-0.967625,0.179174,0.038432
4.880000,0.038373,-0.012543,0.056378,-0.968523,0.178787,0.038239
4.890000,0.038181,-0.012481,0.056096,-0.969416,0.178402,0.038048
4.900000,0.037990,-0.012419,0.055815,-0.970304,0.178017,0.037858
4.910000,0.037800,-0.012357,0.055535,-0.971186,0.177633,0.037668
4.920000,0.037611,-0.012295,0.055257,-0.972062,0.177251,0.037480
4.930000,0.037423,-0.012234,0.054980,-0.972933,0.176869,0.037293
4.940000,0.037235,-0.012173,0.054705,-0.973799,0.176488,0.037106
4.950000,0.037049,-0.012112,0.054431,-0.974660,0.176108,0.036921
4.960000,0.036864,-0.012051,0.054159,-0.975515,0.175729,0.036736
4.970000,0.036680,-0.011991,0.053887,-0.976365,0.175351,0.036552
4.980000,0.036496,-0.011932,0.053618,-0.977210,0.174974,0.036369
4.990000,0.036314,-0.011872,0.053349,-0.978050,0.174598,0.036188
5.000000,0.036132,-0.011813,0.053082,-0.978884,0.174223,0.036007
5.010000,0.035951,-0.011754,0.052816,-0.979714,0.173849,0.035827
5.020000,0.035772,-0.011695,0.052552,-0.980538,0.173475,0.035647
5.030000,0.035593,-0.011637,0.052289,-0.981357,0.173103,0.035469
5.040000,0.035415,-0.011579,0.052027,-0.982171,0.172731,0.035292
5.050000,0.035238,-0.011521,0.051767,-0.982981,0.172361,0.035115
5.060000,0.035062,-0.011464,0.051507,-0.983785,0.171991,0.034940
5.070000,0.034886,-0.011406,0.051250,-0.984584,0.171622,0.034765
5.080000,0.034712,-0.011349,0.050993,-0.985379,0.171254,0.034591
5.090000,0.034538,-0.011293,0.050738,-0.986168,0.170887,0.034418
5.100000,0.034366,-0.011237,0.050484,-0.986953,0.170521,0.034246
5.110000,0.034194,-0.011180,0.050231,-0.987733,0.170156,0.034075
5.120000,0.034023,-0.011125,0.049980,-0.988508,0.169791,0.033905
5.130000,0.033853,-0.011069,0.049730,-0.989278,0.169428,0.033735
5.140000,0.033684,-0.011014,0.049481,-0.990044,0.169065,0.033567
5.150000,0.033515,-0.010959,0.049233,-0.990805,0.168703,0.033399
5.160000,0.033348,-0.010904,0.048987,-0.991561,0.168343,0.033232
5.170000,0.033181,-0.010850,0.048742,-0.992312,0.167983,0.033066
5.180000,0.033015,-0.010796,0.048498,-0.993059,0.167624,0.032901
5.190000,0.032850,-0.010742,0.048255,-0.993801,0.167265,0.032736
5.200000,0.032686,-0.010688,0.048014,-0.994539,0.166908,0.032572
5.210000,0.032523,-0.010635,0.047774,-0.995272,0.166551,0.032410
5.220000,0.032360,-0.010582,0.047535,-0.996001,0.166196,0.032248
5.230000,0.032198,-0.010529,0.047297,-0.996725,0.165841,0.032086
5.240000,0.032037,-0.010477,0.047060,-0.997444,0.165487,0.031926
5.250000,0.031877,-0.010424,0.046825,-0.998159,0.165134,0.031767
5.260000,0.031718,-0.010372,0.046591,-0.998870,0.164782,0.031608
5.270000,0.031559,-0.010321,0.046358,-0.999576,0.164430,0.031450
5.280000,0.031402,-0.010269,0.046126,-1.000278,0.164080,0.031293
5.290000,0.031245,-0.010218,0.045895,-1.000976,0.163730,0.031136
5.300000,0.031089,-0.010167,0.045665,-1.001669,0.163381,0.030981
5.310000,0.030933,-0.010116,0.045437,-1.002358,0.163033,0.030826
5.320000,0.030779,-0.010066,0.045210,-1.003043,0.162686,0.030672
5.330000,0.030625,-0.010016,0.044984,-1.003724,0.162339,0.030519
5.340000,0.030472,-0.009966,0.044759,-1.004400,0.161994,0.030366
5.350000,0.030320,-0.009916,0.044535,-1.005072,0.161649,0.030214
5.360000,0.030168,-0.009866,0.044312,-1.005740,0.161305,0.030063
5.370000,0.030017,-0.009817,0.044091,-1.006404,0.160962,0.029913
5.380000,0.029867,-0.009768,0.043870,-1.007063,0.160620,0.029764
5.390000,0.029718,-0.009720,0.043651,-1.007719,0.160278,0.029615
5.400000,0.029570,-0.009671,0.043432,-1.008370,0.159938,0.029467
5.410000,0.029422,-0.009623,0.043215,-1.009018,0.159598,0.029320
5.420000,0.029275,-0.009575,0.042999,-1.009661,0.159259,0.029173
5.430000,0.029129,-0.009527,0.042784,-1.010301,0.158920,0.029028
5.440000,0.028983,-0.009480,0.042570,-1.010936,0.158583,0.028883
5.450000,0.028838,-0.009432,0.042357,-1.011567,0.158246,0.028738
5.460000,0.028694,-0.009385,0.042146,-1.012195,0.157911,0.028595
5.470000,0.028551,-0.009338,0.041935,-1.012819,0.157576,0.028452
5.480000,0.028408,-0.009292,0.041725,-1.013439,0.157241,0.028310
5.490000,0.028266,-0.009245,0.041517,-1.014054,0.156908,0.028168
5.500000,0.028125,-0.009199,0.041309,-1.014667,0.156575,0.028028
5.510000,0.027985,-0.009153,0.041103,-1.015275,0.156243,0.027888
5.520000,0.027845,-0.009108,0.040897,-1.015879,0.155912,0.027748
5.530000,0.027706,-0.009062,0.040693,-1.016480,0.155582,0.027610
5.540000,0.027567,-0.009017,0.040489,-1.017077,0.155252,0.027472
5.550000,0.027430,-0.008972,0.040287,-1.017670,0.154924,0.027335
5.560000,0.027293,-0.008927,0.040086,-1.018260,0.154596,0.027198
5.570000,0.027156,-0.008883,0.039885,-1.018846,0.154269,0.027062
5.580000,0.027021,-0.008839,0.039686,-1.019428,0.153942,0.026927
5.590000,0.026886,-0.008794,0.039487,-1.020007,0.153616,0.026793
5.600000,0.026752,-0.008751,0.039290,-1.020582,0.153291,0.026659
5.610000,0.026618,-0.008707,0.039094,-1.021153,0.152967,0.026526
5.620000,0.026485,-0.008663,0.038898,-1.021721,0.152644,0.026393
5.630000,0.026353,-0.008620,0.038704,-1.022285,0.152321,0.026261
5.640000,0.026221,-0.008577,0.038511,-1.022846,0.151999,0.026130
5.650000,0.026090,-0.008534,0.038318,-1.023403,0.151678,0.026000
5.660000,0.025960,-0.008492,0.038127,-1.023957,0.151358,0.025870
5.670000,0.025830,-0.008450,0.037936,-1.024507,0.151038,0.025741
5.680000,0.025701,-0.008407,0.037746,-1.025054,0.150720,0.025612
5.690000,0.025573,-0.008365,0.037558,-1.025597,0.150401,0.025484
5.700000,0.025445,-0.008324,0.037370,-1.026138,0.150084,0.025357
5.710000,0.025318,-0.008282,0.037183,-1.026674,0.149767,0.025230
5.720000,0.025192,-0.008241,0.036998,-1.027207,0.149451,0.025104
5.730000,0.025066,-0.008200,0.036813,-1.027737,0.149136,0.024979
5.740000,0.024941,-0.008159,0.036629,-1.028264,0.148822,0.024854
5.750000,0.024816,-0.008118,0.036446,-1.028787,0.148508,0.024730
5.760000,0.024692,-0.008078,0.036264,-1.029308,0.148195,0.024607
5.770000,0.024569,-0.008037,0.036083,-1.029824,0.147883,0.024484
5.780000,0.024446,-0.007997,0.035902,-1.030338,0.147571,0.024361
5.790000,0.024324,-0.007957,0.035723,-1.030848,0.147261,0.024240
5.800000,0.024203,-0.007918,0.035544,-1.031355,0.146951,0.024119
5.810000,0.024082,-0.007878,0.035367,-1.031859,0.146641,0.023998
5.820000,0.023962,-0.007839,0.035190,-1.032360,0.146333,0.023878
5.830000,0.023842,-0.007800,0.035014,-1.032858,0.146025,0.023759
5.840000,0.023723,-0.007761,0.034839,-1.033353,0.145717,0.023641
5.850000,0.023604,-0.007722,0.034665,-1.033844,0.145411,0.023523
5.860000,0.023487,-0.007684,0.034492,-1.034332,0.145105,0.023405
5.870000,0.023369,-0.007645,0.034320,-1.034818,0.144800,0.023288
5.880000,0.023253,-0.007607,0.034148,-1.035300,0.144496,0.023172
5.890000,0.023136,-0.007569,0.033978,-1.035779,0.144192,0.023056
5.900000,0.023021,-0.007532,0.033808,-1.036255,0.143889,0.022941
5.910000,0.022906,-0.007494,0.033639,-1.036729,0.143587,0.022827
5.920000,0.022792,-0.007457,0.033471,-1.037199,0.143285,0.022713
5.930000,0.022678,-0.007419,0.033304,-1.037666,0.142984,0.022599
5.940000,0.022565,-0.007382,0.033138,-1.038131,0.142684,0.022486
5.950000,0.022452,-0.007346,0.032972,-1.038592,0.142385,0.022374
5.960000,0.022340,-0.007309,0.032807,-1.039050,0.142086,0.022262
5.970000,0.022228,-0.007272,0.032644,-1.039506,0.141788,0.022151
5.980000,0.022117,-0.007236,0.032481,-1.039959,0.141490,0.022041
5.990000,0.022007,-0.007200,0.032318,-1.040409,0.141194,0.021931
6.000000,0.021897,-0.007164,0.032157,-1.040856,0.140897,0.021821
6.010000,0.021788,-0.007128,0.031996,-1.041300,0.140602,0.021712
6.020000,0.021679,-0.007093,0.031836,-1.041742,0.140307,0.021604
6.030000,0.021571,-0.007058,0.031677,-1.042180,0.140013,0.021496
6.040000,0.021463,-0.007022,0.031519,-1.042616,0.139720,0.021389
6.050000,0.021356,-0.006987,0.031362,-1.043050,0.139427,0.021282
6.060000,0.021249,-0.006952,0.031205,-1.043480,0.139135,0.021176
6.070000,0.021143,-0.006918,0.031049,-1.043908,0.138844,0.021070
6.080000,0.021038,-0.006883,0.030894,-1.044333,0.138553,0.020965
6.090000,0.020933,-0.006849,0.030740,-1.044755,0.138263,0.020860
6.100000,0.020828,-0.006815,0.030587,-1.045175,0.137974,0.020756
6.110000,0.020724,-0.006781,0.030434,-1.045592,0.137685,0.020652
6.120000,0.020621,-0.006747,0.030282,-1.046007,0.137397,0.020549
6.130000,0.020518,-0.006713,0.030131,-1.046418,0.137110,0.020447
6.140000,0.020415,-0.006680,0.029980,-1.046828,0.136823,0.020345
6.150000,0.020314,-0.006646,0.029830,-1.047234,0.136537,0.020243
6.160000,0.020212,-0.006613,0.029681,-1.047638,0.136251,0.020142
6.170000,0.020111,-0.006580,0.029533,-1.048040,0.135967,0.020042
6.180000,0.020011,-0.006548,0.029386,-1.048439,0.135682,0.019942
6.190000,0.019911,-0.006515,0.029239,-1.048835,0.135399,0.019842
6.200000,0.019812,-0.006482,0.029093,-1.049229,0.135116,0.019743
6.210000,0.019713,-0.006450,0.028948,-1.049621,0.134834,0.019644
6.220000,0.019614,-0.006418,0.028803,-1.050010,0.134552,0.019546
6.230000,0.019516,-0.006386,0.028659,-1.050397,0.134271,0.019449
6.240000,0.019419,-0.006354,0.028516,-1.050781,0.133991,0.019352
6.250000,0.019322,-0.006322,0.028374,-1.051162,0.133711,0.019255
6.260000,0.019226,-0.006291,0.028232,-1.051542,0.133432,0.019159
6.270000,0.019130,-0.006259,0.028091,-1.051919,0.133154,0.019063
6.280000,0.019034,-0.006228,0.027951,-1.052293,0.132876,0.018968
6.290000,0.018939,-0.006197,0.027812,-1.052665,0.132599,0.018874
6.300000,0.018845,-0.006166,0.027673,-1.053035,0.132323,0.018779
6.310000,0.018751,-0.006135,0.027534,-1.053402,0.132047,0.018686
6.320000,0.018657,-0.006105,0.027397,-1.053768,0.131771,0.018592
6.330000,0.018564,-0.006074,0.027260,-1.054130,0.131497,0.018500
6.340000,0.018471,-0.006044,0.027124,-1.054491,0.131223,0.018407
6.350000,0.018379,-0.006014,0.026989,-1.054849,0.130949,0.018315
6.360000,0.018287,-0.005984,0.026854,-1.055205,0.130677,0.018224
6.370000,0.018196,-0.005954,0.026720,-1.055559,0.130404,0.018133
6.380000,0.018105,-0.005924,0.026587,-1.055910,0.130133,0.018043
6.390000,0.018015,-0.005895,0.026454,-1.056259,0.129862,0.017952
6.400000,0.017925,-0.005865,0.026322,-1.056607,0.129592,0.017863
6.410000,0.017836,-0.005836,0.026190,-1.056951,0.129322,0.017774
6.420000,0.017747,-0.005807,0.026060,-1.057294,0.129053,0.017685
6.430000,0.017658,-0.005778,0.025929,-1.057634,0.128784,0.017597
6.440000,0.017570,-0.005749,0.025800,-1.057973,0.128516,0.017509
6.450000,0.017482,-0.005721,0.025671,-1.058309,0.128249,0.017422
6.460000,0.017395,-0.005692,0.025543,-1.058643,0.127982,0.017335
6.470000,0.017308,-0.005664,0.025416,-1.058975,0.127716,0.017248
6.480000,0.017222,-0.005635,0.025289,-1.059305,0.127451,0.017162
6.490000,0.017136,-0.005607,0.025162,-1.059633,0.127186,0.017076
6.500000,0.017050,-0.005579,0.025037,-1.059958,0.126921,0.016991
6.510000,0.016965,-0.005552,0.024912,-1.060282,0.126658,0.016906
6.520000,0.016881,-0.005524,0.024788,-1.060603,0.126394,0.016822
6.530000,0.016796,-0.005496,0.024664,-1.060923,0.126132,0.016738
6.540000,0.016712,-0.005469,0.024541,-1.061240,0.125870,0.016655
6.550000,0.016629,-0.005442,0.024418,-1.061556,0.125609,0.016571
6.560000,0.016546,-0.005414,0.024296,-1.061869,0.125348,0.016489
6.570000,0.016464,-0.005387,0.024175,-1.062181,0.125088,0.016406
6.580000,0.016381,-0.005361,0.024054,-1.062490,0.124828,0.016325
6.590000,0.016300,-0.005334,0.023934,-1.062798,0.124569,0.016243
6.600000,0.016218,-0.005307,0.023815,-1.063103,0.124310,0.016162
6.610000,0.016137,-0.005281,0.023696,-1.063407,0.124052,0.016081
6.620000,0.016057,-0.005254,0.023578,-1.063709,0.123795,0.016001
6.630000,0.015977,-0.005228,0.023460,-1.064008,0.123538,0.015921
6.640000,0.015897,-0.005202,0.023343,-1.064306,0.123282,0.015842
6.650000,0.015818,-0.005176,0.023226,-1.064602,0.123026,0.015763
6.660000,0.015739,-0.005150,0.023110,-1.064896,0.122771,0.015684
6.670000,0.015660,-0.005125,0.022995,-1.065189,0.122517,0.015606
6.680000,0.015582,-0.005099,0.022880,-1.065479,0.122263,0.015528
6.690000,0.015504,-0.005074,0.022766,-1.065768,0.122010,0.015451
6.700000,0.015427,-0.005048,0.022653,-1.066054,0.121757,0.015373
6.710000,0.015350,-0.005023,0.022539,-1.066339,0.121505,0.015297
6.720000,0.015273,-0.004998,0.022427,-1.066622,0.121253,0.015220
6.730000,0.015197,-0.004973,0.022315,-1.066904,0.121002,0.015144
6.740000,0.015121,-0.004948,0.022204,-1.067183,0.120751,0.015069
6.750000,0.015046,-0.004924,0.022093,-1.067461,0.120501,0.014994
6.760000,0.014971,-0.004899,0.021983,-1.067737,0.120252,0.014919
6.770000,0.014896,-0.004875,0.021873,-1.068011,0.120003,0.014844
6.780000,0.014822,-0.004850,0.021764,-1.068283,0.119755,0.014770
6.790000,0.014748,-0.004826,0.021655,-1.068554,0.119507,0.014697
6.800000,0.014674,-0.004802,0.021547,-1.068823,0.119259,0.014623
6.810000,0.014601,-0.004778,0.021440,-1.069090,0.119013,0.014550
6.820000,0.014528,-0.004754,0.021333,-1.069356,0.118767,0.014478
6.830000,0.014456,-0.004731,0.021226,-1.069620,0.118521,0.014406
6.840000,0.014384,-0.004707,0.021120,-1.069882,0.118276,0.014334
6.850000,0.014312,-0.004684,0.021015,-1.070143,0.118031,0.014262
6.860000,0.014240,-0.004660,0.020910,-1.070402,0.117787,0.014191
6.870000,0.014169,-0.004637,0.020806,-1.070659,0.117544,0.014120
6.880000,0.014099,-0.004614,0.020702,-1.070914,0.117301,0.014050
6.890000,0.014028,-0.004591,0.020598,-1.071168,0.117059,0.013980
6.900000,0.013958,-0.004568,0.020496,-1.071421,0.116817,0.013910
6.910000,0.013889,-0.004545,0.020393,-1.071671,0.116575,0.013840
6.920000,0.013819,-0.004522,0.020292,-1.071921,0.116335,0.013771
6.930000,0.013750,-0.004500,0.020190,-1.072168,0.116094,0.013703
6.940000,0.013682,-0.004477,0.020090,-1.072414,0.115855,0.013634
6.950000,0.013613,-0.004455,0.019989,-1.072659,0.115615,0.013566
6.960000,0.013546,-0.004433,0.019890,-1.072901,0.115377,0.013499
6.970000,0.013478,-0.004411,0.019790,-1.073143,0.115139,0.013431
6.980000,0.013411,-0.004389,0.019692,-1.073382,0.114901,0.013364
6.990000,0.013344,-0.004367,0.019593,-1.073621,0.114664,0.013298
7.000000,0.013277,-0.004345,0.019495,-1.073857,0.114427,0.013231
7.010000,0.013211,-0.004323,0.019398,-1.074093,0.114191,0.013165
7.020000,0.013145,-0.004302,0.019301,-1.074326,0.113956,0.013100
7.030000,0.013080,-0.004280,0.019205,-1.074559,0.113721,0.013034
7.040000,0.013014,-0.004259,0.019109,-1.074789,0.113486,0.012969
7.050000,0.012949,-0.004238,0.019014,-1.075019,0.113252,0.012904
7.060000,0.012885,-0.004217,0.018919,-1.075246,0.113019,0.012840
7.070000,0.012820,-0.004196,0.018825,-1.075473,0.112786,0.012776
7.080000,0.012756,-0.004175,0.018731,-1.075698,0.112553,0.012712
7.090000,0.012693,-0.004154,0.018637,-1.075921,0.112321,0.012649
7.100000,0.012630,-0.004133,0.018544,-1.076143,0.112090,0.012586
7.110000,0.012566,-0.004113,0.018452,-1.076364,0.111859,0.012523
7.120000,0.012504,-0.004092,0.018360,-1.076583,0.111628,0.012460
7.130000,0.012441,-0.004072,0.018268,-1.076801,0.111398,0.012398
7.140000,0.012379,-0.004051,0.018177,-1.077017,0.111169,0.012336
7.150000,0.012318,-0.004031,0.018086,-1.077232,0.110940,0.012275
7.160000,0.012256,-0.004011,0.017996,-1.077446,0.110712,0.012214
7.170000,0.012195,-0.003991,0.017906,-1.077658,0.110484,0.012153
7.180000,0.012134,-0.003971,0.017817,-1.077869,0.110256,0.012092
7.190000,0.012074,-0.003951,0.017728,-1.078079,0.110029,0.012032
7.200000,0.012013,-0.003932,0.017639,-1.078287,0.109803,0.011972
7.210000,0.011953,-0.003912,0.017551,-1.078494,0.109577,0.011912
7.220000,0.011894,-0.003893,0.017464,-1.078700,0.109351,0.011853
7.230000,0.011834,-0.003873,0.017377,-1.078904,0.109126,0.011793
7.240000,0.011775,-0.003854,0.017290,-1.079107,0.108902,0.011735
7.250000,0.011717,-0.003835,0.017204,-1.079309,0.108678,0.011676
7.260000,0.011658,-0.003815,0.017118,-1.079509,0.108454,0.011618
7.270000,0.011600,-0.003796,0.017032,-1.079709,0.108231,0.011560
7.280000,0.011542,-0.003777,0.016947,-1.079906,0.108009,0.011502
7.290000,0.011485,-0.003759,0.016863,-1.080103,0.107787,0.011445
7.300000,0.011427,-0.003740,0.016779,-1.080298,0.107565,0.011388
7.310000,0.011370,-0.003721,0.016695,-1.080492,0.107344,0.011331
7.320000,0.011314,-0.003703,0.016612,-1.080685,0.107123,0.011274
7.330000,0.011257,-0.003684,0.016529,-1.080877,0.106903,0.011218
7.340000,0.011201,-0.003666,0.016446,-1.081067,0.106684,0.011162
7.350000,0.011145,-0.003648,0.016364,-1.081257,0.106464,0.011106
7.360000,0.011090,-0.003629,0.016283,-1.081445,0.106246,0.011051
7.370000,0.011034,-0.003611,0.016201,-1.081631,0.106027,0.010996
7.380000,0.010979,-0.003593,0.016121,-1.081817,0.105810,0.010941
7.390000,0.010924,-0.003575,0.016040,-1.082001,0.105592,0.010887
7.400000,0.010870,-0.003557,0.015960,-1.082185,0.105376,0.010832
7.410000,0.010816,-0.003540,0.015881,-1.082367,0.105159,0.010778
7.420000,0.010762,-0.003522,0.015801,-1.082547,0.104943,0.010724
7.430000,0.010708,-0.003505,0.015722,-1.082727,0.104728,0.010671
7.440000,0.010655,-0.003487,0.015644,-1.082906,0.104513,0.010618
7.450000,0.010601,-0.003470,0.015566,-1.083083,0.104298,0.010565
7.460000,0.010549,-0.003452,0.015488,-1.083260,0.104084,0.010512
7.470000,0.010496,-0.003435,0.015411,-1.083435,0.103871,0.010460
7.480000,0.010444,-0.003418,0.015334,-1.083609,0.103658,0.010407
7.490000,0.010391,-0.003401,0.015258,-1.083782,0.103445,0.010355
7.500000,0.010340,-0.003384,0.015182,-1.083954,0.103233,0.010304
7.510000,0.010288,-0.003367,0.015106,-1.084124,0.103021,0.010252
7.520000,0.010237,-0.003350,0.015030,-1.084294,0.102810,0.010201
7.530000,0.010186,-0.003334,0.014955,-1.084462,0.102599,0.010150
7.540000,0.010135,-0.003317,0.014881,-1.084630,0.102389,0.010100
7.550000,0.010084,-0.003300,0.014807,-1.084796,0.102179,0.010049
7.560000,0.010034,-0.003284,0.014733,-1.084962,0.101969,0.009999
7.570000,0.009984,-0.003268,0.014659,-1.085126,0.101760,0.009949
7.580000,0.009934,-0.003251,0.014586,-1.085289,0.101552,0.009900
7.590000,0.009885,-0.003235,0.014513,-1.085451,0.101344,0.009850
7.600000,0.009835,-0.003219,0.014441,-1.085613,0.101136,0.009801
7.610000,0.009786,-0.003203,0.014369,-1.085773,0.100929,0.009752
7.620000,0.009737,-0.003187,0.014297,-1.085932,0.100722,0.009704
7.630000,0.009689,-0.003171,0.014226,-1.086090,0.100516,0.009655
7.640000,0.009640,-0.003155,0.014155,-1.086247,0.100310,0.009607
7.650000,0.009592,-0.003139,0.014084,-1.086403,0.100104,0.009559
7.660000,0.009545,-0.003124,0.014014,-1.086558,0.099899,0.009511
7.670000,0.009497,-0.003108,0.013944,-1.086712,0.099695,0.009464
7.680000,0.009450,-0.003093,0.013875,-1.086865,0.099491,0.009417
7.690000,0.009402,-0.003077,0.013805,-1.087017,0.099287,0.009370
7.700000,0.009355,-0.003062,0.013736,-1.087168,0.099084,0.009323
7.710000,0.009309,-0.003047,0.013668,-1.087318,0.098881,0.009277
7.720000,0.009262,-0.003031,0.013600,-1.087468,0.098679,0.009230
7.730000,0.009216,-0.003016,0.013532,-1.087616,0.098477,0.009184
7.740000,0.009170,-0.003001,0.013464,-1.087763,0.098275,0.009138
7.750000,0.009124,-0.002986,0.013397,-1.087910,0.098074,0.009093
7.760000,0.009079,-0.002971,0.013330,-1.088055,0.097873,0.009048
7.770000,0.009034,-0.002957,0.013264,-1.088199,0.097673,0.009002
7.780000,0.008989,-0.002942,0.013198,-1.088343,0.097473,0.008957
7.790000,0.008944,-0.002927,0.013132,-1.088486,0.097274,0.008913
7.800000,0.008899,-0.002913,0.013066,-1.088627,0.097075,0.008868
7.810000,0.008855,-0.002898,0.013001,-1.088768,0.096877,0.008824
7.820000,0.008811,-0.002884,0.012936,-1.088908,0.096679,0.008780
7.830000,0.008767,-0.002869,0.012872,-1.089047,0.096481,0.008736
7.840000,0.008723,-0.002855,0.012808,-1.089185,0.096284,0.008693
7.850000,0.008679,-0.002841,0.012744,-1.089322,0.096087,0.008649
7.860000,0.008636,-0.002827,0.012680,-1.089459,0.095891,0.008606
7.870000,0.008593,-0.002812,0.012617,-1.089594,0.095695,0.008563
7.880000,0.008550,-0.002798,0.012554,-1.089729,0.095499,0.008521
7.890000,0.008508,-0.002784,0.012491,-1.089862,0.095304,0.008478
7.900000,0.008465,-0.002771,0.012429,-1.089995,0.095109,0.008436
7.910000,0.008423,-0.002757,0.012367,-1.090127,0.094915,0.008394
7.920000,0.008381,-0.002743,0.012305,-1.090259,0.094721,0.008352
7.930000,0.008339,-0.002729,0.012244,-1.090389,0.094527,0.008310
7.940000,0.008297,-0.002716,0.012183,-1.090518,0.094334,0.008269
7.950000,0.008256,-0.002702,0.012122,-1.090647,0.094142,0.008227
7.960000,0.008215,-0.002689,0.012062,-1.090775,0.093950,0.008186
7.970000,0.008174,-0.002675,0.012001,-1.090902,0.093758,0.008146
7.980000,0.008133,-0.002662,0.011942,-1.091028,0.093566,0.008105
7.990000,0.008093,-0.002649,0.011882,-1.091154,0.093375,0.008065
8.000000,0.008052,-0.002635,0.011823,-1.091278,0.093185,0.008024
8.010000,0.008012,-0.002622,0.011764,-1.091402,0.092994,0.007984
8.020000,0.007972,-0.002609,0.011705,-1.091525,0.092805,0.007944
8.030000,0.007932,-0.002596,0.011647,-1.091647,0.092615,0.007905
8.040000,0.007893,-0.002583,0.011589,-1.091769,0.092426,0.007865
8.050000,0.007853,-0.002570,0.011531,-1.091889,0.092238,0.007826
8.060000,0.007814,-0.002558,0.011473,-1.092009,0.092049,0.007787
8.070000,0.007775,-0.002545,0.011416,-1.092128,0.091862,0.007748
8.080000,0.007736,-0.002532,0.011359,-1.092247,0.091674,0.007710
8.090000,0.007698,-0.002519,0.011302,-1.092364,0.091487,0.007671
8.100000,0.007659,-0.002507,0.011246,-1.092481,0.091301,0.007633
8.110000,0.007621,-0.002494,0.011190,-1.092597,0.091114,0.007595
8.120000,0.007583,-0.002482,0.011134,-1.092713,0.090929,0.007557
8.130000,0.007545,-0.002470,0.011079,-1.092827,0.090743,0.007519
8.140000,0.007508,-0.002457,0.011023,-1.092941,0.090558,0.007482
8.150000,0.007470,-0.002445,0.010968,-1.093054,0.090374,0.007444
8.160000,0.007433,-0.002433,0.010914,-1.093167,0.090189,0.007407
8.170000,0.007396,-0.002421,0.010859,-1.093278,0.090005,0.007370
8.180000,0.007359,-0.002409,0.010805,-1.093389,0.089822,0.007334
8.190000,0.007322,-0.002397,0.010751,-1.093499,0.089639,0.007297
8.200000,0.007286,-0.002385,0.010697,-1.093609,0.089456,0.007261
8.210000,0.007249,-0.002373,0.010644,-1.093718,0.089274,0.007224
8.220000,0.007213,-0.002361,0.010591,-1.093826,0.089092,0.007188
8.230000,0.007177,-0.002349,0.010538,-1.093933,0.088911,0.007152
8.240000,0.007142,-0.002337,0.010486,-1.094040,0.088729,0.007117
8.250000,0.007106,-0.002326,0.010433,-1.094146,0.088549,0.007081
8.260000,0.007070,-0.002314,0.010381,-1.094252,0.088368,0.007046
8.270000,0.007035,-0.002303,0.010329,-1.094356,0.088188,0.007011
8.280000,0.007000,-0.002291,0.010278,-1.094460,0.088009,0.006976
8.290000,0.006965,-0.002280,0.010227,-1.094564,0.087829,0.006941
8.300000,0.006930,-0.002268,0.010176,-1.094666,0.087651,0.006906
8.310000,0.006896,-0.002257,0.010125,-1.094769,0.087472,0.006872
8.320000,0.006861,-0.002246,0.010074,-1.094870,0.087294,0.006838
8.330000,0.006827,-0.002235,0.010024,-1.094971,0.087116,0.006804
8.340000,0.006793,-0.002223,0.009974,-1.095071,0.086939,0.006770
8.350000,0.006759,-0.002212,0.009924,-1.095170,0.086762,0.006736
8.360000,0.006726,-0.002201,0.009875,-1.095269,0.086585,0.006702
8.370000,0.006692,-0.002190,0.009826,-1.095367,0.086409,0.006669
8.380000,0.006659,-0.002179,0.009777,-1.095465,0.086233,0.006636
8.390000,0.006625,-0.002169,0.009728,-1.095562,0.086058,0.006603
8.400000,0.006592,-0.002158,0.009679,-1.095658,0.085883,0.006570
8.410000,0.006560,-0.002147,0.009631,-1.095754,0.085708,0.006537
8.420000,0.006527,-0.002136,0.009583,-1.095849,0.085534,0.006504
8.430000,0.006494,-0.002126,0.009535,-1.095943,0.085360,0.006472
8.440000,0.006462,-0.002115,0.009488,-1.096037,0.085186,0.006439
8.450000,0.006430,-0.002104,0.009440,-1.096130,0.085013,0.006407
8.460000,0.006398,-0.002094,0.009393,-1.096223,0.084840,0.006375
8.470000,0.006366,-0.002083,0.009346,-1.096315,0.084667,0.006344
8.480000,0.006334,-0.002073,0.009300,-1.096406,0.084495,0.006312
8.490000,0.006302,-0.002063,0.009253,-1.096497,0.084323,0.006280
8.500000,0.006271,-0.002052,0.009207,-1.096588,0.084152,0.006249
8.510000,0.006240,-0.002042,0.009161,-1.096677,0.083981,0.006218
8.520000,0.006208,-0.002032,0.009116,-1.096766,0.083810,0.006187
8.530000,0.006178,-0.002022,0.009070,-1.096855,0.083640,0.006156
8.540000,0.006147,-0.002012,0.009025,-1.096943,0.083469,0.006125
8.550000,0.006116,-0.002002,0.008980,-1.097030,0.083300,0.006095
8.560000,0.006086,-0.001992,0.008935,-1.097117,0.083131,0.006064
8.570000,0.006055,-0.001982,0.008890,-1.097204,0.082962,0.006034
8.580000,0.006025,-0.001972,0.008846,-1.097289,0.082793,0.006004
8.590000,0.005995,-0.001962,0.008802,-1.097375,0.082625,0.005974
8.600000,0.005965,-0.001952,0.008758,-1.097459,0.082457,0.005944
8.610000,0.005935,-0.001943,0.008714,-1.097543,0.082289,0.005915
8.620000,0.005906,-0.001933,0.008671,-1.097627,0.082122,0.005885
8.630000,0.005876,-0.001923,0.008628,-1.097710,0.081955,0.005856
8.640000,0.005847,-0.001914,0.008585,-1.097792,0.081789,0.005827
8.650000,0.005818,-0.001904,0.008542,-1.097874,0.081623,0.005798
8.660000,0.005789,-0.001895,0.008499,-1.097956,0.081457,0.005769
8.670000,0.005760,-0.001885,0.008457,-1.098037,0.081291,0.005740
8.680000,0.005731,-0.001876,0.008415,-1.098117,0.081126,0.005711
8.690000,0.005703,-0.001866,0.008373,-1.098197,0.080962,0.005683
8.700000,0.005674,-0.001857,0.008331,-1.098276,0.080797,0.005654
8.710000,0.005646,-0.001848,0.008289,-1.098355,0.080633,0.005626
8.720000,0.005618,-0.001839,0.008248,-1.098434,0.080469,0.005598
8.730000,0.005590,-0.001830,0.008207,-1.098511,0.080306,0.005570
8.740000,0.005562,-0.001820,0.008166,-1.098589,0.080143,0.005542
8.750000,0.005534,-0.001811,0.008125,-1.098666,0.079980,0.005515
8.760000,0.005506,-0.001802,0.008085,-1.098742,0.079818,0.005487
8.770000,0.005479,-0.001793,0.008044,-1.098818,0.079656,0.005460
8.780000,0.005452,-0.001784,0.008004,-1.098893,0.079494,0.005433
8.790000,0.005424,-0.001775,0.007964,-1.098968,0.079333,0.005406
8.800000,0.005397,-0.001767,0.007925,-1.099042,0.079172,0.005379
8.810000,0.005370,-0.001758,0.007885,-1.099116,0.079011,0.005352
8.820000,0.005344,-0.001749,0.007846,-1.099190,0.078851,0.005325
8.830000,0.005317,-0.001740,0.007807,-1.099263,0.078691,0.005299
8.840000,0.005290,-0.001732,0.007768,-1.099335,0.078531,0.005272
8.850000,0.005264,-0.001723,0.007729,-1.099407,0.078372,0.005246
8.860000,0.005238,-0.001714,0.007690,-1.099479,0.078213,0.005220
8.870000,0.005212,-0.001706,0.007652,-1.099550,0.078054,0.005194
8.880000,0.005186,-0.001697,0.007614,-1.099621,0.077896,0.005168
8.890000,0.005160,-0.001689,0.007576,-1.099691,0.077738,0.005142
8.900000,0.005134,-0.001680,0.007538,-1.099761,0.077580,0.005116
8.910000,0.005108,-0.001672,0.007500,-1.099830,0.077423,0.005091
8.920000,0.005083,-0.001664,0.007463,-1.099899,0.077266,0.005065
8.930000,0.005058,-0.001655,0.007426,-1.099967,0.077109,0.005040
8.940000,0.005032,-0.001647,0.007389,-1.100035,0.076953,0.005015
8.950000,0.005007,-0.001639,0.007352,-1.100103,0.076797,0.004990
8.960000,0.004982,-0.001631,0.007315,-1.100170,0.076641,0.004965
8.970000,0.004957,-0.001623,0.007279,-1.100236,0.076486,0.004940
8.980000,0.004933,-0.001615,0.007242,-1.100303,0.076331,0.004916
8.990000,0.004908,-0.001606,0.007206,-1.100369,0.076176,0.004891
9.000000,0.004884,-0.001598,0.007170,-1.100434,0.076022,0.004867
9.010000,0.004859,-0.001590,0.007135,-1.100499,0.075868,0.004842
9.020000,0.004835,-0.001583,0.007099,-1.100563,0.075714,0.004818
9.030000,0.004811,-0.001575,0.007064,-1.100628,0.075561,0.004794
9.040000,0.004787,-0.001567,0.007028,-1.100691,0.075407,0.004770
9.050000,0.004763,-0.001559,0.006993,-1.100755,0.075255,0.004747
9.060000,0.004739,-0.001551,0.006958,-1.100817,0.075102,0.004723
9.070000,0.004716,-0.001543,0.006924,-1.100880,0.074950,0.004699
9.080000,0.004692,-0.001536,0.006889,-1.100942,0.074798,0.004676
9.090000,0.004669,-0.001528,0.006855,-1.101004,0.074647,0.004653
9.100000,0.004645,-0.001521,0.006821,-1.101065,0.074495,0.004629
9.110000,0.004622,-0.001513,0.006787,-1.101126,0.074345,0.004606
9.120000,0.004599,-0.001505,0.006753,-1.101187,0.074194,0.004583
9.130000,0.004576,-0.001498,0.006719,-1.101247,0.074044,0.004560
9.140000,0.004554,-0.001490,0.006686,-1.101306,0.073894,0.004538
9.150000,0.004531,-0.001483,0.006652,-1.101366,0.073744,0.004515
9.160000,0.004508,-0.001476,0.006619,-1.101425,0.073595,0.004493
9.170000,0.004486,-0.001468,0.006586,-1.101483,0.073446,0.004470
9.180000,0.004463,-0.001461,0.006553,-1.101542,0.073297,0.004448
9.190000,0.004441,-0.001454,0.006521,-1.101599,0.073149,0.004426
9.200000,0.004419,-0.001446,0.006488,-1.101657,0.073001,0.004404
9.210000,0.004397,-0.001439,0.006456,-1.101714,0.072853,0.004382
9.220000,0.004375,-0.001432,0.006423,-1.101771,0.072705,0.004360
9.230000,0.004353,-0.001425,0.006391,-1.101827,0.072558,0.004338
9.240000,0.004331,-0.001418,0.006360,-1.101883,0.072411,0.004316
9.250000,0.004310,-0.001411,0.006328,-1.101939,0.072265,0.004295
9.260000,0.004288,-0.001404,0.006296,-1.101994,0.072118,0.004273
9.270000,0.004267,-0.001397,0.006265,-1.102049,0.071972,0.004252
9.280000,0.004246,-0.001390,0.006234,-1.102103,0.071827,0.004231
9.290000,0.004224,-0.001383,0.006202,-1.102158,0.071681,0.004210
9.300000,0.004203,-0.001376,0.006172,-1.102212,0.071536,0.004189
9.310000,0.004182,-0.001369,0.006141,-1.102265,0.071392,0.004168
9.320000,0.004162,-0.001362,0.006110,-1.102318,0.071247,0.004147
9.330000,0.004141,-0.001355,0.006080,-1.102371,0.071103,0.004126
9.340000,0.004120,-0.001349,0.006049,-1.102424,0.070959,0.004106
9.350000,0.004100,-0.001342,0.006019,-1.102476,0.070816,0.004085
9.360000,0.004079,-0.001335,0.005989,-1.102528,0.070672,0.004065
9.370000,0.004059,-0.001328,0.005959,-1.102579,0.070529,0.004045
9.380000,0.004039,-0.001322,0.005930,-1.102630,0.070387,0.004025
9.390000,0.004018,-0.001315,0.005900,-1.102681,0.070244,0.004005
9.400000,0.003998,-0.001309,0.005871,-1.102732,0.070102,0.003985
9.410000,0.003978,-0.001302,0.005841,-1.102782,0.069960,0.003965
9.420000,0.003959,-0.001296,0.005812,-1.102832,0.069819,0.003945
9.430000,0.003939,-0.001289,0.005783,-1.102881,0.069678,0.003925
9.440000,0.003919,-0.001283,0.005754,-1.102930,0.069537,0.003906
9.450000,0.003900,-0.001276,0.005726,-1.102979,0.069396,0.003886
9.460000,0.003880,-0.001270,0.005697,-1.103028,0.069256,0.003867
9.470000,0.003861,-0.001264,0.005669,-1.103076,0.069116,0.003847
9.480000,0.003842,-0.001257,0.005640,-1.103124,0.068976,0.003828
9.490000,0.003822,-0.001251,0.005612,-1.103172,0.068837,0.003809
9.500000,0.003803,-0.001245,0.005584,-1.103219,0.068698,0.003790
9.510000,0.003784,-0.001239,0.005556,-1.103266,0.068559,0.003771
9.520000,0.003766,-0.001233,0.005529,-1.103313,0.068420,0.003752
9.530000,0.003747,-0.001226,0.005501,-1.103359,0.068282,0.003734
9.540000,0.003728,-0.001220,0.005474,-1.103405,0.068144,0.003715
9.550000,0.003709,-0.001214,0.005446,-1.103451,0.068006,0.003697
9.560000,0.003691,-0.001208,0.005419,-1.103497,0.067869,0.003678
9.570000,0.003673,-0.001202,0.005392,-1.103542,0.067732,0.003660
9.580000,0.003654,-0.001196,0.005365,-1.103587,0.067595,0.003642
9.590000,0.003636,-0.001190,0.005338,-1.103632,0.067458,0.003623
9.600000,0.003618,-0.001184,0.005312,-1.103676,0.067322,0.003605
9.610000,0.003600,-0.001178,0.005285,-1.103720,0.067186,0.003587
9.620000,0.003582,-0.001172,0.005259,-1.103764,0.067050,0.003569
9.630000,0.003564,-0.001167,0.005233,-1.103807,0.066915,0.003552
9.640000,0.003546,-0.001161,0.005207,-1.103851,0.066779,0.003534
9.650000,0.003529,-0.001155,0.005181,-1.103894,0.066644,0.003516
9.660000,0.003511,-0.001149,0.005155,-1.103936,0.066510,0.003499
9.670000,0.003493,-0.001143,0.005129,-1.103979,0.066375,0.003481
9.680000,0.003476,-0.001138,0.005104,-1.104021,0.066241,0.003464
9.690000,0.003459,-0.001132,0.005078,-1.104063,0.066108,0.003447
9.700000,0.003441,-0.001126,0.005053,-1.104104,0.065974,0.003430
9.710000,0.003424,-0.001121,0.005028,-1.104146,0.065841,0.003412
9.720000,0.003407,-0.001115,0.005003,-1.104187,0.065708,0.003395
9.730000,0.003390,-0.001110,0.004978,-1.104227,0.065575,0.003378
9.740000,0.003373,-0.001104,0.004953,-1.104268,0.065443,0.003362
9.750000,0.003356,-0.001099,0.004928,-1.104308,0.065311,0.003345
9.760000,0.003340,-0.001093,0.004903,-1.104348,0.065179,0.003328
9.770000,0.003323,-0.001088,0.004879,-1.104388,0.065047,0.003312
9.780000,0.003306,-0.001082,0.004855,-1.104428,0.064916,0.003295
9.790000,0.003290,-0.001077,0.004830,-1.104467,0.064785,0.003279
9.800000,0.003274,-0.001071,0.004806,-1.104506,0.064654,0.003262
9.810000,0.003257,-0.001066,0.004782,-1.104545,0.064523,0.003246
9.820000,0.003241,-0.001061,0.004759,-1.104583,0.064393,0.003230
9.830000,0.003225,-0.001056,0.004735,-1.104621,0.064263,0.003214
9.840000,0.003209,-0.001050,0.004711,-1.104659,0.064133,0.003198
9.850000,0.003193,-0.001045,0.004688,-1.104697,0.064004,0.003182
9.860000,0.003177,-0.001040,0.004664,-1.104735,0.063875,0.003166
9.870000,0.003161,-0.001035,0.004641,-1.104772,0.063746,0.003150
9.880000,0.003145,-0.001029,0.004618,-1.104809,0.063617,0.003134
9.890000,0.003130,-0.001024,0.004595,-1.104846,0.063489,0.003119
9.900000,0.003114,-0.001019,0.004572,-1.104882,0.063361,0.003103
9.910000,0.003098,-0.001014,0.004549,-1.104918,0.063233,0.003088
9.920000,0.003083,-0.001009,0.004526,-1.104955,0.063105,0.003072
9.930000,0.003068,-0.001004,0.004504,-1.104990,0.062978,0.003057
9.940000,0.003052,-0.000999,0.004481,-1.105026,0.062851,0.003042
9.950000,0.003037,-0.000994,0.004459,-1.105061,0.062724,0.003027
9.960000,0.003022,-0.000989,0.004437,-1.105097,0.062597,0.003011
9.970000,0.003007,-0.000984,0.004415,-1.105132,0.062471,0.002996
9.980000,0.002992,-0.000979,0.004393,-1.105166,0.062345,0.002981
9.990000,0.002977,-0.000974,0.004371,-1.105201,0.062219,0.002967
10.000000,0.002962,-0.000970,0.004349,-1.105235,0.062094,0.002952
