0.000000,0.728249,-0.065355,-0.531285,0.981367,-0.255501,-0.714287
0.010000,0.720823,-0.065027,-0.530673,0.976620,-0.254908,-0.707144
0.020000,0.713548,-0.064700,-0.530038,0.971862,-0.254317,-0.700142
0.030000,0.706419,-0.064374,-0.529382,0.967094,-0.253728,-0.693276
0.040000,0.699432,-0.064051,-0.528704,0.962317,-0.253141,-0.686543
0.050000,0.692580,-0.063728,-0.528005,0.957529,-0.252555,-0.679938
0.060000,0.685860,-0.063408,-0.527286,0.952731,-0.251971,-0.673456
0.070000,0.679268,-0.063089,-0.526546,0.947924,-0.251389,-0.667093
0.080000,0.672798,-0.062772,-0.525787,0.943106,-0.250808,-0.660846
0.090000,0.666447,-0.062457,-0.525009,0.938278,-0.250229,-0.654711
0.100000,0.660212,-0.062143,-0.524211,0.933441,-0.249652,-0.648685
0.110000,0.654089,-0.061830,-0.523395,0.928594,-0.249077,-0.642764
0.120000,0.648073,-0.061520,-0.522561,0.923737,-0.248503,-0.636945
0.130000,0.642163,-0.061211,-0.521709,0.918871,-0.247931,-0.631225
0.140000,0.636354,-0.060903,-0.520840,0.913994,-0.247361,-0.625602
0.150000,0.630645,-0.060597,-0.519953,0.909109,-0.246792,-0.620072
0.160000,0.625031,-0.060293,-0.519050,0.904213,-0.246225,-0.614632
0.170000,0.619510,-0.059990,-0.518131,0.899309,-0.245659,-0.609281
0.180000,0.614079,-0.059688,-0.517195,0.894395,-0.245095,-0.604015
0.190000,0.608737,-0.059389,-0.516244,0.889471,-0.244533,-0.598832
0.200000,0.603480,-0.059090,-0.515277,0.884539,-0.243972,-0.593731
0.210000,0.598306,-0.058794,-0.514296,0.879597,-0.243413,-0.588708
0.220000,0.593213,-0.058498,-0.513300,0.874646,-0.242856,-0.583763
0.230000,0.588198,-0.058205,-0.512289,0.869686,-0.242300,-0.578891
0.240000,0.583260,-0.057912,-0.511264,0.864716,-0.241746,-0.574093
0.250000,0.578396,-0.057622,-0.510226,0.859738,-0.241193,-0.569366
0.260000,0.573605,-0.057332,-0.509174,0.854751,-0.240642,-0.564707
0.270000,0.568885,-0.057044,-0.508108,0.849755,-0.240093,-0.560116
0.280000,0.564234,-0.056758,-0.507030,0.844750,-0.239545,-0.555591
0.290000,0.559649,-0.056473,-0.505939,0.839737,-0.238998,-0.551130
0.300000,0.555131,-0.056190,-0.504836,0.834715,-0.238453,-0.546731
0.310000,0.550676,-0.055908,-0.503720,0.829684,-0.237910,-0.542394
0.320000,0.546284,-0.055627,-0.502593,0.824645,-0.237368,-0.538116
0.330000,0.541952,-0.055348,-0.501454,0.819597,-0.236828,-0.533896
0.340000,0.537680,-0.055070,-0.500304,0.814542,-0.236289,-0.529732
0.350000,0.533466,-0.054794,-0.499143,0.809477,-0.235752,-0.525625
0.360000,0.529309,-0.054519,-0.497971,0.804405,-0.235217,-0.521571
0.370000,0.525207,-0.054246,-0.496789,0.799324,-0.234682,-0.517571
0.380000,0.521159,-0.053973,-0.495596,0.794236,-0.234150,-0.513622
0.390000,0.517164,-0.053703,-0.494393,0.789139,-0.233619,-0.509724
0.400000,0.513220,-0.053433,-0.493180,0.784035,-0.233089,-0.505876
0.410000,0.509328,-0.053165,-0.491958,0.778922,-0.232561,-0.502076
0.420000,0.505484,-0.052899,-0.490726,0.773802,-0.232034,-0.498324
0.430000,0.501689,-0.052633,-0.489485,0.768674,-0.231509,-0.494618
0.440000,0.497942,-0.052369,-0.488235,0.763539,-0.230985,-0.490957
0.450000,0.494240,-0.052107,-0.486977,0.758396,-0.230463,-0.487341
0.460000,0.490584,-0.051846,-0.485710,0.753246,-0.229942,-0.483768
0.470000,0.486973,-0.051586,-0.484434,0.748089,-0.229422,-0.480239
0.480000,0.483405,-0.051327,-0.483151,0.742924,-0.228904,-0.476751
0.490000,0.479879,-0.051070,-0.481860,0.737752,-0.228388,-0.473304
0.500000,0.476395,-0.050814,-0.480561,0.732573,-0.227873,-0.469897
0.510000,0.472952,-0.050559,-0.479255,0.727387,-0.227359,-0.466529
0.520000,0.469550,-0.050305,-0.477941,0.722195,-0.226847,-0.463200
0.530000,0.466186,-0.050053,-0.476620,0.716995,-0.226336,-0.459909
0.540000,0.462861,-0.049802,-0.475293,0.711789,-0.225827,-0.456655
0.550000,0.459574,-0.049553,-0.473959,0.706576,-0.225319,-0.453438
0.560000,0.456324,-0.049304,-0.472618,0.701357,-0.224812,-0.450256
0.570000,0.453110,-0.049057,-0.471271,0.696131,-0.224307,-0.447110
0.580000,0.449932,-0.048811,-0.469918,0.690899,-0.223803,-0.443997
0.590000,0.446789,-0.048567,-0.468559,0.685661,-0.223300,-0.440919
0.600000,0.443680,-0.048323,-0.467194,0.680416,-0.222799,-0.437874
0.610000,0.440605,-0.048081,-0.465824,0.675166,-0.222299,-0.434861
0.620000,0.437563,-0.047840,-0.464448,0.669910,-0.221801,-0.431880
0.630000,0.434554,-0.047601,-0.463067,0.664647,-0.221304,-0.428931
0.640000,0.431576,-0.047362,-0.461681,0.659380,-0.220808,-0.426012
0.650000,0.428630,-0.047125,-0.460291,0.654106,-0.220314,-0.423124
0.660000,0.425715,-0.046889,-0.458895,0.648827,-0.219821,-0.420266
0.670000,0.422830,-0.046654,-0.457495,0.643543,-0.219329,-0.417437
0.680000,0.419974,-0.046420,-0.456090,0.638253,-0.218839,-0.414637
0.690000,0.417148,-0.046188,-0.454681,0.632959,-0.218350,-0.411865
0.700000,0.414351,-0.045956,-0.453268,0.627659,-0.217862,-0.409120
0.710000,0.411582,-0.045726,-0.451851,0.622354,-0.217376,-0.406404
0.720000,0.408841,-0.045497,-0.450430,0.617044,-0.216891,-0.403714
0.730000,0.406127,-0.045269,-0.449006,0.611730,-0.216407,-0.401050
0.740000,0.403439,-0.045043,-0.447578,0.606411,-0.215925,-0.398413
0.750000,0.400779,-0.044817,-0.446146,0.601087,-0.215443,-0.395801
0.760000,0.398144,-0.044593,-0.444712,0.595759,-0.214964,-0.393215
0.770000,0.395535,-0.044370,-0.443274,0.590427,-0.214485,-0.390653
0.780000,0.392951,-0.044147,-0.441833,0.585091,-0.214008,-0.388116
0.790000,0.390392,-0.043926,-0.440390,0.579750,-0.213532,-0.385602
0.800000,0.387857,-0.043706,-0.438944,0.574406,-0.213057,-0.383113
0.810000,0.385346,-0.043488,-0.437495,0.569057,-0.212584,-0.380647
0.820000,0.382859,-0.043270,-0.436044,0.563705,-0.212111,-0.378203
0.830000,0.380395,-0.043053,-0.434591,0.558350,-0.211640,-0.375782
0.840000,0.377954,-0.042838,-0.433135,0.552991,-0.211171,-0.373384
0.850000,0.375536,-0.042623,-0.431677,0.547628,-0.210702,-0.371007
0.860000,0.373139,-0.042410,-0.430218,0.542263,-0.210235,-0.368652
0.870000,0.370765,-0.042198,-0.428757,0.536894,-0.209769,-0.366319
0.880000,0.368412,-0.041986,-0.427294,0.531522,-0.209304,-0.364006
0.890000,0.366081,-0.041776,-0.425829,0.526148,-0.208841,-0.361714
0.900000,0.363770,-0.041567,-0.424363,0.520770,-0.208379,-0.359442
0.910000,0.361480,-0.041359,-0.422896,0.515390,-0.207917,-0.357191
0.920000,0.359211,-0.041152,-0.421427,0.510008,-0.207458,-0.354959
0.930000,0.356961,-0.040946,-0.419957,0.504623,-0.206999,-0.352747
0.940000,0.354731,-0.040741,-0.418487,0.499236,-0.206542,-0.350553
0.950000,0.352521,-0.040538,-0.417015,0.493846,-0.206085,-0.348379
0.960000,0.350330,-0.040335,-0.415543,0.488455,-0.205630,-0.346224
0.970000,0.348158,-0.040133,-0.414069,0.483062,-0.205176,-0.344087
0.980000,0.346004,-0.039932,-0.412596,0.477667,-0.204724,-0.341968
0.990000,0.343869,-0.039732,-0.411122,0.472271,-0.204272,-0.339867
1.000000,0.341752,-0.039533,-0.409647,0.466873,-0.203822,-0.337784
1.010000,0.339653,-0.039336,-0.408172,0.461473,-0.203373,-0.335719
1.020000,0.337572,-0.039139,-0.406697,0.456073,-0.202925,-0.333670
1.030000,0.335508,-0.038943,-0.405222,0.450671,-0.202478,-0.331639
1.040000,0.333461,-0.038748,-0.403747,0.445269,-0.202033,-0.329624
1.050000,0.331432,-0.038554,-0.402272,0.439865,-0.201588,-0.327626
1.060000,0.329419,-0.038362,-0.400797,0.434461,-0.201145,-0.325645
1.070000,0.327422,-0.038170,-0.399322,0.429057,-0.200703,-0.323679
1.080000,0.325442,-0.037979,-0.397848,0.423651,-0.200262,-0.321730
1.090000,0.323479,-0.037789,-0.396374,0.418246,-0.199822,-0.319796
1.100000,0.321531,-0.037600,-0.394900,0.412840,-0.199383,-0.317877
1.110000,0.319598,-0.037412,-0.393428,0.407435,-0.198946,-0.315974
1.120000,0.317682,-0.037225,-0.391956,0.402029,-0.198509,-0.314087
1.130000,0.315780,-0.037038,-0.390484,0.396624,-0.198074,-0.312214
1.140000,0.313894,-0.036853,-0.389014,0.391219,-0.197640,-0.310356
1.150000,0.312023,-0.036669,-0.387544,0.385815,-0.197207,-0.308512
1.160000,0.310166,-0.036486,-0.386076,0.380411,-0.196775,-0.306683
1.170000,0.308324,-0.036303,-0.384608,0.375008,-0.196344,-0.304869
1.180000,0.306497,-0.036122,-0.383142,0.369606,-0.195914,-0.303068
1.190000,0.304683,-0.035941,-0.381677,0.364205,-0.195486,-0.301281
1.200000,0.302884,-0.035761,-0.380213,0.358805,-0.195058,-0.299508
1.210000,0.301099,-0.035582,-0.378750,0.353407,-0.194632,-0.297749
1.220000,0.299327,-0.035405,-0.377289,0.348010,-0.194206,-0.296003
1.230000,0.297569,-0.035228,-0.375829,0.342614,-0.193782,-0.294270
1.240000,0.295824,-0.035051,-0.374371,0.337220,-0.193359,-0.292550
1.250000,0.294093,-0.034876,-0.372915,0.331829,-0.192937,-0.290844
1.260000,0.292375,-0.034702,-0.371460,0.326439,-0.192516,-0.289150
1.270000,0.290669,-0.034528,-0.370007,0.321051,-0.192096,-0.287468
1.280000,0.288977,-0.034356,-0.368556,0.315665,-0.191677,-0.285800
1.290000,0.287297,-0.034184,-0.367107,0.310282,-0.191259,-0.284144
1.300000,0.285629,-0.034013,-0.365659,0.304902,-0.190842,-0.282499
1.310000,0.283974,-0.033843,-0.364214,0.299524,-0.190427,-0.280868
1.320000,0.282332,-0.033674,-0.362771,0.294149,-0.190012,-0.279248
1.330000,0.280701,-0.033505,-0.361329,0.288777,-0.189598,-0.277640
1.340000,0.279082,-0.033338,-0.359890,0.283408,-0.189186,-0.276043
1.350000,0.277475,-0.033171,-0.358453,0.278042,-0.188774,-0.274458
1.360000,0.275880,-0.033006,-0.357019,0.272680,-0.188364,-0.272885
1.370000,0.274297,-0.032841,-0.355587,0.267321,-0.187954,-0.271323
1.380000,0.272724,-0.032676,-0.354157,0.261966,-0.187546,-0.269772
1.390000,0.271164,-0.032513,-0.352729,0.256615,-0.187139,-0.268233
1.400000,0.269614,-0.032351,-0.351304,0.251267,-0.186732,-0.266704
1.410000,0.268075,-0.032189,-0.349882,0.245923,-0.186327,-0.265186
1.420000,0.266548,-0.032028,-0.348462,0.240584,-0.185923,-0.263679
1.430000,0.265031,-0.031868,-0.347044,0.235249,-0.185519,-0.262183
1.440000,0.263525,-0.031709,-0.345630,0.229919,-0.185117,-0.260697
1.450000,0.262030,-0.031550,-0.344218,0.224593,-0.184716,-0.259221
1.460000,0.260545,-0.031393,-0.342808,0.219272,-0.184316,-0.257756
1.470000,0.259071,-0.031236,-0.341402,0.213955,-0.183916,-0.256301
1.480000,0.257607,-0.031080,-0.339998,0.208644,-0.183518,-0.254856
1.490000,0.256153,-0.030924,-0.338598,0.203337,-0.183121,-0.253422
1.500000,0.254709,-0.030770,-0.337200,0.198036,-0.182724,-0.251997
1.510000,0.253275,-0.030616,-0.335805,0.192741,-0.182329,-0.250582
1.520000,0.251851,-0.030463,-0.334413,0.187451,-0.181935,-0.249176
1.530000,0.250437,-0.030311,-0.333024,0.182166,-0.181542,-0.247780
1.540000,0.249033,-0.030159,-0.331638,0.176888,-0.181149,-0.246394
1.550000,0.247638,-0.030009,-0.330255,0.171615,-0.180758,-0.245017
1.560000,0.246252,-0.029859,-0.328876,0.166348,-0.180367,-0.243650
1.570000,0.244877,-0.029710,-0.327499,0.161087,-0.179978,-0.242291
1.580000,0.243510,-0.029561,-0.326126,0.155833,-0.179590,-0.240942
1.590000,0.242153,-0.029413,-0.324756,0.150585,-0.179202,-0.239602
1.600000,0.240804,-0.029267,-0.323389,0.145344,-0.178815,-0.238271
1.610000,0.239465,-0.029120,-0.322026,0.140109,-0.178430,-0.236949
1.620000,0.238135,-0.028975,-0.320666,0.134882,-0.178045,-0.235635
1.630000,0.236814,-0.028830,-0.319309,0.129661,-0.177662,-0.234331
1.640000,0.235501,-0.028686,-0.317956,0.124447,-0.177279,-0.233035
1.650000,0.234198,-0.028543,-0.316606,0.119240,-0.176897,-0.231747
1.660000,0.232902,-0.028400,-0.315259,0.114041,-0.176516,-0.230468
1.670000,0.231616,-0.028258,-0.313916,0.108849,-0.176136,-0.229198
1.680000,0.230338,-0.028117,-0.312576,0.103665,-0.175757,-0.227936
1.690000,0.229068,-0.027977,-0.311240,0.098488,-0.175379,-0.226682
1.700000,0.227807,-0.027837,-0.309908,0.093319,-0.175002,-0.225436
1.710000,0.226553,-0.027698,-0.308579,0.088159,-0.174626,-0.224198
1.720000,0.225308,-0.027559,-0.307253,0.083006,-0.174251,-0.222968
1.730000,0.224072,-0.027422,-0.305932,0.077861,-0.173876,-0.221747
1.740000,0.222843,-0.027285,-0.304614,0.072725,-0.173503,-0.220533
1.750000,0.221622,-0.027149,-0.303299,0.067597,-0.173130,-0.219327
1.760000,0.220409,-0.027013,-0.301988,0.062477,-0.172759,-0.218128
1.770000,0.219204,-0.026878,-0.300681,0.057366,-0.172388,-0.216938
1.780000,0.218006,-0.026744,-0.299378,0.052264,-0.172018,-0.215755
1.790000,0.216816,-0.026610,-0.298078,0.047171,-0.171649,-0.214579
1.800000,0.215634,-0.026477,-0.296782,0.042087,-0.171281,-0.213411
1.810000,0.214459,-0.026345,-0.295490,0.037011,-0.170914,-0.212251
1.820000,0.213292,-0.026214,-0.294202,0.031945,-0.170548,-0.211098
1.830000,0.212132,-0.026083,-0.292918,0.026889,-0.170182,-0.209952
1.840000,0.210980,-0.025952,-0.291637,0.021842,-0.169818,-0.208813
1.850000,0.209835,-0.025823,-0.290360,0.016804,-0.169454,-0.207682
1.860000,0.208697,-0.025694,-0.289087,0.011776,-0.169092,-0.206557
1.870000,0.207566,-0.025565,-0.287818,0.006757,-0.168730,-0.205440
1.880000,0.206442,-0.025438,-0.286553,0.001749,-0.168369,-0.204329
1.890000,0.205326,-0.025311,-0.285291,-0.003250,-0.168009,-0.203226
1.900000,0.204216,-0.025184,-0.284034,-0.008238,-0.167650,-0.202129
1.910000,0.203113,-0.025059,-0.282781,-0.013216,-0.167292,-0.201039
1.920000,0.202017,-0.024933,-0.281531,-0.018184,-0.166934,-0.199956
1.930000,0.200928,-0.024809,-0.280286,-0.023142,-0.166577,-0.198880
1.940000,0.199846,-0.024685,-0.279044,-0.028089,-0.166222,-0.197810
1.950000,0.198770,-0.024562,-0.277806,-0.033025,-0.165867,-0.196747
1.960000,0.197701,-0.024439,-0.276573,-0.037951,-0.165513,-0.195690
1.970000,0.196638,-0.024317,-0.275343,-0.042866,-0.165160,-0.194640
1.980000,0.195582,-0.024196,-0.274117,-0.047771,-0.164807,-0.193596
1.990000,0.194533,-0.024075,-0.272896,-0.052664,-0.164456,-0.192559
2.000000,0.193490,-0.023955,-0.271678,-0.057546,-0.164105,-0.191528
2.010000,0.192453,-0.023835,-0.270465,-0.062417,-0.163755,-0.190503
2.020000,0.191423,-0.023716,-0.269255,-0.067277,-0.163407,-0.189485
2.030000,0.190398,-0.023598,-0.268050,-0.072125,-0.163058,-0.188472
2.040000,0.189381,-0.023480,-0.266848,-0.076962,-0.162711,-0.187466
2.050000,0.188369,-0.023363,-0.265651,-0.081788,-0.162365,-0.186466
2.060000,0.187363,-0.023246,-0.264458,-0.086602,-0.162019,-0.185472
2.070000,0.186364,-0.023130,-0.263268,-0.091404,-0.161674,-0.184483
2.080000,0.185370,-0.023014,-0.262083,-0.096194,-0.161330,-0.183501
2.090000,0.184382,-0.022899,-0.260902,-0.100973,-0.160987,-0.182525
2.100000,0.183401,-0.022785,-0.259725,-0.105739,-0.160645,-0.181554
2.110000,0.182425,-0.022671,-0.258552,-0.110494,-0.160303,-0.180590
2.120000,0.181455,-0.022558,-0.257384,-0.115237,-0.159963,-0.179631
2.130000,0.180491,-0.022446,-0.256219,-0.119967,-0.159623,-0.178677
2.140000,0.179533,-0.022333,-0.255058,-0.124685,-0.159284,-0.177730
2.150000,0.178580,-0.022222,-0.253902,-0.129390,-0.158945,-0.176788
2.160000,0.177633,-0.022111,-0.252750,-0.134084,-0.158608,-0.175851
2.170000,0.176692,-0.022001,-0.251601,-0.138764,-0.158271,-0.174920
2.180000,0.175756,-0.021891,-0.250457,-0.143432,-0.157935,-0.173995
2.190000,0.174825,-0.021782,-0.249317,-0.148088,-0.157600,-0.173075
2.200000,0.173901,-0.021673,-0.248182,-0.152731,-0.157266,-0.172161
2.210000,0.172981,-0.021565,-0.247050,-0.157360,-0.156932,-0.171251
2.220000,0.172067,-0.021457,-0.245922,-0.161978,-0.156600,-0.170348
2.230000,0.171159,-0.021350,-0.244799,-0.166582,-0.156268,-0.169449
2.240000,0.170255,-0.021243,-0.243679,-0.171173,-0.155937,-0.168556
2.250000,0.169357,-0.021137,-0.242564,-0.175751,-0.155606,-0.167668
2.260000,0.168465,-0.021032,-0.241453,-0.180316,-0.155277,-0.166785
2.270000,0.167577,-0.020927,-0.240346,-0.184867,-0.154948,-0.165907
2.280000,0.166695,-0.020822,-0.239243,-0.189406,-0.154620,-0.165034
2.290000,0.165817,-0.020718,-0.238144,-0.193931,-0.154292,-0.164167
2.300000,0.164945,-0.020615,-0.237050,-0.198443,-0.153966,-0.163304
2.310000,0.164078,-0.020512,-0.235959,-0.202941,-0.153640,-0.162447
2.320000,0.163216,-0.020410,-0.234873,-0.207426,-0.153315,-0.161594
2.330000,0.162359,-0.020308,-0.233791,-0.211897,-0.152991,-0.160746
2.340000,0.161507,-0.020206,-0.232712,-0.216354,-0.152668,-0.159904
2.350000,0.160660,-0.020105,-0.231638,-0.220798,-0.152345,-0.159066
2.360000,0.159817,-0.020005,-0.230569,-0.225228,-0.152023,-0.158232
2.370000,0.158980,-0.019905,-0.229503,-0.229645,-0.151702,-0.157404
2.380000,0.158147,-0.019806,-0.228441,-0.234047,-0.151381,-0.156580
2.390000,0.157319,-0.019707,-0.227383,-0.238436,-0.151062,-0.155761
2.400000,0.156496,-0.019609,-0.226330,-0.242811,-0.150743,-0.154947
2.410000,0.155678,-0.019511,-0.225280,-0.247171,-0.150425,-0.154138
2.420000,0.154864,-0.019413,-0.224235,-0.251518,-0.150107,-0.153333
2.430000,0.154055,-0.019317,-0.223194,-0.255851,-0.149791,-0.152532
2.440000,0.153250,-0.019220,-0.222157,-0.260169,-0.149475,-0.151736
2.450000,0.152450,-0.019124,-0.221123,-0.264473,-0.149159,-0.150945
2.460000,0.151655,-0.019029,-0.220094,-0.268763,-0.148845,-0.150158
2.470000,0.150864,-0.018934,-0.219069,-0.273039,-0.148531,-0.149376
2.480000,0.150078,-0.018839,-0.218049,-0.277301,-0.148218,-0.148598
2.490000,0.149296,-0.018745,-0.217032,-0.281548,-0.147906,-0.147824
2.500000,0.148518,-0.018652,-0.216019,-0.285781,-0.147594,-0.147055
2.510000,0.147745,-0.018559,-0.215010,-0.289999,-0.147283,-0.146290
2.520000,0.146976,-0.018466,-0.214005,-0.294203,-0.146973,-0.145529
2.530000,0.146212,-0.018374,-0.213005,-0.298393,-0.146664,-0.144773
2.540000,0.145451,-0.018282,-0.212008,-0.302568,-0.146355,-0.144021
2.550000,0.144696,-0.018191,-0.211015,-0.306728,-0.146047,-0.143273
2.560000,0.143944,-0.018100,-0.210027,-0.310874,-0.145740,-0.142529
2.570000,0.143196,-0.018010,-0.209042,-0.315005,-0.145433,-0.141790
2.580000,0.142453,-0.017920,-0.208061,-0.319122,-0.145128,-0.141054
2.590000,0.141714,-0.017830,-0.207085,-0.323224,-0.144823,-0.140323
2.600000,0.140979,-0.017741,-0.206112,-0.327311,-0.144518,-0.139596
2.610000,0.140248,-0.017653,-0.205143,-0.331384,-0.144214,-0.138873
2.620000,0.139521,-0.017565,-0.204179,-0.335442,-0.143911,-0.138153
2.630000,0.138799,-0.017477,-0.203218,-0.339485,-0.143609,-0.137438
2.640000,0.138080,-0.017390,-0.202261,-0.343513,-0.143307,-0.136727
2.650000,0.137365,-0.017303,-0.201308,-0.347526,-0.143006,-0.136020
2.660000,0.136654,-0.017217,-0.200359,-0.351525,-0.142706,-0.135317
2.670000,0.135948,-0.017131,-0.199414,-0.355509,-0.142407,-0.134617
2.680000,0.135245,-0.017045,-0.198473,-0.359478,-0.142108,-0.133922
2.690000,0.134546,-0.016960,-0.197536,-0.363432,-0.141810,-0.133230
2.700000,0.133851,-0.016876,-0.196603,-0.367371,-0.141512,-0.132542
2.710000,0.133159,-0.016791,-0.195674,-0.371295,-0.141215,-0.131858
2.720000,0.132472,-0.016708,-0.194748,-0.375204,-0.140919,-0.131178
2.730000,0.131788,-0.016624,-0.193827,-0.379098,-0.140624,-0.130501
2.740000,0.131108,-0.016541,-0.192909,-0.382978,-0.140329,-0.129828
2.750000,0.130432,-0.016459,-0.191995,-0.386842,-0.140035,-0.129159
2.760000,0.129759,-0.016377,-0.191085,-0.390691,-0.139741,-0.128493
2.770000,0.129091,-0.016295,-0.190179,-0.394526,-0.139449,-0.127832
2.780000,0.128425,-0.016214,-0.189277,-0.398345,-0.139157,-0.127173
2.790000,0.127764,-0.016133,-0.188378,-0.402149,-0.138865,-0.126519
2.800000,0.127106,-0.016052,-0.187484,-0.405939,-0.138574,-0.125868
2.810000,0.126452,-0.015972,-0.186593,-0.409713,-0.138284,-0.125220
2.820000,0.125801,-0.015892,-0.185706,-0.413472,-0.137995,-0.124576
2.830000,0.125154,-0.015813,-0.184823,-0.417216,-0.137706,-0.123936
2.840000,0.124510,-0.015734,-0.183943,-0.420946,-0.137418,-0.123299
2.850000,0.123870,-0.015656,-0.183067,-0.424660,-0.137131,-0.122665
2.860000,0.123234,-0.015578,-0.182195,-0.428359,-0.136844,-0.122035
2.870000,0.122600,-0.015500,-0.181327,-0.432043,-0.136558,-0.121408
2.880000,0.121971,-0.015422,-0.180463,-0.435712,-0.136272,-0.120785
2.890000,0.121344,-0.015346,-0.179602,-0.439366,-0.135987,-0.120165
2.900000,0.120722,-0.015269,-0.178745,-0.443004,-0.135703,-0.119549
2.910000,0.120102,-0.015193,-0.177892,-0.446628,-0.135420,-0.118936
2.920000,0.119486,-0.015117,-0.177042,-0.450237,-0.135137,-0.118326
2.930000,0.118873,-0.015042,-0.176196,-0.453831,-0.134855,-0.117719
2.940000,0.118264,-0.014966,-0.175354,-0.457409,-0.134573,-0.117116
2.950000,0.117657,-0.014892,-0.174515,-0.460973,-0.134292,-0.116516
2.960000,0.117054,-0.014817,-0.173680,-0.464522,-0.134012,-0.115919
2.970000,0.116455,-0.014744,-0.172849,-0.468055,-0.133732,-0.115326
2.980000,0.115858,-0.014670,-0.172022,-0.471574,-0.133453,-0.114735
2.990000,0.115265,-0.014597,-0.171198,-0.475078,-0.133174,-0.114148
3.000000,0.114675,-0.014524,-0.170377,-0.478566,-0.132897,-0.113564
3.010000,0.114088,-0.014451,-0.169560,-0.482040,-0.132619,-0.112983
3.020000,0.113504,-0.014379,-0.168747,-0.485499,-0.132343,-0.112405
3.030000,0.112924,-0.014308,-0.167938,-0.488942,-0.132067,-0.111831
3.040000,0.112346,-0.014236,-0.167131,-0.492371,-0.131792,-0.111259
3.050000,0.111772,-0.014165,-0.166329,-0.495785,-0.131517,-0.110691
3.060000,0.111201,-0.014095,-0.165530,-0.499184,-0.131243,-0.110125
3.070000,0.110632,-0.014024,-0.164735,-0.502568,-0.130969,-0.109563
3.080000,0.110067,-0.013954,-0.163943,-0.505937,-0.130697,-0.109003
3.090000,0.109505,-0.013885,-0.163154,-0.509292,-0.130424,-0.108447
3.100000,0.108946,-0.013815,-0.162369,-0.512631,-0.130153,-0.107893
3.110000,0.108390,-0.013746,-0.161588,-0.515956,-0.129882,-0.107343
3.120000,0.107837,-0.013678,-0.160810,-0.519265,-0.129611,-0.106795
3.130000,0.107286,-0.013610,-0.160036,-0.522560,-0.129342,-0.106250
3.140000,0.106739,-0.013542,-0.159265,-0.525841,-0.129072,-0.105708
3.150000,0.106195,-0.013474,-0.158497,-0.529106,-0.128804,-0.105170
3.160000,0.105653,-0.013407,-0.157733,-0.532357,-0.128536,-0.104634
3.170000,0.105114,-0.013340,-0.156972,-0.535593,-0.128269,-0.104100
3.180000,0.104579,-0.013273,-0.156215,-0.538814,-0.128002,-0.103570
3.190000,0.104046,-0.013207,-0.155461,-0.542021,-0.127736,-0.103042
3.200000,0.103516,-0.013141,-0.154711,-0.545213,-0.127470,-0.102518
3.210000,0.102988,-0.013076,-0.153964,-0.548390,-0.127205,-0.101996
3.220000,0.102464,-0.013011,-0.153220,-0.551553,-0.126941,-0.101476
3.230000,0.101942,-0.012946,-0.152480,-0.554701,-0.126677,-0.100960
3.240000,0.101423,-0.012881,-0.151743,-0.557835,-0.126414,-0.100446
3.250000,0.100907,-0.012817,-0.151009,-0.560954,-0.126151,-0.099935
3.260000,0.100394,-0.012753,-0.150279,-0.564058,-0.125889,-0.099427
3.270000,0.099883,-0.012689,-0.149552,-0.567148,-0.125628,-0.098921
3.280000,0.099375,-0.012626,-0.148828,-0.570224,-0.125367,-0.098418
3.290000,0.098870,-0.012563,-0.148107,-0.573285,-0.125107,-0.097918
3.300000,0.098367,-0.012500,-0.147390,-0.576332,-0.124847,-0.097420
3.310000,0.097867,-0.012438,-0.146676,-0.579365,-0.124588,-0.096925
3.320000,0.097370,-0.012376,-0.145965,-0.582383,-0.124329,-0.096433
3.330000,0.096875,-0.012314,-0.145258,-0.585387,-0.124071,-0.095943
3.340000,0.096383,-0.012253,-0.144554,-0.588376,-0.123814,-0.095456
3.350000,0.095893,-0.012191,-0.143853,-0.591352,-0.123557,-0.094971
3.360000,0.095406,-0.012131,-0.143155,-0.594313,-0.123301,-0.094489
3.370000,0.094922,-0.012070,-0.142460,-0.597260,-0.123045,-0.094009
3.380000,0.094440,-0.012010,-0.141769,-0.600192,-0.122790,-0.093532
3.390000,0.093960,-0.011950,-0.141081,-0.603111,-0.122536,-0.093058
3.400000,0.093484,-0.011890,-0.140395,-0.606016,-0.122282,-0.092586
3.410000,0.093009,-0.011831,-0.139713,-0.608906,-0.122028,-0.092116
3.420000,0.092537,-0.011772,-0.139035,-0.611783,-0.121775,-0.091649
3.430000,0.092068,-0.011713,-0.138359,-0.614645,-0.121523,-0.091184
3.440000,0.091601,-0.011655,-0.137686,-0.617494,-0.121271,-0.090722
3.450000,0.091137,-0.011597,-0.137017,-0.620329,-0.121020,-0.090262
3.460000,0.090675,-0.011539,-0.136350,-0.623150,-0.120770,-0.089804
3.470000,0.090215,-0.011481,-0.135687,-0.625957,-0.120520,-0.089349
3.480000,0.089758,-0.011424,-0.135027,-0.628750,-0.120270,-0.088897
3.490000,0.089303,-0.011367,-0.134369,-0.631529,-0.120021,-0.088446
3.500000,0.088850,-0.011310,-0.133715,-0.634295,-0.119773,-0.087998
3.510000,0.088400,-0.011254,-0.133064,-0.637047,-0.119525,-0.087553
3.520000,0.087953,-0.011198,-0.132416,-0.639785,-0.119278,-0.087109
3.530000,0.087507,-0.011142,-0.131771,-0.642510,-0.119031,-0.086668
3.540000,0.087064,-0.011086,-0.131128,-0.645221,-0.118785,-0.086230
3.550000,0.086623,-0.011031,-0.130489,-0.647919,-0.118539,-0.085793
3.560000,0.086185,-0.010976,-0.129853,-0.650603,-0.118294,-0.085359
3.570000,0.085749,-0.010921,-0.129220,-0.653274,-0.118049,-0.084927
3.580000,0.085315,-0.010867,-0.128590,-0.655931,-0.117805,-0.084498
3.590000,0.084883,-0.010813,-0.127962,-0.658575,-0.117562,-0.084070
3.600000,0.084454,-0.010759,-0.127338,-0.661205,-0.117319,-0.083645
3.610000,0.084027,-0.010705,-0.126716,-0.663823,-0.117076,-0.083222
3.620000,0.083602,-0.010652,-0.126098,-0.666427,-0.116835,-0.082801
3.630000,0.083179,-0.010598,-0.125482,-0.669017,-0.116593,-0.082383
3.640000,0.082758,-0.010545,-0.124869,-0.671595,-0.116352,-0.081966
3.650000,0.082340,-0.010493,-0.124259,-0.674159,-0.116112,-0.081552
3.660000,0.081924,-0.010441,-0.123652,-0.676710,-0.115872,-0.081140
3.670000,0.081510,-0.010388,-0.123047,-0.679249,-0.115633,-0.080730
3.680000,0.081098,-0.010337,-0.122446,-0.681774,-0.115394,-0.080322
3.690000,0.080688,-0.010285,-0.121847,-0.684286,-0.115156,-0.079916
3.700000,0.080280,-0.010234,-0.121251,-0.686786,-0.114918,-0.079513
3.710000,0.079875,-0.010183,-0.120658,-0.689272,-0.114681,-0.079111
3.720000,0.079471,-0.010132,-0.120068,-0.691746,-0.114445,-0.078712
3.730000,0.079070,-0.010081,-0.119481,-0.694206,-0.114209,-0.078314
3.740000,0.078671,-0.010031,-0.118896,-0.696654,-0.113973,-0.077919
3.750000,0.078274,-0.009981,-0.118314,-0.699090,-0.113738,-0.077526
3.760000,0.077879,-0.009931,-0.117735,-0.701512,-0.113503,-0.077134
3.770000,0.077485,-0.009882,-0.117158,-0.703922,-0.113269,-0.076745
3.780000,0.077094,-0.009832,-0.116584,-0.706320,-0.113036,-0.076358
3.790000,0.076705,-0.009783,-0.116013,-0.708705,-0.112803,-0.075973
3.800000,0.076318,-0.009735,-0.115445,-0.711077,-0.112570,-0.075589
3.810000,0.075933,-0.009686,-0.114879,-0.713437,-0.112338,-0.075208
3.820000,0.075550,-0.009638,-0.114316,-0.715784,-0.112107,-0.074829
3.830000,0.075169,-0.009590,-0.113756,-0.718120,-0.111876,-0.074451
3.840000,0.074790,-0.009542,-0.113198,-0.720442,-0.111645,-0.074076
3.850000,0.074413,-0.009494,-0.112643,-0.722753,-0.111415,-0.073703
3.860000,0.074038,-0.009447,-0.112090,-0.725051,-0.111186,-0.073331
3.870000,0.073664,-0.009400,-0.111541,-0.727337,-0.110957,-0.072961
3.880000,0.073293,-0.009353,-0.110993,-0.729611,-0.110728,-0.072594
3.890000,0.072924,-0.009306,-0.110449,-0.731873,-0.110500,-0.072228
3.900000,0.072556,-0.009260,-0.109907,-0.734123,-0.110273,-0.071864
3.910000,0.072190,-0.009214,-0.109367,-0.736361,-0.110046,-0.071502
3.920000,0.071827,-0.009168,-0.108830,-0.738587,-0.109819,-0.071141
3.930000,0.071465,-0.009122,-0.108296,-0.740801,-0.109593,-0.070783
3.940000,0.071105,-0.009076,-0.107764,-0.743003,-0.109368,-0.070426
3.950000,0.070746,-0.009031,-0.107235,-0.745193,-0.109143,-0.070072
3.960000,0.070390,-0.008986,-0.106708,-0.747372,-0.108918,-0.069719
3.970000,0.070036,-0.008941,-0.106184,-0.749539,-0.108694,-0.069368
3.980000,0.069683,-0.008897,-0.105662,-0.751694,-0.108471,-0.069019
3.990000,0.069332,-0.008852,-0.105143,-0.753837,-0.108248,-0.068671
4.000000,0.068983,-0.008808,-0.104626,-0.755969,-0.108025,-0.068325
4.010000,0.068636,-0.008764,-0.104111,-0.758089,-0.107803,-0.067981
4.020000,0.068290,-0.008720,-0.103600,-0.760198,-0.107581,-0.067639
4.030000,0.067946,-0.008677,-0.103090,-0.762296,-0.107360,-0.067299
4.040000,0.067604,-0.008634,-0.102583,-0.764382,-0.107140,-0.066960
4.050000,0.067264,-0.008591,-0.102079,-0.766456,-0.106919,-0.066623
4.060000,0.066926,-0.008548,-0.101576,-0.768519,-0.106700,-0.066288
4.070000,0.066589,-0.008505,-0.101077,-0.770572,-0.106480,-0.065955
4.080000,0.066254,-0.008463,-0.100579,-0.772612,-0.106262,-0.065623
4.090000,0.065920,-0.008420,-0.100084,-0.774642,-0.106043,-0.065293
4.100000,0.065589,-0.008378,-0.099592,-0.776660,-0.105826,-0.064964
4.110000,0.065259,-0.008337,-0.099101,-0.778668,-0.105608,-0.064637
4.120000,0.064931,-0.008295,-0.098613,-0.780664,-0.105391,-0.064312
4.130000,0.064604,-0.008254,-0.098128,-0.782650,-0.105175,-0.063989
4.140000,0.064279,-0.008212,-0.097644,-0.784624,-0.104959,-0.063667
4.150000,0.063956,-0.008172,-0.097164,-0.786588,-0.104744,-0.063347
4.160000,0.063634,-0.008131,-0.096685,-0.788541,-0.104529,-0.063029
4.170000,0.063314,-0.008090,-0.096209,-0.790482,-0.104314,-0.062712
4.180000,0.062996,-0.008050,-0.095735,-0.792414,-0.104100,-0.062397
4.190000,0.062680,-0.008010,-0.095263,-0.794334,-0.103886,-0.062083
4.200000,0.062364,-0.007970,-0.094793,-0.796244,-0.103673,-0.061771
4.210000,0.062051,-0.007930,-0.094326,-0.798143,-0.103461,-0.061461
4.220000,0.061739,-0.007890,-0.093861,-0.800032,-0.103248,-0.061152
4.230000,0.061429,-0.007851,-0.093398,-0.801910,-0.103037,-0.060845
4.240000,0.061120,-0.007812,-0.092938,-0.803777,-0.102825,-0.060539
4.250000,0.060813,-0.007773,-0.092480,-0.805635,-0.102615,-0.060235
4.260000,0.060508,-0.007734,-0.092023,-0.807481,-0.102404,-0.059932
4.270000,0.060204,-0.007696,-0.091570,-0.809318,-0.102194,-0.059631
4.280000,0.059901,-0.007657,-0.091118,-0.811144,-0.101985,-0.059332
4.290000,0.059600,-0.007619,-0.090668,-0.812960,-0.101776,-0.059034
4.300000,0.059301,-0.007581,-0.090221,-0.814766,-0.101567,-0.058737
4.310000,0.059003,-0.007543,-0.089776,-0.816561,-0.101359,-0.058442
4.320000,0.058707,-0.007506,-0.089333,-0.818347,-0.101151,-0.058149
4.330000,0.058412,-0.007468,-0.088892,-0.820122,-0.100944,-0.057857
4.340000,0.058119,-0.007431,-0.088453,-0.821888,-0.100737,-0.057566
4.350000,0.057827,-0.007394,-0.088016,-0.823643,-0.100531,-0.057277
4.360000,0.057537,-0.007357,-0.087582,-0.825389,-0.100325,-0.056990
4.370000,0.057248,-0.007320,-0.087149,-0.827124,-0.100119,-0.056704
4.380000,0.056960,-0.007284,-0.086719,-0.828850,-0.099914,-0.056419
4.390000,0.056674,-0.007247,-0.086291,-0.830566,-0.099710,-0.056136
4.400000,0.056390,-0.007211,-0.085865,-0.832273,-0.099506,-0.055854
4.410000,0.056107,-0.007175,-0.085440,-0.833969,-0.099302,-0.055574
4.420000,0.055825,-0.007139,-0.085018,-0.835656,-0.099099,-0.055295
4.430000,0.055545,-0.007104,-0.084598,-0.837333,-0.098896,-0.055018
4.440000,0.055266,-0.007068,-0.084180,-0.839001,-0.098693,-0.054741
4.450000,0.054989,-0.007033,-0.083764,-0.840660,-0.098492,-0.054467
4.460000,0.054713,-0.006998,-0.083350,-0.842308,-0.098290,-0.054194
4.470000,0.054439,-0.006963,-0.082938,-0.843948,-0.098089,-0.053922
4.480000,0.054166,-0.006928,-0.082528,-0.845578,-0.097888,-0.053651
4.490000,0.053894,-0.006894,-0.082120,-0.847198,-0.097688,-0.053382
4.500000,0.053624,-0.006860,-0.081714,-0.848810,-0.097488,-0.053114
4.510000,0.053355,-0.006825,-0.081310,-0.850412,-0.097289,-0.052848
4.520000,0.053087,-0.006791,-0.080908,-0.852005,-0.097090,-0.052583
4.530000,0.052821,-0.006757,-0.080508,-0.853589,-0.096891,-0.052319
4.540000,0.052556,-0.006724,-0.080110,-0.855163,-0.096693,-0.052057
4.550000,0.052292,-0.006690,-0.079714,-0.856729,-0.096495,-0.051796
4.560000,0.052030,-0.006657,-0.079320,-0.858286,-0.096298,-0.051536
4.570000,0.051769,-0.006624,-0.078927,-0.859833,-0.096101,-0.051278
4.580000,0.051510,-0.006591,-0.078537,-0.861372,-0.095905,-0.051021
4.590000,0.051251,-0.006558,-0.078148,-0.862902,-0.095709,-0.050765
4.600000,0.050994,-0.006525,-0.077762,-0.864423,-0.095513,-0.050510
4.610000,0.050739,-0.006492,-0.077377,-0.865935,-0.095318,-0.050257
4.620000,0.050484,-0.006460,-0.076994,-0.867438,-0.095123,-0.050005
4.630000,0.050231,-0.006428,-0.076613,-0.868933,-0.094929,-0.049755
4.640000,0.049980,-0.006396,-0.076234,-0.870419,-0.094735,-0.049505
4.650000,0.049729,-0.006364,-0.075856,-0.871896,-0.094542,-0.049257
4.660000,0.049480,-0.006332,-0.075481,-0.873365,-0.094349,-0.049010
4.670000,0.049232,-0.006300,-0.075107,-0.874825,-0.094156,-0.048765
4.680000,0.048985,-0.006269,-0.074735,-0.876277,-0.093964,-0.048520
4.690000,0.048740,-0.006238,-0.074365,-0.877720,-0.093772,-0.048277
4.700000,0.048495,-0.006207,-0.073997,-0.879155,-0.093580,-0.048035
4.710000,0.048252,-0.006176,-0.073631,-0.880582,-0.093389,-0.047795
4.720000,0.048011,-0.006145,-0.073266,-0.882000,-0.093199,-0.047555
4.730000,0.047770,-0.006114,-0.072903,-0.883410,-0.093008,-0.047317
4.740000,0.047531,-0.006084,-0.072542,-0.884812,-0.092819,-0.047080
4.750000,0.047293,-0.006053,-0.072183,-0.886205,-0.092629,-0.046844
4.760000,0.047056,-0.006023,-0.071825,-0.887590,-0.092440,-0.046609
4.770000,0.046820,-0.005993,-0.071469,-0.888968,-0.092251,-0.046376
4.780000,0.046585,-0.005963,-0.071115,-0.890337,-0.092063,-0.046144
4.790000,0.046352,-0.005934,-0.070763,-0.891698,-0.091875,-0.045913
4.800000,0.046120,-0.005904,-0.070412,-0.893051,-0.091688,-0.045683
4.810000,0.045889,-0.005875,-0.070063,-0.894396,-0.091501,-0.045454
4.820000,0.045659,-0.005845,-0.069716,-0.895733,-0.091314,-0.045226
4.830000,0.045430,-0.005816,-0.069371,-0.897063,-0.091128,-0.045000
4.840000,0.045203,-0.005787,-0.069027,-0.898384,-0.090942,-0.044774
4.850000,0.044977,-0.005758,-0.068685,-0.899698,-0.090757,-0.044550
4.860000,0.044751,-0.005729,-0.068344,-0.901004,-0.090572,-0.044327
4.870000,0.044527,-0.005701,-0.068005,-0.902302,-0.090387,-0.044105
4.880000,0.044304,-0.005672,-0.067668,-0.903593,-0.090203,-0.043884
4.890000,0.044082,-0.005644,-0.067333,-0.904876,-0.090019,-0.043665
4.900000,0.043862,-0.005616,-0.066999,-0.906151,-0.089835,-0.043446
4.910000,0.043642,-0.005588,-0.066667,-0.907419,-0.089652,-0.043228
4.920000,0.043424,-0.005560,-0.066336,-0.908679,-0.089470,-0.043012
4.930000,0.043206,-0.005532,-0.066007,-0.909932,-0.089287,-0.042797
4.940000,0.042990,-0.005505,-0.065680,-0.911177,-0.089105,-0.042583
4.950000,0.042775,-0.005477,-0.065354,-0.912415,-0.088924,-0.042369
4.960000,0.042561,-0.005450,-0.065030,-0.913646,-0.088743,-0.042157
4.970000,0.042348,-0.005423,-0.064707,-0.914869,-0.088562,-0.041946
4.980000,0.042136,-0.005396,-0.064386,-0.916086,-0.088382,-0.041736
4.990000,0.041925,-0.005369,-0.064067,-0.917294,-0.088201,-0.041527
5.000000,0.041715,-0.005342,-0.063749,-0.918496,-0.088022,-0.041320
5.010000,0.041506,-0.005315,-0.063433,-0.919691,-0.087843,-0.041113
5.020000,0.041298,-0.005289,-0.063118,-0.920878,-0.087664,-0.040907
5.030000,0.041092,-0.005263,-0.062805,-0.922058,-0.087485,-0.040702
5.040000,0.040886,-0.005236,-0.062493,-0.923232,-0.087307,-0.040499
5.050000,0.040682,-0.005210,-0.062183,-0.924398,-0.087129,-0.040296
5.060000,0.040478,-0.005184,-0.061875,-0.925557,-0.086952,-0.040094
5.070000,0.040275,-0.005158,-0.061568,-0.926710,-0.086775,-0.039894
5.080000,0.040074,-0.005133,-0.061262,-0.927855,-0.086598,-0.039694
5.090000,0.039873,-0.005107,-0.060958,-0.928994,-0.086422,-0.039496
5.100000,0.039674,-0.005082,-0.060655,-0.930125,-0.086246,-0.039298
5.110000,0.039475,-0.005056,-0.060354,-0.931250,-0.086071,-0.039101
5.120000,0.039278,-0.005031,-0.060055,-0.932369,-0.085896,-0.038906
5.130000,0.039081,-0.005006,-0.059757,-0.933480,-0.085721,-0.038711
5.140000,0.038886,-0.004981,-0.059460,-0.934585,-0.085546,-0.038518
5.150000,0.038691,-0.004956,-0.059165,-0.935684,-0.085372,-0.038325
5.160000,0.038498,-0.004931,-0.058871,-0.936775,-0.085199,-0.038133
5.170000,0.038305,-0.004907,-0.058579,-0.937860,-0.085025,-0.037942
5.180000,0.038114,-0.004882,-0.058288,-0.938939,-0.084852,-0.037753
5.190000,0.037923,-0.004858,-0.057998,-0.940011,-0.084680,-0.037564
5.200000,0.037733,-0.004834,-0.057710,-0.941077,-0.084508,-0.037376
5.210000,0.037545,-0.004810,-0.057424,-0.942136,-0.084336,-0.037189
5.220000,0.037357,-0.004786,-0.057139,-0.943189,-0.084164,-0.037003
5.230000,0.037170,-0.004762,-0.056855,-0.944235,-0.083993,-0.036818
5.240000,0.036984,-0.004738,-0.056573,-0.945275,-0.083822,-0.036634
5.250000,0.036799,-0.004714,-0.056292,-0.946309,-0.083652,-0.036451
5.260000,0.036615,-0.004691,-0.056012,-0.947337,-0.083482,-0.036268
5.270000,0.036432,-0.004667,-0.055734,-0.948359,-0.083312,-0.036087
5.280000,0.036250,-0.004644,-0.055457,-0.949374,-0.083143,-0.035907
5.290000,0.036069,-0.004621,-0.055181,-0.950383,-0.082974,-0.035727
5.300000,0.035888,-0.004598,-0.054907,-0.951386,-0.082805,-0.035548
5.310000,0.035709,-0.004575,-0.054634,-0.952383,-0.082637,-0.035371
5.320000,0.035530,-0.004552,-0.054363,-0.953374,-0.082469,-0.035194
5.330000,0.035353,-0.004529,-0.054093,-0.954359,-0.082302,-0.035018
5.340000,0.035176,-0.004507,-0.053824,-0.955338,-0.082134,-0.034843
5.350000,0.035000,-0.004484,-0.053557,-0.956311,-0.081968,-0.034669
5.360000,0.034825,-0.004462,-0.053291,-0.957278,-0.081801,-0.034495
5.370000,0.034651,-0.004440,-0.053026,-0.958239,-0.081635,-0.034323
5.380000,0.034478,-0.004418,-0.052762,-0.959195,-0.081469,-0.034151
5.390000,0.034305,-0.004396,-0.052500,-0.960144,-0.081304,-0.033981
5.400000,0.034134,-0.004374,-0.052239,-0.961088,-0.081138,-0.033811
5.410000,0.033963,-0.004352,-0.051980,-0.962026,-0.080974,-0.033642
5.420000,0.033793,-0.004330,-0.051721,-0.962959,-0.080809,-0.033473
5.430000,0.033624,-0.004309,-0.051464,-0.963885,-0.080645,-0.033306
5.440000,0.033456,-0.004287,-0.051208,-0.964806,-0.080481,-0.033140
5.450000,0.033289,-0.004266,-0.050954,-0.965722,-0.080318,-0.032974
5.460000,0.033123,-0.004244,-0.050701,-0.966632,-0.080155,-0.032809
5.470000,0.032957,-0.004223,-0.050449,-0.967536,-0.079992,-0.032645
5.480000,0.032792,-0.004202,-0.050198,-0.968435,-0.079830,-0.032482
5.490000,0.032628,-0.004181,-0.049948,-0.969328,-0.079668,-0.032320
5.500000,0.032465,-0.004160,-0.049700,-0.970216,-0.079506,-0.032158
5.510000,0.032303,-0.004140,-0.049453,-0.971099,-0.079345,-0.031997
5.520000,0.032142,-0.004119,-0.049207,-0.971976,-0.079184,-0.031838
5.530000,0.031981,-0.004098,-0.048962,-0.972847,-0.079023,-0.031678
5.540000,0.031821,-0.004078,-0.048719,-0.973714,-0.078863,-0.031520
5.550000,0.031662,-0.004058,-0.048477,-0.974575,-0.078703,-0.031363
5.560000,0.031504,-0.004037,-0.048236,-0.975431,-0.078543,-0.031206
5.570000,0.031347,-0.004017,-0.047996,-0.976281,-0.078384,-0.031050
5.580000,0.031190,-0.003997,-0.047757,-0.977127,-0.078225,-0.030895
5.590000,0.031034,-0.003977,-0.047520,-0.977967,-0.078066,-0.030740
5.600000,0.030879,-0.003957,-0.047283,-0.978802,-0.077908,-0.030587
5.610000,0.030725,-0.003938,-0.047048,-0.979632,-0.077750,-0.030434
5.620000,0.030571,-0.003918,-0.046814,-0.980457,-0.077592,-0.030282
5.630000,0.030418,-0.003899,-0.046581,-0.981276,-0.077435,-0.030131
5.640000,0.030266,-0.003879,-0.046350,-0.982091,-0.077278,-0.029980
5.650000,0.030115,-0.003860,-0.046119,-0.982901,-0.077121,-0.029830
5.660000,0.029965,-0.003841,-0.045890,-0.983706,-0.076965,-0.029681
5.670000,0.029815,-0.003821,-0.045661,-0.984506,-0.076809,-0.029533
5.680000,0.029666,-0.003802,-0.045434,-0.985300,-0.076653,-0.029385
5.690000,0.029518,-0.003783,-0.045208,-0.986090,-0.076497,-0.029239
5.700000,0.029370,-0.003764,-0.044983,-0.986876,-0.076342,-0.029092
5.710000,0.029224,-0.003746,-0.044760,-0.987656,-0.076188,-0.028947
5.720000,0.029078,-0.003727,-0.044537,-0.988432,-0.076033,-0.028803
5.730000,0.028932,-0.003708,-0.044315,-0.989202,-0.075879,-0.028659
5.740000,0.028788,-0.003690,-0.044095,-0.989968,-0.075725,-0.028515
5.750000,0.028644,-0.003672,-0.043876,-0.990730,-0.075572,-0.028373
5.760000,0.028501,-0.003653,-0.043657,-0.991486,-0.075419,-0.028231
5.770000,0.028358,-0.003635,-0.043440,-0.992238,-0.075266,-0.028090
5.780000,0.028217,-0.003617,-0.043224,-0.992985,-0.075113,-0.027950
5.790000,0.028076,-0.003599,-0.043009,-0.993728,-0.074961,-0.027810
5.800000,0.027936,-0.003581,-0.042795,-0.994466,-0.074809,-0.027671
5.810000,0.027796,-0.003563,-0.042582,-0.995200,-0.074658,-0.027533
5.820000,0.027657,-0.003545,-0.042370,-0.995929,-0.074507,-0.027396
5.830000,0.027519,-0.003528,-0.042159,-0.996653,-0.074356,-0.027259
5.840000,0.027382,-0.003510,-0.041950,-0.997373,-0.074205,-0.027123
5.850000,0.027245,-0.003492,-0.041741,-0.998089,-0.074055,-0.026987
5.860000,0.027109,-0.003475,-0.041533,-0.998800,-0.073905,-0.026852
5.870000,0.026973,-0.003458,-0.041326,-0.999507,-0.073755,-0.026718
5.880000,0.026839,-0.003440,-0.041121,-1.000209,-0.073606,-0.026585
5.890000,0.026705,-0.003423,-0.040916,-1.000907,-0.073457,-0.026452
5.900000,0.026571,-0.003406,-0.040712,-1.001601,-0.073308,-0.026320
5.910000,0.026438,-0.003389,-0.040510,-1.002290,-0.073160,-0.026188
5.920000,0.026306,-0.003372,-0.040308,-1.002976,-0.073011,-0.026058
5.930000,0.026175,-0.003355,-0.040108,-1.003656,-0.072864,-0.025928
5.940000,0.026044,-0.003339,-0.039908,-1.004333,-0.072716,-0.025798
5.950000,0.025914,-0.003322,-0.039709,-1.005006,-0.072569,-0.025669
5.960000,0.025785,-0.003306,-0.039512,-1.005674,-0.072422,-0.025541
5.970000,0.025656,-0.003289,-0.039315,-1.006338,-0.072275,-0.025413
5.980000,0.025528,-0.003273,-0.039119,-1.006998,-0.072129,-0.025287
5.990000,0.025400,-0.003256,-0.038925,-1.007654,-0.071983,-0.025160
6.000000,0.025274,-0.003240,-0.038731,-1.008306,-0.071837,-0.025035
6.010000,0.025147,-0.003224,-0.038538,-1.008954,-0.071692,-0.024910
6.020000,0.025022,-0.003208,-0.038346,-1.009598,-0.071547,-0.024785
6.030000,0.024897,-0.003192,-0.038155,-1.010238,-0.071402,-0.024661
6.040000,0.024773,-0.003176,-0.037965,-1.010873,-0.071258,-0.024538
6.050000,0.024649,-0.003160,-0.037776,-1.011505,-0.071114,-0.024416
6.060000,0.024526,-0.003144,-0.037588,-1.012133,-0.070970,-0.024294
6.070000,0.024403,-0.003129,-0.037401,-1.012757,-0.070826,-0.024173
6.080000,0.024281,-0.003113,-0.037215,-1.013377,-0.070683,-0.024052
6.090000,0.024160,-0.003098,-0.037030,-1.013994,-0.070540,-0.023932
6.100000,0.024040,-0.003082,-0.036845,-1.014606,-0.070397,-0.023812
6.110000,0.023919,-0.003067,-0.036662,-1.015215,-0.070255,-0.023693
6.120000,0.023800,-0.003051,-0.036479,-1.015820,-0.070113,-0.023575
6.130000,0.023681,-0.003036,-0.036298,-1.016421,-0.069971,-0.023457
6.140000,0.023563,-0.003021,-0.036117,-1.017018,-0.069829,-0.023340
6.150000,0.023445,-0.003006,-0.035937,-1.017612,-0.069688,-0.023224
6.160000,0.023328,-0.002991,-0.035758,-1.018202,-0.069547,-0.023108
6.170000,0.023212,-0.002976,-0.035580,-1.018788,-0.069407,-0.022992
6.180000,0.023096,-0.002961,-0.035403,-1.019371,-0.069266,-0.022878
6.190000,0.022981,-0.002946,-0.035227,-1.019950,-0.069126,-0.022763
6.200000,0.022866,-0.002932,-0.035051,-1.020525,-0.068986,-0.022650
6.210000,0.022752,-0.002917,-0.034877,-1.021097,-0.068847,-0.022537
6.220000,0.022638,-0.002903,-0.034703,-1.021665,-0.068708,-0.022424
6.230000,0.022525,-0.002888,-0.034530,-1.022229,-0.068569,-0.022312
6.240000,0.022413,-0.002874,-0.034358,-1.022791,-0.068430,-0.022201
6.250000,0.022301,-0.002859,-0.034187,-1.023348,-0.068292,-0.022090
6.260000,0.022189,-0.002845,-0.034017,-1.023902,-0.068154,-0.021980
6.270000,0.022079,-0.002831,-0.033848,-1.024453,-0.068016,-0.021870
6.280000,0.021968,-0.002817,-0.033679,-1.025000,-0.067879,-0.021761
6.290000,0.021859,-0.002803,-0.033511,-1.025544,-0.067742,-0.021652
6.300000,0.021750,-0.002789,-0.033344,-1.026084,-0.067605,-0.021544
6.310000,0.021641,-0.002775,-0.033178,-1.026621,-0.067468,-0.021436
6.320000,0.021533,-0.002761,-0.033013,-1.027155,-0.067332,-0.021329
6.330000,0.021425,-0.002747,-0.032849,-1.027685,-0.067196,-0.021223
6.340000,0.021319,-0.002734,-0.032685,-1.028212,-0.067060,-0.021117
6.350000,0.021212,-0.002720,-0.032522,-1.028736,-0.066924,-0.021012
6.360000,0.021106,-0.002706,-0.032360,-1.029256,-0.066789,-0.020907
6.370000,0.021001,-0.002693,-0.032199,-1.029773,-0.066654,-0.020802
6.380000,0.020896,-0.002679,-0.032039,-1.030287,-0.066520,-0.020699
6.390000,0.020792,-0.002666,-0.031879,-1.030798,-0.066385,-0.020595
6.400000,0.020688,-0.002653,-0.031720,-1.031305,-0.066251,-0.020492
6.410000,0.020585,-0.002640,-0.031562,-1.031810,-0.066117,-0.020390
6.420000,0.020482,-0.002626,-0.031405,-1.032311,-0.065984,-0.020288
6.430000,0.020380,-0.002613,-0.031249,-1.032809,-0.065851,-0.020187
6.440000,0.020278,-0.002600,-0.031093,-1.033304,-0.065718,-0.020086
6.450000,0.020177,-0.002587,-0.030938,-1.033796,-0.065585,-0.019986
6.460000,0.020076,-0.002574,-0.030784,-1.034284,-0.065452,-0.019886
6.470000,0.019976,-0.002562,-0.030631,-1.034770,-0.065320,-0.019787
6.480000,0.019876,-0.002549,-0.030478,-1.035252,-0.065188,-0.019688
6.490000,0.019777,-0.002536,-0.030326,-1.035732,-0.065057,-0.019590
6.500000,0.019678,-0.002523,-0.030175,-1.036208,-0.064925,-0.019492
6.510000,0.019580,-0.002511,-0.030025,-1.036682,-0.064794,-0.019395
6.520000,0.019482,-0.002498,-0.029875,-1.037153,-0.064663,-0.019298
6.530000,0.019385,-0.002486,-0.029727,-1.037620,-0.064533,-0.019202
6.540000,0.019288,-0.002473,-0.029578,-1.038085,-0.064403,-0.019106
6.550000,0.019192,-0.002461,-0.029431,-1.038546,-0.064273,-0.019011
6.560000,0.019096,-0.002449,-0.029284,-1.039005,-0.064143,-0.018916
6.570000,0.019001,-0.002437,-0.029139,-1.039461,-0.064013,-0.018821
6.580000,0.018906,-0.002424,-0.028993,-1.039914,-0.063884,-0.018727
6.590000,0.018812,-0.002412,-0.028849,-1.040365,-0.063755,-0.018634
6.600000,0.018718,-0.002400,-0.028705,-1.040812,-0.063627,-0.018541
6.610000,0.018624,-0.002388,-0.028562,-1.041256,-0.063498,-0.018448
6.620000,0.018531,-0.002376,-0.028420,-1.041698,-0.063370,-0.018356
6.630000,0.018439,-0.002365,-0.028278,-1.042137,-0.063242,-0.018265
6.640000,0.018347,-0.002353,-0.028137,-1.042573,-0.063115,-0.018173
6.650000,0.018255,-0.002341,-0.027997,-1.043007,-0.062987,-0.018083
6.660000,0.018164,-0.002329,-0.027858,-1.043438,-0.062860,-0.017993
6.670000,0.018074,-0.002318,-0.027719,-1.043866,-0.062733,-0.017903
6.680000,0.017983,-0.002306,-0.027581,-1.044291,-0.062607,-0.017813
6.690000,0.017894,-0.002295,-0.027443,-1.044714,-0.062480,-0.017725
6.700000,0.017804,-0.002283,-0.027307,-1.045134,-0.062354,-0.017636
6.710000,0.017715,-0.002272,-0.027171,-1.045551,-0.062229,-0.017548
6.720000,0.017627,-0.002261,-0.027035,-1.045966,-0.062103,-0.017460
6.730000,0.017539,-0.002249,-0.026900,-1.046378,-0.061978,-0.017373
6.740000,0.017452,-0.002238,-0.026766,-1.046787,-0.061853,-0.017287
6.750000,0.017364,-0.002227,-0.026633,-1.047194,-0.061728,-0.017200
6.760000,0.017278,-0.002216,-0.026500,-1.047599,-0.061604,-0.017115
6.770000,0.017192,-0.002205,-0.026368,-1.048000,-0.061479,-0.017029
6.780000,0.017106,-0.002194,-0.026237,-1.048400,-0.061355,-0.016944
6.790000,0.017020,-0.002183,-0.026106,-1.048796,-0.061232,-0.016860
6.800000,0.016935,-0.002172,-0.025976,-1.049191,-0.061108,-0.016775
6.810000,0.016851,-0.002161,-0.025847,-1.049582,-0.060985,-0.016692
6.820000,0.016767,-0.002150,-0.025718,-1.049972,-0.060862,-0.016608
6.830000,0.016683,-0.002140,-0.025590,-1.050358,-0.060739,-0.016526
6.840000,0.016600,-0.002129,-0.025462,-1.050743,-0.060617,-0.016443
6.850000,0.016517,-0.002118,-0.025335,-1.051125,-0.060494,-0.016361
6.860000,0.016435,-0.002108,-0.025209,-1.051504,-0.060372,-0.016279
6.870000,0.016353,-0.002097,-0.025083,-1.051881,-0.060251,-0.016198
6.880000,0.016271,-0.002087,-0.024958,-1.052256,-0.060129,-0.016117
6.890000,0.016190,-0.002076,-0.024834,-1.052628,-0.060008,-0.016037
6.900000,0.016109,-0.002066,-0.024710,-1.052999,-0.059887,-0.015957
6.910000,0.016029,-0.002056,-0.024587,-1.053366,-0.059766,-0.015877
6.920000,0.015949,-0.002045,-0.024465,-1.053732,-0.059646,-0.015798
6.930000,0.015869,-0.002035,-0.024343,-1.054095,-0.059526,-0.015719
6.940000,0.015790,-0.002025,-0.024221,-1.054455,-0.059406,-0.015641
6.950000,0.015711,-0.002015,-0.024101,-1.054814,-0.059286,-0.015563
6.960000,0.015633,-0.002005,-0.023981,-1.055170,-0.059166,-0.015485
6.970000,0.015555,-0.001995,-0.023861,-1.055524,-0.059047,-0.015408
6.980000,0.015477,-0.001985,-0.023742,-1.055876,-0.058928,-0.015331
6.990000,0.015400,-0.001975,-0.023624,-1.056225,-0.058809,-0.015254
7.000000,0.015323,-0.001965,-0.023506,-1.056572,-0.058691,-0.015178
7.010000,0.015247,-0.001955,-0.023389,-1.056917,-0.058573,-0.015103
7.020000,0.015170,-0.001946,-0.023272,-1.057260,-0.058455,-0.015027
7.030000,0.015095,-0.001936,-0.023156,-1.057601,-0.058337,-0.014952
7.040000,0.015019,-0.001926,-0.023041,-1.057939,-0.058219,-0.014878
7.050000,0.014945,-0.001917,-0.022926,-1.058276,-0.058102,-0.014803
7.060000,0.014870,-0.001907,-0.022812,-1.058610,-0.057985,-0.014729
7.070000,0.014796,-0.001898,-0.022698,-1.058942,-0.057868,-0.014656
7.080000,0.014722,-0.001888,-0.022585,-1.059272,-0.057752,-0.014583
7.090000,0.014648,-0.001879,-0.022472,-1.059600,-0.057635,-0.014510
7.100000,0.014575,-0.001869,-0.022360,-1.059926,-0.057519,-0.014438
7.110000,0.014503,-0.001860,-0.022249,-1.060250,-0.057403,-0.014366
7.120000,0.014430,-0.001851,-0.022138,-1.060572,-0.057288,-0.014294
7.130000,0.014358,-0.001842,-0.022028,-1.060891,-0.057172,-0.014223
7.140000,0.014287,-0.001832,-0.021918,-1.061209,-0.057057,-0.014152
7.150000,0.014215,-0.001823,-0.021809,-1.061525,-0.056942,-0.014081
7.160000,0.014144,-0.001814,-0.021700,-1.061838,-0.056827,-0.014011
7.170000,0.014074,-0.001805,-0.021592,-1.062150,-0.056713,-0.013941
7.180000,0.014004,-0.001796,-0.021484,-1.062460,-0.056599,-0.013871
7.190000,0.013934,-0.001787,-0.021377,-1.062767,-0.056485,-0.013802
7.200000,0.013864,-0.001778,-0.021271,-1.063073,-0.056371,-0.013733
7.210000,0.013795,-0.001769,-0.021164,-1.063377,-0.056257,-0.013665
7.220000,0.013726,-0.001760,-0.021059,-1.063679,-0.056144,-0.013597
7.230000,0.013658,-0.001752,-0.020954,-1.063979,-0.056031,-0.013529
7.240000,0.013590,-0.001743,-0.020850,-1.064277,-0.055918,-0.013461
7.250000,0.013522,-0.001734,-0.020746,-1.064573,-0.055806,-0.013394
7.260000,0.013454,-0.001726,-0.020642,-1.064867,-0.055693,-0.013327
7.270000,0.013387,-0.001717,-0.020539,-1.065160,-0.055581,-0.013261
7.280000,0.013320,-0.001708,-0.020437,-1.065450,-0.055469,-0.013195
7.290000,0.013254,-0.001700,-0.020335,-1.065739,-0.055358,-0.013129
7.300000,0.013188,-0.001691,-0.020234,-1.066026,-0.055246,-0.013063
7.310000,0.013122,-0.001683,-0.020133,-1.066311,-0.055135,-0.012998
7.320000,0.013057,-0.001675,-0.020032,-1.066594,-0.055024,-0.012933
7.330000,0.012991,-0.001666,-0.019933,-1.066876,-0.054913,-0.012869
7.340000,0.012927,-0.001658,-0.019833,-1.067156,-0.054803,-0.012805
7.350000,0.012862,-0.001650,-0.019734,-1.067433,-0.054692,-0.012741
7.360000,0.012798,-0.001641,-0.019636,-1.067710,-0.054582,-0.012677
7.370000,0.012734,-0.001633,-0.019538,-1.067984,-0.054472,-0.012614
7.380000,0.012671,-0.001625,-0.019441,-1.068257,-0.054363,-0.012551
7.390000,0.012607,-0.001617,-0.019344,-1.068527,-0.054253,-0.012488
7.400000,0.012544,-0.001609,-0.019247,-1.068797,-0.054144,-0.012426
7.410000,0.012482,-0.001601,-0.019151,-1.069064,-0.054035,-0.012364
7.420000,0.012420,-0.001593,-0.019056,-1.069330,-0.053926,-0.012302
7.430000,0.012358,-0.001585,-0.018961,-1.069594,-0.053818,-0.012241
7.440000,0.012296,-0.001577,-0.018866,-1.069856,-0.053710,-0.012180
7.450000,0.012235,-0.001569,-0.018772,-1.070117,-0.053601,-0.012119
7.460000,0.012174,-0.001561,-0.018679,-1.070376,-0.053494,-0.012059
7.470000,0.012113,-0.001554,-0.018586,-1.070633,-0.053386,-0.011998
7.480000,0.012052,-0.001546,-0.018493,-1.070889,-0.053279,-0.011939
7.490000,0.011992,-0.001538,-0.018401,-1.071143,-0.053171,-0.011879
7.500000,0.011932,-0.001530,-0.018309,-1.071396,-0.053064,-0.011820
7.510000,0.011873,-0.001523,-0.018218,-1.071647,-0.052958,-0.011761
7.520000,0.011814,-0.001515,-0.018127,-1.071896,-0.052851,-0.011702
7.530000,0.011755,-0.001508,-0.018037,-1.072144,-0.052745,-0.011644
7.540000,0.011696,-0.001500,-0.017947,-1.072390,-0.052639,-0.011586
7.550000,0.011638,-0.001493,-0.017857,-1.072634,-0.052533,-0.011528
7.560000,0.011580,-0.001485,-0.017768,-1.072877,-0.052427,-0.011470
7.570000,0.011522,-0.001478,-0.017680,-1.073119,-0.052322,-0.011413
7.580000,0.011464,-0.001470,-0.017591,-1.073359,-0.052216,-0.011356
7.590000,0.011407,-0.001463,-0.017504,-1.073597,-0.052111,-0.011300
7.600000,0.011350,-0.001456,-0.017417,-1.073834,-0.052006,-0.011243
7.610000,0.011294,-0.001449,-0.017330,-1.074069,-0.051902,-0.011187
7.620000,0.011237,-0.001441,-0.017243,-1.074303,-0.051797,-0.011131
7.630000,0.011181,-0.001434,-0.017157,-1.074536,-0.051693,-0.011076
7.640000,0.011126,-0.001427,-0.017072,-1.074767,-0.051589,-0.011020
7.650000,0.011070,-0.001420,-0.016987,-1.074996,-0.051486,-0.010966
7.660000,0.011015,-0.001413,-0.016902,-1.075224,-0.051382,-0.010911
7.670000,0.010960,-0.001406,-0.016818,-1.075450,-0.051279,-0.010856
7.680000,0.010905,-0.001399,-0.016734,-1.075676,-0.051176,-0.010802
7.690000,0.010851,-0.001392,-0.016650,-1.075899,-0.051073,-0.010748
7.700000,0.010797,-0.001385,-0.016567,-1.076121,-0.050970,-0.010695
7.710000,0.010743,-0.001378,-0.016485,-1.076342,-0.050867,-0.010641
7.720000,0.010689,-0.001371,-0.016403,-1.076561,-0.050765,-0.010588
7.730000,0.010636,-0.001364,-0.016321,-1.076779,-0.050663,-0.010535
7.740000,0.010583,-0.001357,-0.016239,-1.076996,-0.050561,-0.010483
7.750000,0.010530,-0.001351,-0.016159,-1.077211,-0.050459,-0.010431
7.760000,0.010478,-0.001344,-0.016078,-1.077425,-0.050358,-0.010379
7.770000,0.010425,-0.001337,-0.015998,-1.077638,-0.050257,-0.010327
7.780000,0.010373,-0.001331,-0.015918,-1.077849,-0.050156,-0.010275
7.790000,0.010321,-0.001324,-0.015839,-1.078058,-0.050055,-0.010224
7.800000,0.010270,-0.001317,-0.015760,-1.078267,-0.049954,-0.010173
7.810000,0.010219,-0.001311,-0.015681,-1.078474,-0.049854,-0.010122
7.820000,0.010168,-0.001304,-0.015603,-1.078680,-0.049754,-0.010072
7.830000,0.010117,-0.001298,-0.015525,-1.078884,-0.049654,-0.010022
7.840000,0.010067,-0.001291,-0.015448,-1.079087,-0.049554,-0.009972
7.850000,0.010016,-0.001285,-0.015371,-1.079289,-0.049454,-0.009922
7.860000,0.009966,-0.001278,-0.015294,-1.079490,-0.049355,-0.009872
7.870000,0.009917,-0.001272,-0.015218,-1.079689,-0.049256,-0.009823
7.880000,0.009867,-0.001266,-0.015142,-1.079887,-0.049157,-0.009774
7.890000,0.009818,-0.001259,-0.015066,-1.080084,-0.049058,-0.009725
7.900000,0.009769,-0.001253,-0.014991,-1.080279,-0.048959,-0.009677
7.910000,0.009720,-0.001247,-0.014917,-1.080473,-0.048861,-0.009628
7.920000,0.009672,-0.001241,-0.014842,-1.080666,-0.048763,-0.009580
7.930000,0.009624,-0.001234,-0.014768,-1.080858,-0.048665,-0.009533
7.940000,0.009576,-0.001228,-0.014695,-1.081049,-0.048567,-0.009485
7.950000,0.009528,-0.001222,-0.014621,-1.081238,-0.048469,-0.009438
7.960000,0.009480,-0.001216,-0.014548,-1.081426,-0.048372,-0.009391
7.970000,0.009433,-0.001210,-0.014476,-1.081613,-0.048274,-0.009344
7.980000,0.009386,-0.001204,-0.014404,-1.081799,-0.048177,-0.009297
7.990000,0.009339,-0.001198,-0.014332,-1.081983,-0.048081,-0.009251
8.000000,0.009293,-0.001192,-0.014260,-1.082166,-0.047984,-0.009205
8.010000,0.009246,-0.001186,-0.014189,-1.082349,-0.047888,-0.009159
8.020000,0.009200,-0.001180,-0.014119,-1.082530,-0.047791,-0.009113
8.030000,0.009154,-0.001174,-0.014048,-1.082709,-0.047695,-0.009068
8.040000,0.009108,-0.001168,-0.013978,-1.082888,-0.047600,-0.009022
8.050000,0.009063,-0.001163,-0.013908,-1.083066,-0.047504,-0.008977
8.060000,0.009018,-0.001157,-0.013839,-1.083242,-0.047408,-0.008933
8.070000,0.008973,-0.001151,-0.013770,-1.083417,-0.047313,-0.008888
8.080000,0.008928,-0.001145,-0.013701,-1.083592,-0.047218,-0.008844
8.090000,0.008884,-0.001139,-0.013633,-1.083765,-0.047123,-0.008800
8.100000,0.008839,-0.001134,-0.013565,-1.083937,-0.047029,-0.008756
8.110000,0.008795,-0.001128,-0.013497,-1.084107,-0.046934,-0.008712
8.120000,0.008751,-0.001123,-0.013430,-1.084277,-0.046840,-0.008669
8.130000,0.008708,-0.001117,-0.013363,-1.084446,-0.046746,-0.008625
8.140000,0.008664,-0.001111,-0.013297,-1.084613,-0.046652,-0.008582
8.150000,0.008621,-0.001106,-0.013230,-1.084780,-0.046558,-0.008540
8.160000,0.008578,-0.001100,-0.013164,-1.084945,-0.046465,-0.008497
8.170000,0.008535,-0.001095,-0.013099,-1.085110,-0.046371,-0.008455
8.180000,0.008493,-0.001089,-0.013033,-1.085273,-0.046278,-0.008412
8.190000,0.008450,-0.001084,-0.012968,-1.085435,-0.046185,-0.008370
8.200000,0.008408,-0.001079,-0.012904,-1.085597,-0.046092,-0.008329
8.210000,0.008366,-0.001073,-0.012839,-1.085757,-0.046000,-0.008287
8.220000,0.008324,-0.001068,-0.012775,-1.085916,-0.045907,-0.008246
8.230000,0.008283,-0.001062,-0.012712,-1.086074,-0.045815,-0.008205
8.240000,0.008242,-0.001057,-0.012648,-1.086231,-0.045723,-0.008164
8.250000,0.008200,-0.001052,-0.012585,-1.086388,-0.045631,-0.008123
8.260000,0.008160,-0.001047,-0.012522,-1.086543,-0.045540,-0.008082
8.270000,0.008119,-0.001041,-0.012460,-1.086697,-0.045448,-0.008042
8.280000,0.008078,-0.001036,-0.012398,-1.086850,-0.045357,-0.008002
8.290000,0.008038,-0.001031,-0.012336,-1.087002,-0.045266,-0.007962
8.300000,0.007998,-0.001026,-0.012274,-1.087153,-0.045175,-0.007922
8.310000,0.007958,-0.001021,-0.012213,-1.087304,-0.045084,-0.007883
8.320000,0.007918,-0.001016,-0.012152,-1.087453,-0.044994,-0.007844
8.330000,0.007879,-0.001011,-0.012092,-1.087601,-0.044903,-0.007804
8.340000,0.007840,-0.001006,-0.012031,-1.087749,-0.044813,-0.007766
8.350000,0.007800,-0.001001,-0.011971,-1.087895,-0.044723,-0.007727
8.360000,0.007762,-0.000996,-0.011912,-1.088041,-0.044633,-0.007688
8.370000,0.007723,-0.000991,-0.011852,-1.088185,-0.044544,-0.007650
8.380000,0.007684,-0.000986,-0.011793,-1.088329,-0.044454,-0.007612
8.390000,0.007646,-0.000981,-0.011734,-1.088471,-0.044365,-0.007574
8.400000,0.007608,-0.000976,-0.011676,-1.088613,-0.044276,-0.007536
8.410000,0.007570,-0.000971,-0.011618,-1.088754,-0.044187,-0.007498
8.420000,0.007532,-0.000966,-0.011560,-1.088894,-0.044098,-0.007461
8.430000,0.007495,-0.000961,-0.011502,-1.089033,-0.044010,-0.007424
8.440000,0.007457,-0.000957,-0.011445,-1.089171,-0.043922,-0.007387
8.450000,0.007420,-0.000952,-0.011388,-1.089309,-0.043833,-0.007350
8.460000,0.007383,-0.000947,-0.011331,-1.089445,-0.043745,-0.007313
8.470000,0.007346,-0.000942,-0.011274,-1.089581,-0.043658,-0.007277
8.480000,0.007309,-0.000938,-0.011218,-1.089715,-0.043570,-0.007240
8.490000,0.007273,-0.000933,-0.011162,-1.089849,-0.043482,-0.007204
8.500000,0.007237,-0.000928,-0.011107,-1.089982,-0.043395,-0.007168
8.510000,0.007201,-0.000924,-0.011051,-1.090114,-0.043308,-0.007133
8.520000,0.007165,-0.000919,-0.010996,-1.090246,-0.043221,-0.007097
8.530000,0.007129,-0.000914,-0.010941,-1.090376,-0.043134,-0.007062
8.540000,0.007093,-0.000910,-0.010887,-1.090506,-0.043048,-0.007026
8.550000,0.007058,-0.000905,-0.010832,-1.090634,-0.042961,-0.006991
8.560000,0.007023,-0.000901,-0.010778,-1.090762,-0.042875,-0.006957
8.570000,0.006988,-0.000896,-0.010725,-1.090889,-0.042789,-0.006922
8.580000,0.006953,-0.000892,-0.010671,-1.091016,-0.042703,-0.006887
8.590000,0.006918,-0.000887,-0.010618,-1.091141,-0.042617,-0.006853
8.600000,0.006884,-0.000883,-0.010565,-1.091266,-0.042532,-0.006819
8.610000,0.006849,-0.000879,-0.010512,-1.091390,-0.042447,-0.006785
8.620000,0.006815,-0.000874,-0.010460,-1.091513,-0.042361,-0.006751
8.630000,0.006781,-0.000870,-0.010408,-1.091635,-0.042276,-0.006717
8.640000,0.006747,-0.000866,-0.010356,-1.091757,-0.042192,-0.006684
8.650000,0.006714,-0.000861,-0.010304,-1.091877,-0.042107,-0.006650
8.660000,0.006680,-0.000857,-0.010253,-1.091997,-0.042022,-0.006617
8.670000,0.006647,-0.000853,-0.010202,-1.092117,-0.041938,-0.006584
8.680000,0.006614,-0.000848,-0.010151,-1.092235,-0.041854,-0.006551
8.690000,0.006581,-0.000844,-0.010100,-1.092353,-0.041770,-0.006519
8.700000,0.006548,-0.000840,-0.010050,-1.092470,-0.041686,-0.006486
8.710000,0.006515,-0.000836,-0.010000,-1.092586,-0.041602,-0.006454
8.720000,0.006483,-0.000832,-0.009950,-1.092701,-0.041519,-0.006422
8.730000,0.006451,-0.000827,-0.009900,-1.092816,-0.041436,-0.006390
8.740000,0.006418,-0.000823,-0.009851,-1.092930,-0.041352,-0.006358
8.750000,0.006386,-0.000819,-0.009802,-1.093043,-0.041269,-0.006326
8.760000,0.006354,-0.000815,-0.009753,-1.093155,-0.041187,-0.006294
8.770000,0.006323,-0.000811,-0.009704,-1.093267,-0.041104,-0.006263
8.780000,0.006291,-0.000807,-0.009656,-1.093378,-0.041022,-0.006232
8.790000,0.006260,-0.000803,-0.009608,-1.093489,-0.040939,-0.006201
8.800000,0.006229,-0.000799,-0.009560,-1.093598,-0.040857,-0.006170
8.810000,0.006198,-0.000795,-0.009512,-1.093707,-0.040775,-0.006139
8.820000,0.006167,-0.000791,-0.009465,-1.093815,-0.040693,-0.006108
8.830000,0.006136,-0.000787,-0.009417,-1.093923,-0.040612,-0.006078
8.840000,0.006105,-0.000783,-0.009370,-1.094030,-0.040530,-0.006048
8.850000,0.006075,-0.000779,-0.009324,-1.094136,-0.040449,-0.006017
8.860000,0.006045,-0.000775,-0.009277,-1.094241,-0.040368,-0.005987
8.870000,0.006014,-0.000772,-0.009231,-1.094346,-0.040287,-0.005958
8.880000,0.005984,-0.000768,-0.009185,-1.094450,-0.040206,-0.005928
8.890000,0.005955,-0.000764,-0.009139,-1.094554,-0.040125,-0.005898
8.900000,0.005925,-0.000760,-0.009094,-1.094656,-0.040045,-0.005869
8.910000,0.005895,-0.000756,-0.009048,-1.094758,-0.039964,-0.005840
8.920000,0.005866,-0.000752,-0.009003,-1.094860,-0.039884,-0.005811
8.930000,0.005837,-0.000749,-0.008958,-1.094961,-0.039804,-0.005782
8.940000,0.005808,-0.000745,-0.008913,-1.095061,-0.039724,-0.005753
8.950000,0.005779,-0.000741,-0.008869,-1.095160,-0.039645,-0.005724
8.960000,0.005750,-0.000738,-0.008825,-1.095259,-0.039565,-0.005695
8.970000,0.005721,-0.000734,-0.008781,-1.095358,-0.039486,-0.005667
8.980000,0.005693,-0.000730,-0.008737,-1.095455,-0.039407,-0.005639
8.990000,0.005664,-0.000727,-0.008693,-1.095552,-0.039328,-0.005611
9.000000,0.005636,-0.000723,-0.008650,-1.095649,-0.039249,-0.005583
9.010000,0.005608,-0.000719,-0.008607,-1.095744,-0.039170,-0.005555
9.020000,0.005580,-0.000716,-0.008564,-1.095839,-0.039092,-0.005527
9.030000,0.005552,-0.000712,-0.008521,-1.095934,-0.039013,-0.005500
9.040000,0.005524,-0.000709,-0.008479,-1.096028,-0.038935,-0.005472
9.050000,0.005497,-0.000705,-0.008437,-1.096121,-0.038857,-0.005445
9.060000,0.005469,-0.000702,-0.008394,-1.096214,-0.038779,-0.005418
9.070000,0.005442,-0.000698,-0.008353,-1.096306,-0.038701,-0.005391
9.080000,0.005415,-0.000695,-0.008311,-1.096397,-0.038623,-0.005364
9.090000,0.005388,-0.000691,-0.008269,-1.096488,-0.038546,-0.005337
9.100000,0.005361,-0.000688,-0.008228,-1.096579,-0.038469,-0.005310
9.110000,0.005334,-0.000684,-0.008187,-1.096669,-0.038392,-0.005284
9.120000,0.005308,-0.000681,-0.008146,-1.096758,-0.038315,-0.005258
9.130000,0.005281,-0.000677,-0.008106,-1.096846,-0.038238,-0.005231
9.140000,0.005255,-0.000674,-0.008065,-1.096934,-0.038161,-0.005205
9.150000,0.005229,-0.000671,-0.008025,-1.097022,-0.038085,-0.005179
9.160000,0.005203,-0.000667,-0.007985,-1.097109,-0.038008,-0.005153
9.170000,0.005177,-0.000664,-0.007945,-1.097195,-0.037932,-0.005128
9.180000,0.005151,-0.000661,-0.007906,-1.097281,-0.037856,-0.005102
9.190000,0.005125,-0.000657,-0.007866,-1.097366,-0.037780,-0.005077
9.200000,0.005100,-0.000654,-0.007827,-1.097451,-0.037704,-0.005051
9.210000,0.005074,-0.000651,-0.007788,-1.097535,-0.037629,-0.005026
9.220000,0.005049,-0.000648,-0.007749,-1.097619,-0.037553,-0.005001
9.230000,0.005024,-0.000644,-0.007710,-1.097702,-0.037478,-0.004976
9.240000,0.004999,-0.000641,-0.007672,-1.097784,-0.037403,-0.004951
9.250000,0.004974,-0.000638,-0.007634,-1.097866,-0.037328,-0.004927
9.260000,0.004949,-0.000635,-0.007596,-1.097948,-0.037253,-0.004902
9.270000,0.004924,-0.000632,-0.007558,-1.098029,-0.037178,-0.004878
9.280000,0.004900,-0.000629,-0.007520,-1.098109,-0.037104,-0.004853
9.290000,0.004875,-0.000625,-0.007483,-1.098189,-0.037029,-0.004829
9.300000,0.004851,-0.000622,-0.007445,-1.098269,-0.036955,-0.004805
9.310000,0.004827,-0.000619,-0.007408,-1.098347,-0.036881,-0.004781
9.320000,0.004803,-0.000616,-0.007371,-1.098426,-0.036807,-0.004757
9.330000,0.004779,-0.000613,-0.007334,-1.098504,-0.036733,-0.004733
9.340000,0.004755,-0.000610,-0.007298,-1.098581,-0.036660,-0.004710
9.350000,0.004731,-0.000607,-0.007261,-1.098658,-0.036586,-0.004686
9.360000,0.004707,-0.000604,-0.007225,-1.098734,-0.036513,-0.004663
9.370000,0.004684,-0.000601,-0.007189,-1.098810,-0.036440,-0.004640
9.380000,0.004661,-0.000598,-0.007153,-1.098886,-0.036367,-0.004617
9.390000,0.004637,-0.000595,-0.007118,-1.098961,-0.036294,-0.004594
9.400000,0.004614,-0.000592,-0.007082,-1.099035,-0.036221,-0.004571
9.410000,0.004591,-0.000589,-0.007047,-1.099109,-0.036148,-0.004548
9.420000,0.004568,-0.000586,-0.007012,-1.099183,-0.036076,-0.004525
9.430000,0.004546,-0.000583,-0.006977,-1.099256,-0.036004,-0.004503
9.440000,0.004523,-0.000580,-0.006942,-1.099328,-0.035931,-0.004480
9.450000,0.004500,-0.000577,-0.006907,-1.099400,-0.035859,-0.004458
9.460000,0.004478,-0.000574,-0.006873,-1.099472,-0.035787,-0.004436
9.470000,0.004456,-0.000572,-0.006839,-1.099543,-0.035716,-0.004413
9.480000,0.004433,-0.000569,-0.006805,-1.099614,-0.035644,-0.004391
9.490000,0.004411,-0.000566,-0.006771,-1.099684,-0.035573,-0.004370
9.500000,0.004389,-0.000563,-0.006737,-1.099754,-0.035501,-0.004348
9.510000,0.004367,-0.000560,-0.006703,-1.099823,-0.035430,-0.004326
9.520000,0.004345,-0.000557,-0.006670,-1.099892,-0.035359,-0.004304
9.530000,0.004324,-0.000555,-0.006637,-1.099960,-0.035288,-0.004283
9.540000,0.004302,-0.000552,-0.006603,-1.100028,-0.035218,-0.004262
9.550000,0.004281,-0.000549,-0.006570,-1.100096,-0.035147,-0.004240
9.560000,0.004259,-0.000546,-0.006538,-1.100163,-0.035077,-0.004219
9.570000,0.004238,-0.000544,-0.006505,-1.100230,-0.035006,-0.004198
9.580000,0.004217,-0.000541,-0.006473,-1.100296,-0.034936,-0.004177
9.590000,0.004196,-0.000538,-0.006440,-1.100362,-0.034866,-0.004156
9.600000,0.004175,-0.000536,-0.006408,-1.100427,-0.034796,-0.004136
9.610000,0.004154,-0.000533,-0.006376,-1.100492,-0.034727,-0.004115
9.620000,0.004134,-0.000530,-0.006345,-1.100557,-0.034657,-0.004095
9.630000,0.004113,-0.000528,-0.006313,-1.100621,-0.034587,-0.004074
9.640000,0.004092,-0.000525,-0.006281,-1.100685,-0.034518,-0.004054
9.650000,0.004072,-0.000522,-0.006250,-1.100748,-0.034449,-0.004034
9.660000,0.004052,-0.000520,-0.006219,-1.100811,-0.034380,-0.004013
9.670000,0.004031,-0.000517,-0.006188,-1.100874,-0.034311,-0.003993
9.680000,0.004011,-0.000515,-0.006157,-1.100936,-0.034242,-0.003974
9.690000,0.003991,-0.000512,-0.006126,-1.100998,-0.034174,-0.003954
9.700000,0.003971,-0.000509,-0.006096,-1.101059,-0.034105,-0.003934
9.710000,0.003952,-0.000507,-0.006065,-1.101120,-0.034037,-0.003914
9.720000,0.003932,-0.000504,-0.006035,-1.101181,-0.033969,-0.003895
9.730000,0.003912,-0.000502,-0.006005,-1.101241,-0.033901,-0.003875
9.740000,0.003893,-0.000499,-0.005975,-1.101300,-0.033833,-0.003856
9.750000,0.003873,-0.000497,-0.005945,-1.101360,-0.033765,-0.003837
9.760000,0.003854,-0.000494,-0.005916,-1.101419,-0.033697,-0.003818
9.770000,0.003835,-0.000492,-0.005886,-1.101478,-0.033630,-0.003799
9.780000,0.003816,-0.000489,-0.005857,-1.101536,-0.033562,-0.003780
9.790000,0.003797,-0.000487,-0.005828,-1.101594,-0.033495,-0.003761
9.800000,0.003778,-0.000485,-0.005798,-1.101651,-0.033428,-0.003742
9.810000,0.003759,-0.000482,-0.005770,-1.101708,-0.033361,-0.003723
9.820000,0.003740,-0.000480,-0.005741,-1.101765,-0.033294,-0.003705
9.830000,0.003722,-0.000477,-0.005712,-1.101821,-0.033227,-0.003686
9.840000,0.003703,-0.000475,-0.005684,-1.101877,-0.033161,-0.003668
9.850000,0.003685,-0.000473,-0.005655,-1.101933,-0.033094,-0.003650
9.860000,0.003666,-0.000470,-0.005627,-1.101988,-0.033028,-0.003632
9.870000,0.003648,-0.000468,-0.005599,-1.102043,-0.032962,-0.003613
9.880000,0.003630,-0.000466,-0.005571,-1.102098,-0.032896,-0.003595
9.890000,0.003612,-0.000463,-0.005543,-1.102152,-0.032830,-0.003577
9.900000,0.003594,-0.000461,-0.005516,-1.102206,-0.032764,-0.003560
9.910000,0.003576,-0.000459,-0.005488,-1.102260,-0.032699,-0.003542
9.920000,0.003558,-0.000456,-0.005461,-1.102313,-0.032633,-0.003524
9.930000,0.003540,-0.000454,-0.005434,-1.102366,-0.032568,-0.003507
9.940000,0.003522,-0.000452,-0.005406,-1.102418,-0.032503,-0.003489
9.950000,0.003505,-0.000450,-0.005380,-1.102471,-0.032437,-0.003472
9.960000,0.003487,-0.000447,-0.005353,-1.102522,-0.032372,-0.003454
9.970000,0.003470,-0.000445,-0.005326,-1.102574,-0.032308,-0.003437
9.980000,0.003453,-0.000443,-0.005299,-1.102625,-0.032243,-0.003420
9.990000,0.003435,-0.000441,-0.005273,-1.102676,-0.032178,-0.003403
10.000000,0.003418,-0.000438,-0.005247,-1.102727,-0.032114,-0.003386
