0.000000,0.194120,-0.184083,-0.594357,-0.614218,0.378412,0.781604
0.010000,0.193080,-0.183103,-0.592072,-0.617069,0.377393,0.773021
0.020000,0.192045,-0.182130,-0.589790,-0.619905,0.376378,0.764633
0.030000,0.191017,-0.181162,-0.587510,-0.622728,0.375367,0.756431
0.040000,0.189996,-0.180200,-0.585234,-0.625537,0.374360,0.748410
0.050000,0.188980,-0.179243,-0.582960,-0.628333,0.373357,0.740561
0.060000,0.187971,-0.178293,-0.580688,-0.631114,0.372358,0.732879
0.070000,0.186968,-0.177348,-0.578420,-0.633882,0.371363,0.725358
0.080000,0.185971,-0.176408,-0.576155,-0.636636,0.370372,0.717991
0.090000,0.184979,-0.175474,-0.573894,-0.639376,0.369385,0.710773
0.100000,0.183994,-0.174546,-0.571635,-0.642103,0.368402,0.703700
0.110000,0.183015,-0.173623,-0.569380,-0.644816,0.367423,0.696765
0.120000,0.182041,-0.172706,-0.567128,-0.647516,0.366447,0.689965
0.130000,0.181074,-0.171793,-0.564879,-0.650202,0.365476,0.683295
0.140000,0.180112,-0.170887,-0.562635,-0.652875,0.364508,0.676750
0.150000,0.179156,-0.169985,-0.560393,-0.655534,0.363544,0.670327
0.160000,0.178205,-0.169089,-0.558156,-0.658180,0.362584,0.664022
0.170000,0.177260,-0.168198,-0.555922,-0.660813,0.361628,0.657830
0.180000,0.176321,-0.167312,-0.553692,-0.663432,0.360675,0.651749
0.190000,0.175388,-0.166432,-0.551466,-0.666038,0.359726,0.645775
0.200000,0.174459,-0.165556,-0.549244,-0.668630,0.358780,0.639904
0.210000,0.173537,-0.164686,-0.547027,-0.671210,0.357839,0.634134
0.220000,0.172620,-0.163820,-0.544813,-0.673776,0.356901,0.628462
0.230000,0.171708,-0.162960,-0.542603,-0.676329,0.355966,0.622884
0.240000,0.170801,-0.162105,-0.540398,-0.678870,0.355035,0.617399
0.250000,0.169900,-0.161254,-0.538197,-0.681397,0.354108,0.612002
0.260000,0.169004,-0.160409,-0.536000,-0.683911,0.353184,0.606693
0.270000,0.168113,-0.159568,-0.533808,-0.686412,0.352263,0.601469
0.280000,0.167228,-0.158732,-0.531620,-0.688901,0.351347,0.596326
0.290000,0.166348,-0.157901,-0.529437,-0.691376,0.350433,0.591263
0.300000,0.165472,-0.157075,-0.527258,-0.693839,0.349523,0.586279
0.310000,0.164602,-0.156253,-0.525084,-0.696289,0.348617,0.581370
0.320000,0.163737,-0.155436,-0.522915,-0.698726,0.347714,0.576534
0.330000,0.162877,-0.154624,-0.520751,-0.701151,0.346814,0.571771
0.340000,0.162022,-0.153816,-0.518591,-0.703562,0.345918,0.567078
0.350000,0.161172,-0.153013,-0.516436,-0.705962,0.345025,0.562452
0.360000,0.160327,-0.152215,-0.514287,-0.708348,0.344135,0.557894
0.370000,0.159486,-0.151421,-0.512142,-0.710723,0.343248,0.553400
0.380000,0.158651,-0.150631,-0.510002,-0.713084,0.342365,0.548970
0.390000,0.157820,-0.149846,-0.507867,-0.715434,0.341485,0.544601
0.400000,0.156994,-0.149066,-0.505737,-0.717771,0.340609,0.540293
0.410000,0.156172,-0.148290,-0.503613,-0.720096,0.339735,0.536043
0.420000,0.155356,-0.147518,-0.501493,-0.722408,0.338865,0.531851
0.430000,0.154544,-0.146750,-0.499379,-0.724708,0.337998,0.527715
0.440000,0.153736,-0.145987,-0.497270,-0.726996,0.337134,0.523635
0.450000,0.152934,-0.145229,-0.495167,-0.729272,0.336274,0.519607
0.460000,0.152136,-0.144474,-0.493069,-0.731536,0.335416,0.515632
0.470000,0.151342,-0.143724,-0.490976,-0.733787,0.334562,0.511709
0.480000,0.150553,-0.142978,-0.488889,-0.736027,0.333710,0.507835
0.490000,0.149768,-0.142236,-0.486807,-0.738255,0.332862,0.504010
0.500000,0.148988,-0.141498,-0.484730,-0.740470,0.332017,0.500234
0.510000,0.148212,-0.140764,-0.482659,-0.742674,0.331175,0.496504
0.520000,0.147441,-0.140035,-0.480594,-0.744866,0.330336,0.492821
0.530000,0.146674,-0.139309,-0.478535,-0.747047,0.329499,0.489182
0.540000,0.145911,-0.138588,-0.476481,-0.749215,0.328666,0.485587
0.550000,0.145152,-0.137870,-0.474432,-0.751372,0.327836,0.482036
0.560000,0.144398,-0.137157,-0.472390,-0.753517,0.327009,0.478527
0.570000,0.143648,-0.136447,-0.470353,-0.755651,0.326185,0.475059
0.580000,0.142902,-0.135742,-0.468322,-0.757773,0.325363,0.471631
0.590000,0.142161,-0.135040,-0.466297,-0.759883,0.324545,0.468244
0.600000,0.141423,-0.134342,-0.464277,-0.761982,0.323729,0.464895
0.610000,0.140690,-0.133648,-0.462264,-0.764070,0.322916,0.461585
0.620000,0.139961,-0.132958,-0.460256,-0.766146,0.322107,0.458312
0.630000,0.139236,-0.132272,-0.458254,-0.768211,0.321300,0.455076
0.640000,0.138514,-0.131589,-0.456258,-0.770265,0.320495,0.451877
0.650000,0.137797,-0.130910,-0.454268,-0.772308,0.319694,0.448712
0.660000,0.137084,-0.130235,-0.452284,-0.774339,0.318895,0.445582
0.670000,0.136375,-0.129564,-0.450306,-0.776359,0.318100,0.442487
0.680000,0.135670,-0.128896,-0.448334,-0.778368,0.317307,0.439425
0.690000,0.134968,-0.128232,-0.446368,-0.780366,0.316516,0.436395
0.700000,0.134271,-0.127572,-0.444408,-0.782353,0.315729,0.433398
0.710000,0.133577,-0.126915,-0.442454,-0.784329,0.314944,0.430433
0.720000,0.132887,-0.126262,-0.440507,-0.786295,0.314162,0.427499
0.730000,0.132201,-0.125612,-0.438565,-0.788249,0.313382,0.424595
0.740000,0.131519,-0.124966,-0.436630,-0.790193,0.312605,0.421722
0.750000,0.130841,-0.124324,-0.434700,-0.792125,0.311831,0.418878
0.760000,0.130166,-0.123685,-0.432777,-0.794047,0.311060,0.416063
0.770000,0.129495,-0.123049,-0.430860,-0.795959,0.310291,0.413277
0.780000,0.128827,-0.122417,-0.428949,-0.797860,0.309525,0.410518
0.790000,0.128164,-0.121788,-0.427045,-0.799750,0.308761,0.407788
0.800000,0.127504,-0.121163,-0.425146,-0.801629,0.308000,0.405084
0.810000,0.126847,-0.120541,-0.423254,-0.803499,0.307241,0.402407
0.820000,0.126194,-0.119923,-0.421368,-0.805357,0.306485,0.399756
0.830000,0.125545,-0.119308,-0.419489,-0.807206,0.305732,0.397132
0.840000,0.124899,-0.118696,-0.417615,-0.809044,0.304981,0.394532
0.850000,0.124257,-0.118087,-0.415748,-0.810872,0.304233,0.391958
0.860000,0.123618,-0.117482,-0.413887,-0.812689,0.303487,0.389408
0.870000,0.122983,-0.116880,-0.412033,-0.814496,0.302743,0.386883
0.880000,0.122351,-0.116281,-0.410185,-0.816293,0.302003,0.384381
0.890000,0.121723,-0.115686,-0.408343,-0.818080,0.301264,0.381903
0.900000,0.121098,-0.115094,-0.406507,-0.819857,0.300528,0.379448
0.910000,0.120476,-0.114504,-0.404678,-0.821624,0.299795,0.377016
0.920000,0.119858,-0.113919,-0.402855,-0.823381,0.299064,0.374606
0.930000,0.119243,-0.113336,-0.401038,-0.825128,0.298335,0.372218
0.940000,0.118632,-0.112756,-0.399228,-0.826865,0.297609,0.369852
0.950000,0.118024,-0.112180,-0.397424,-0.828593,0.296885,0.367508
0.960000,0.117419,-0.111606,-0.395627,-0.830310,0.296163,0.365184
0.970000,0.116817,-0.111036,-0.393835,-0.832018,0.295444,0.362882
0.980000,0.116219,-0.110468,-0.392051,-0.833716,0.294727,0.360600
0.990000,0.115624,-0.109904,-0.390272,-0.835404,0.294013,0.358338
1.000000,0.115032,-0.109343,-0.388500,-0.837083,0.293301,0.356096
1.010000,0.114443,-0.108785,-0.386734,-0.838752,0.292591,0.353874
1.020000,0.113857,-0.108229,-0.384975,-0.840412,0.291883,0.351671
1.030000,0.113275,-0.107677,-0.383222,-0.842062,0.291178,0.349487
1.040000,0.112695,-0.107128,-0.381476,-0.843703,0.290475,0.347322
1.050000,0.112119,-0.106581,-0.379735,-0.845334,0.289775,0.345176
1.060000,0.111546,-0.106038,-0.378002,-0.846956,0.289076,0.343048
1.070000,0.110976,-0.105497,-0.376274,-0.848569,0.288380,0.340938
1.080000,0.110409,-0.104959,-0.374553,-0.850173,0.287686,0.338846
1.090000,0.109845,-0.104424,-0.372838,-0.851767,0.286995,0.336771
1.100000,0.109284,-0.103892,-0.371130,-0.853352,0.286305,0.334714
1.110000,0.108726,-0.103363,-0.369428,-0.854928,0.285618,0.332674
1.120000,0.108171,-0.102837,-0.367733,-0.856495,0.284933,0.330651
1.130000,0.107619,-0.102313,-0.366043,-0.858053,0.284250,0.328644
1.140000,0.107070,-0.101792,-0.364361,-0.859602,0.283569,0.326655
1.150000,0.106524,-0.101274,-0.362684,-0.861142,0.282891,0.324681
1.160000,0.105980,-0.100759,-0.361014,-0.862673,0.282214,0.322723
1.170000,0.105440,-0.100246,-0.359350,-0.864196,0.281540,0.320781
1.180000,0.104903,-0.099736,-0.357693,-0.865709,0.280868,0.318855
1.190000,0.104368,-0.099229,-0.356042,-0.867214,0.280198,0.316944
1.200000,0.103836,-0.098724,-0.354397,-0.868710,0.279530,0.315049
1.210000,0.103307,-0.098222,-0.352759,-0.870197,0.278864,0.313168
1.220000,0.102781,-0.097723,-0.351126,-0.871676,0.278200,0.311303
1.230000,0.102258,-0.097226,-0.349501,-0.873146,0.277539,0.309452
1.240000,0.101737,-0.096732,-0.347881,-0.874607,0.276879,0.307615
1.250000,0.101219,-0.096241,-0.346268,-0.876060,0.276222,0.305793
1.260000,0.100704,-0.095752,-0.344661,-0.877505,0.275566,0.303986
1.270000,0.100192,-0.095266,-0.343061,-0.878941,0.274913,0.302192
1.280000,0.099682,-0.094782,-0.341467,-0.880369,0.274261,0.300412
1.290000,0.099175,-0.094301,-0.339879,-0.881788,0.273612,0.298645
1.300000,0.098671,-0.093823,-0.338297,-0.883200,0.272965,0.296892
1.310000,0.098169,-0.093346,-0.336721,-0.884602,0.272319,0.295153
1.320000,0.097670,-0.092873,-0.335152,-0.885997,0.271676,0.293427
1.330000,0.097174,-0.092402,-0.333589,-0.887384,0.271035,0.291713
1.340000,0.096680,-0.091933,-0.332033,-0.888762,0.270395,0.290013
1.350000,0.096189,-0.091467,-0.330482,-0.890132,0.269758,0.288325
1.360000,0.095700,-0.091003,-0.328938,-0.891495,0.269122,0.286650
1.370000,0.095214,-0.090542,-0.327400,-0.892849,0.268489,0.284988
1.380000,0.094731,-0.090083,-0.325868,-0.894195,0.267857,0.283337
1.390000,0.094250,-0.089626,-0.324342,-0.895534,0.267227,0.281699
1.400000,0.093772,-0.089172,-0.322823,-0.896864,0.266600,0.280073
1.410000,0.093296,-0.088720,-0.321310,-0.898187,0.265974,0.278459
1.420000,0.092823,-0.088271,-0.319802,-0.899502,0.265350,0.276857
1.430000,0.092352,-0.087824,-0.318301,-0.900809,0.264728,0.275266
1.440000,0.091883,-0.087379,-0.316807,-0.902108,0.264107,0.273687
1.450000,0.091417,-0.086937,-0.315318,-0.903400,0.263489,0.272119
1.460000,0.090954,-0.086497,-0.313835,-0.904684,0.262873,0.270563
1.470000,0.090493,-0.086059,-0.312359,-0.905961,0.262258,0.269017
1.480000,0.090034,-0.085623,-0.310888,-0.907229,0.261645,0.267483
1.490000,0.089578,-0.085190,-0.309424,-0.908491,0.261034,0.265960
1.500000,0.089124,-0.084759,-0.307965,-0.909745,0.260425,0.264447
1.510000,0.088672,-0.084330,-0.306513,-0.910991,0.259818,0.262945
1.520000,0.088223,-0.083904,-0.305067,-0.912231,0.259213,0.261454
1.530000,0.087776,-0.083480,-0.303627,-0.913462,0.258609,0.259973
1.540000,0.087332,-0.083057,-0.302193,-0.914687,0.258007,0.258503
1.550000,0.086890,-0.082638,-0.300764,-0.915904,0.257407,0.257043
1.560000,0.086450,-0.082220,-0.299342,-0.917114,0.256809,0.255593
1.570000,0.086012,-0.081804,-0.297926,-0.918317,0.256212,0.254153
1.580000,0.085577,-0.081391,-0.296516,-0.919512,0.255618,0.252723
1.590000,0.085144,-0.080980,-0.295111,-0.920701,0.255025,0.251303
1.600000,0.084713,-0.080570,-0.293713,-0.921882,0.254433,0.249893
1.610000,0.084285,-0.080163,-0.292320,-0.923056,0.253844,0.248492
1.620000,0.083858,-0.079758,-0.290934,-0.924224,0.253256,0.247101
1.630000,0.083434,-0.079356,-0.289553,-0.925384,0.252670,0.245719
1.640000,0.083012,-0.078955,-0.288178,-0.926538,0.252086,0.244347
1.650000,0.082593,-0.078556,-0.286809,-0.927684,0.251503,0.242984
1.660000,0.082175,-0.078160,-0.285446,-0.928824,0.250923,0.241630
1.670000,0.081760,-0.077765,-0.284088,-0.929957,0.250343,0.240285
1.680000,0.081347,-0.077373,-0.282737,-0.931083,0.249766,0.238950
1.690000,0.080936,-0.076982,-0.281391,-0.932202,0.249190,0.237623
1.700000,0.080527,-0.076594,-0.280051,-0.933314,0.248616,0.236305
1.710000,0.080120,-0.076207,-0.278717,-0.934420,0.248044,0.234996
1.720000,0.079715,-0.075823,-0.277388,-0.935520,0.247473,0.233696
1.730000,0.079313,-0.075440,-0.276066,-0.936612,0.246904,0.232404
1.740000,0.078912,-0.075060,-0.274749,-0.937698,0.246336,0.231120
1.750000,0.078514,-0.074681,-0.273437,-0.938778,0.245770,0.229846
1.760000,0.078117,-0.074305,-0.272132,-0.939851,0.245206,0.228579
1.770000,0.077723,-0.073930,-0.270832,-0.940918,0.244644,0.227321
1.780000,0.077331,-0.073557,-0.269537,-0.941978,0.244083,0.226071
1.790000,0.076940,-0.073186,-0.268249,-0.943032,0.243523,0.224829
1.800000,0.076552,-0.072818,-0.266966,-0.944079,0.242965,0.223595
1.810000,0.076166,-0.072451,-0.265688,-0.945120,0.242409,0.222370
1.820000,0.075782,-0.072085,-0.264416,-0.946155,0.241855,0.221152
1.830000,0.075399,-0.071722,-0.263150,-0.947184,0.241302,0.219942
1.840000,0.075019,-0.071361,-0.261889,-0.948206,0.240750,0.218739
1.850000,0.074641,-0.071001,-0.260634,-0.949222,0.240201,0.217545
1.860000,0.074264,-0.070644,-0.259384,-0.950232,0.239652,0.216358
1.870000,0.073890,-0.070288,-0.258140,-0.951236,0.239106,0.215179
1.880000,0.073517,-0.069934,-0.256901,-0.952234,0.238561,0.214007
1.890000,0.073147,-0.069582,-0.255668,-0.953226,0.238017,0.212843
1.900000,0.072778,-0.069231,-0.254440,-0.954212,0.237475,0.211686
1.910000,0.072411,-0.068883,-0.253218,-0.955192,0.236934,0.210536
1.920000,0.072046,-0.068536,-0.252001,-0.956166,0.236395,0.209394
1.930000,0.071683,-0.068191,-0.250789,-0.957134,0.235858,0.208258
1.940000,0.071322,-0.067848,-0.249583,-0.958096,0.235322,0.207130
1.950000,0.070963,-0.067506,-0.248382,-0.959052,0.234788,0.206009
1.960000,0.070605,-0.067167,-0.247187,-0.960003,0.234255,0.204895
1.970000,0.070250,-0.066829,-0.245997,-0.960947,0.233723,0.203788
1.980000,0.069896,-0.066492,-0.244812,-0.961886,0.233193,0.202688
1.990000,0.069544,-0.066158,-0.243632,-0.962819,0.232665,0.201595
2.000000,0.069194,-0.065825,-0.242458,-0.963747,0.232138,0.200508
2.010000,0.068845,-0.065494,-0.241289,-0.964669,0.231612,0.199429
2.020000,0.068499,-0.065164,-0.240125,-0.965585,0.231088,0.198355
2.030000,0.068154,-0.064837,-0.238967,-0.966496,0.230566,0.197289
2.040000,0.067811,-0.064511,-0.237814,-0.967401,0.230044,0.196229
2.050000,0.067470,-0.064186,-0.236665,-0.968301,0.229525,0.195176
2.060000,0.067130,-0.063863,-0.235522,-0.969195,0.229006,0.194129
2.070000,0.066792,-0.063542,-0.234385,-0.970084,0.228490,0.193088
2.080000,0.066456,-0.063223,-0.233252,-0.970967,0.227974,0.192054
2.090000,0.066122,-0.062905,-0.232124,-0.971845,0.227460,0.191026
2.100000,0.065789,-0.062589,-0.231002,-0.972717,0.226948,0.190004
2.110000,0.065458,-0.062274,-0.229885,-0.973584,0.226437,0.188988
2.120000,0.065129,-0.061961,-0.228772,-0.974446,0.225927,0.187979
2.130000,0.064801,-0.061650,-0.227665,-0.975303,0.225418,0.186976
2.140000,0.064476,-0.061340,-0.226563,-0.976154,0.224912,0.185979
2.150000,0.064151,-0.061032,-0.225466,-0.977000,0.224406,0.184987
2.160000,0.063829,-0.060725,-0.224373,-0.977841,0.223902,0.184002
2.170000,0.063508,-0.060420,-0.223286,-0.978677,0.223399,0.183023
2.180000,0.063189,-0.060117,-0.222204,-0.979508,0.222898,0.182049
2.190000,0.062871,-0.059815,-0.221127,-0.980334,0.222398,0.181082
2.200000,0.062555,-0.059514,-0.220054,-0.981154,0.221899,0.180120
2.210000,0.062240,-0.059215,-0.218987,-0.981970,0.221402,0.179163
2.220000,0.061928,-0.058918,-0.217924,-0.982780,0.220906,0.178213
2.230000,0.061616,-0.058622,-0.216866,-0.983586,0.220411,0.177268
2.240000,0.061307,-0.058328,-0.215813,-0.984386,0.219918,0.176329
2.250000,0.060999,-0.058035,-0.214765,-0.985182,0.219426,0.175395
2.260000,0.060692,-0.057743,-0.213722,-0.985973,0.218935,0.174467
2.270000,0.060387,-0.057453,-0.212683,-0.986758,0.218446,0.173544
2.280000,0.060084,-0.057165,-0.211650,-0.987540,0.217958,0.172627
2.290000,0.059782,-0.056878,-0.210621,-0.988316,0.217472,0.171715
2.300000,0.059482,-0.056593,-0.209596,-0.989087,0.216986,0.170809
2.310000,0.059183,-0.056308,-0.208577,-0.989854,0.216502,0.169907
2.320000,0.058886,-0.056026,-0.207562,-0.990616,0.216020,0.169011
2.330000,0.058590,-0.055745,-0.206552,-0.991373,0.215538,0.168121
2.340000,0.058296,-0.055465,-0.205547,-0.992126,0.215058,0.167235
2.350000,0.058003,-0.055187,-0.204546,-0.992874,0.214579,0.166355
2.360000,0.057712,-0.054910,-0.203550,-0.993617,0.214102,0.165479
2.370000,0.057422,-0.054634,-0.202558,-0.994356,0.213625,0.164609
2.380000,0.057134,-0.054360,-0.201571,-0.995090,0.213150,0.163744
2.390000,0.056847,-0.054087,-0.200589,-0.995820,0.212677,0.162884
2.400000,0.056562,-0.053816,-0.199611,-0.996545,0.212204,0.162029
2.410000,0.056278,-0.053546,-0.198638,-0.997266,0.211733,0.161179
2.420000,0.055996,-0.053278,-0.197669,-0.997982,0.211263,0.160333
2.430000,0.055715,-0.053010,-0.196705,-0.998694,0.210794,0.159493
2.440000,0.055435,-0.052744,-0.195745,-0.999401,0.210327,0.158657
2.450000,0.055157,-0.052480,-0.194790,-1.000104,0.209861,0.157826
2.460000,0.054880,-0.052217,-0.193839,-1.000803,0.209396,0.157000
2.470000,0.054605,-0.051955,-0.192893,-1.001497,0.208932,0.156179
2.480000,0.054331,-0.051694,-0.191951,-1.002187,0.208469,0.155362
2.490000,0.054058,-0.051435,-0.191013,-1.002873,0.208008,0.154550
2.500000,0.053787,-0.051177,-0.190080,-1.003555,0.207548,0.153743
2.510000,0.053517,-0.050921,-0.189151,-1.004232,0.207089,0.152940
2.520000,0.053249,-0.050665,-0.188227,-1.004905,0.206632,0.152142
2.530000,0.052982,-0.050412,-0.187307,-1.005574,0.206175,0.151348
2.540000,0.052716,-0.050159,-0.186391,-1.006239,0.205720,0.150559
2.550000,0.052452,-0.049907,-0.185480,-1.006900,0.205266,0.149775
2.560000,0.052189,-0.049657,-0.184572,-1.007556,0.204813,0.148994
2.570000,0.051927,-0.049408,-0.183669,-1.008209,0.204361,0.148218
2.580000,0.051666,-0.049161,-0.182771,-1.008857,0.203911,0.147447
2.590000,0.051407,-0.048914,-0.181876,-1.009502,0.203461,0.146680
2.600000,0.051150,-0.048669,-0.180986,-1.010142,0.203013,0.145917
2.610000,0.050893,-0.048425,-0.180100,-1.010778,0.202566,0.145159
2.620000,0.050638,-0.048183,-0.179218,-1.011411,0.202120,0.144404
2.630000,0.050384,-0.047941,-0.178340,-1.012039,0.201676,0.143654
2.640000,0.050132,-0.047701,-0.177467,-1.012664,0.201232,0.142908
2.650000,0.049880,-0.047462,-0.176597,-1.013285,0.200790,0.142167
2.660000,0.049630,-0.047224,-0.175732,-1.013902,0.200349,0.141429
2.670000,0.049382,-0.046988,-0.174870,-1.014515,0.199909,0.140696
2.680000,0.049134,-0.046752,-0.174013,-1.015124,0.199470,0.139967
2.690000,0.048888,-0.046518,-0.173160,-1.015729,0.199032,0.139241
2.700000,0.048643,-0.046285,-0.172311,-1.016331,0.198595,0.138520
2.710000,0.048399,-0.046053,-0.171466,-1.016929,0.198160,0.137803
2.720000,0.048157,-0.045823,-0.170625,-1.017523,0.197725,0.137090
2.730000,0.047915,-0.045593,-0.169788,-1.018114,0.197292,0.136381
2.740000,0.047675,-0.045365,-0.168954,-1.018700,0.196860,0.135675
2.750000,0.047436,-0.045138,-0.168125,-1.019284,0.196429,0.134974
2.760000,0.047199,-0.044912,-0.167300,-1.019863,0.195999,0.134276
2.770000,0.046962,-0.044687,-0.166479,-1.020439,0.195570,0.133583
2.780000,0.046727,-0.044463,-0.165661,-1.021011,0.195142,0.132893
2.790000,0.046493,-0.044240,-0.164848,-1.021580,0.194715,0.132207
2.800000,0.046260,-0.044019,-0.164038,-1.022145,0.194290,0.131525
2.810000,0.046029,-0.043799,-0.163232,-1.022707,0.193865,0.130846
2.820000,0.045798,-0.043579,-0.162430,-1.023265,0.193442,0.130171
2.830000,0.045569,-0.043361,-0.161632,-1.023820,0.193020,0.129500
2.840000,0.045340,-0.043144,-0.160838,-1.024371,0.192599,0.128833
2.850000,0.045113,-0.042928,-0.160047,-1.024918,0.192178,0.128169
2.860000,0.044887,-0.042713,-0.159260,-1.025463,0.191759,0.127509
2.870000,0.044663,-0.042499,-0.158477,-1.026004,0.191341,0.126853
2.880000,0.044439,-0.042287,-0.157698,-1.026541,0.190924,0.126200
2.890000,0.044216,-0.042075,-0.156922,-1.027075,0.190508,0.125550
2.900000,0.043995,-0.041864,-0.156151,-1.027606,0.190094,0.124905
2.910000,0.043775,-0.041655,-0.155382,-1.028134,0.189680,0.124262
2.920000,0.043556,-0.041446,-0.154618,-1.028658,0.189267,0.123624
2.930000,0.043338,-0.041239,-0.153857,-1.029179,0.188855,0.122988
2.940000,0.043121,-0.041033,-0.153100,-1.029696,0.188445,0.122356
2.950000,0.042905,-0.040827,-0.152346,-1.030211,0.188035,0.121728
2.960000,0.042690,-0.040623,-0.151596,-1.030722,0.187626,0.121103
2.970000,0.042476,-0.040420,-0.150850,-1.031230,0.187219,0.120481
2.980000,0.042264,-0.040217,-0.150107,-1.031735,0.186812,0.119863
2.990000,0.042052,-0.040016,-0.149368,-1.032236,0.186407,0.119248
3.000000,0.041842,-0.039816,-0.148632,-1.032735,0.186002,0.118637
3.010000,0.041632,-0.039617,-0.147900,-1.033230,0.185599,0.118029
3.020000,0.041424,-0.039419,-0.147171,-1.033722,0.185196,0.117424
3.030000,0.041217,-0.039221,-0.146446,-1.034211,0.184795,0.116822
3.040000,0.041010,-0.039025,-0.145725,-1.034697,0.184394,0.116224
3.050000,0.040805,-0.038830,-0.145006,-1.035180,0.183995,0.115628
3.060000,0.040601,-0.038636,-0.144292,-1.035660,0.183596,0.115036
3.070000,0.040398,-0.038442,-0.143580,-1.036137,0.183199,0.114448
3.080000,0.040196,-0.038250,-0.142872,-1.036611,0.182802,0.113862
3.090000,0.039995,-0.038059,-0.142168,-1.037082,0.182407,0.113279
3.100000,0.039794,-0.037868,-0.141467,-1.037550,0.182012,0.112700
3.110000,0.039595,-0.037679,-0.140769,-1.038015,0.181619,0.112124
3.120000,0.039397,-0.037491,-0.140075,-1.038478,0.181226,0.111551
3.130000,0.039200,-0.037303,-0.139384,-1.038937,0.180835,0.110981
3.140000,0.039004,-0.037116,-0.138696,-1.039393,0.180444,0.110413
3.150000,0.038809,-0.036931,-0.138012,-1.039847,0.180055,0.109849
3.160000,0.038615,-0.036746,-0.137331,-1.040297,0.179666,0.109288
3.170000,0.038422,-0.036562,-0.136653,-1.040745,0.179278,0.108730
3.180000,0.038229,-0.036380,-0.135979,-1.041190,0.178892,0.108175
3.190000,0.038038,-0.036198,-0.135308,-1.041632,0.178506,0.107623
3.200000,0.037848,-0.036017,-0.134640,-1.042072,0.178121,0.107074
3.210000,0.037659,-0.035837,-0.133975,-1.042508,0.177737,0.106528
3.220000,0.037470,-0.035657,-0.133313,-1.042942,0.177354,0.105985
3.230000,0.037283,-0.035479,-0.132655,-1.043373,0.176972,0.105444
3.240000,0.037096,-0.035302,-0.132000,-1.043802,0.176591,0.104907
3.250000,0.036911,-0.035125,-0.131348,-1.044228,0.176211,0.104372
3.260000,0.036726,-0.034950,-0.130699,-1.044651,0.175832,0.103840
3.270000,0.036543,-0.034775,-0.130054,-1.045071,0.175454,0.103311
3.280000,0.036360,-0.034601,-0.129411,-1.045489,0.175076,0.102785
3.290000,0.036178,-0.034428,-0.128772,-1.045904,0.174700,0.102262
3.300000,0.035997,-0.034256,-0.128135,-1.046316,0.174324,0.101741
3.310000,0.035817,-0.034085,-0.127502,-1.046726,0.173950,0.101223
3.320000,0.035638,-0.033914,-0.126872,-1.047134,0.173576,0.100708
3.330000,0.035460,-0.033745,-0.126245,-1.047538,0.173204,0.100196
3.340000,0.035283,-0.033576,-0.125621,-1.047940,0.172832,0.099686
3.350000,0.035106,-0.033408,-0.125000,-1.048340,0.172461,0.099179
3.360000,0.034931,-0.033241,-0.124382,-1.048737,0.172091,0.098675
3.370000,0.034756,-0.033075,-0.123767,-1.049132,0.171722,0.098173
3.380000,0.034582,-0.032910,-0.123155,-1.049524,0.171354,0.097674
3.390000,0.034409,-0.032745,-0.122546,-1.049914,0.170986,0.097178
3.400000,0.034237,-0.032582,-0.121940,-1.050301,0.170620,0.096684
3.410000,0.034066,-0.032419,-0.121336,-1.050685,0.170254,0.096193
3.420000,0.033896,-0.032257,-0.120736,-1.051068,0.169890,0.095704
3.430000,0.033726,-0.032095,-0.120139,-1.051448,0.169526,0.095218
3.440000,0.033558,-0.031935,-0.119545,-1.051825,0.169163,0.094735
3.450000,0.033390,-0.031775,-0.118953,-1.052200,0.168801,0.094254
3.460000,0.033223,-0.031617,-0.118365,-1.052573,0.168440,0.093776
3.470000,0.033057,-0.031459,-0.117779,-1.052943,0.168080,0.093300
3.480000,0.032892,-0.031301,-0.117196,-1.053311,0.167721,0.092826
3.490000,0.032728,-0.031145,-0.116616,-1.053677,0.167362,0.092355
3.500000,0.032564,-0.030989,-0.116039,-1.054040,0.167004,0.091887
3.510000,0.032401,-0.030835,-0.115464,-1.054401,0.166648,0.091421
3.520000,0.032239,-0.030680,-0.114893,-1.054760,0.166292,0.090958
3.530000,0.032078,-0.030527,-0.114324,-1.055117,0.165937,0.090496
3.540000,0.031918,-0.030375,-0.113758,-1.055471,0.165583,0.090038
3.550000,0.031758,-0.030223,-0.113195,-1.055823,0.165229,0.089581
3.560000,0.031600,-0.030072,-0.112634,-1.056173,0.164877,0.089128
3.570000,0.031442,-0.029922,-0.112076,-1.056520,0.164525,0.088676
3.580000,0.031285,-0.029772,-0.111521,-1.056866,0.164174,0.088227
3.590000,0.031128,-0.029623,-0.110969,-1.057209,0.163824,0.087780
3.600000,0.030973,-0.029475,-0.110419,-1.057550,0.163475,0.087335
3.610000,0.030818,-0.029328,-0.109872,-1.057889,0.163127,0.086893
3.620000,0.030664,-0.029182,-0.109328,-1.058226,0.162779,0.086453
3.630000,0.030511,-0.029036,-0.108786,-1.058560,0.162433,0.086016
3.640000,0.030358,-0.028891,-0.108247,-1.058893,0.162087,0.085581
3.650000,0.030207,-0.028746,-0.107711,-1.059223,0.161742,0.085148
3.660000,0.030056,-0.028603,-0.107177,-1.059551,0.161398,0.084717
3.670000,0.029905,-0.028460,-0.106646,-1.059877,0.161055,0.084288
3.680000,0.029756,-0.028318,-0.106117,-1.060202,0.160712,0.083862
3.690000,0.029607,-0.028176,-0.105591,-1.060524,0.160370,0.083438
3.700000,0.029459,-0.028035,-0.105068,-1.060844,0.160030,0.083016
3.710000,0.029312,-0.027895,-0.104547,-1.061162,0.159690,0.082596
3.720000,0.029166,-0.027756,-0.104029,-1.061478,0.159350,0.082179
3.730000,0.029020,-0.027617,-0.103513,-1.061792,0.159012,0.081763
3.740000,0.028875,-0.027479,-0.103000,-1.062104,0.158674,0.081350
3.750000,0.028731,-0.027342,-0.102489,-1.062413,0.158337,0.080939
3.760000,0.028587,-0.027206,-0.101981,-1.062722,0.158001,0.080530
3.770000,0.028445,-0.027070,-0.101476,-1.063028,0.157666,0.080123
3.780000,0.028302,-0.026935,-0.100972,-1.063332,0.157332,0.079719
3.790000,0.028161,-0.026800,-0.100472,-1.063634,0.156998,0.079316
3.800000,0.028020,-0.026666,-0.099973,-1.063934,0.156665,0.078915
3.810000,0.027880,-0.026533,-0.099477,-1.064233,0.156333,0.078517
3.820000,0.027741,-0.026400,-0.098984,-1.064529,0.156002,0.078121
3.830000,0.027603,-0.026269,-0.098493,-1.064824,0.155671,0.077726
3.840000,0.027465,-0.026137,-0.098004,-1.065116,0.155341,0.077334
3.850000,0.027327,-0.026007,-0.097518,-1.065407,0.155013,0.076944
3.860000,0.027191,-0.025877,-0.097034,-1.065696,0.154684,0.076555
3.870000,0.027055,-0.025748,-0.096553,-1.065983,0.154357,0.076169
3.880000,0.026920,-0.025619,-0.096074,-1.066269,0.154030,0.075785
3.890000,0.026786,-0.025491,-0.095597,-1.066552,0.153704,0.075403
3.900000,0.026652,-0.025364,-0.095123,-1.066834,0.153379,0.075022
3.910000,0.026519,-0.025237,-0.094651,-1.067114,0.153055,0.074644
3.920000,0.026386,-0.025111,-0.094181,-1.067392,0.152731,0.074267
3.930000,0.026254,-0.024986,-0.093714,-1.067668,0.152409,0.073893
3.940000,0.026123,-0.024861,-0.093249,-1.067943,0.152086,0.073520
3.950000,0.025993,-0.024737,-0.092786,-1.068216,0.151765,0.073150
3.960000,0.025863,-0.024613,-0.092325,-1.068487,0.151445,0.072781
3.970000,0.025734,-0.024490,-0.091867,-1.068756,0.151125,0.072414
3.980000,0.025605,-0.024368,-0.091411,-1.069024,0.150806,0.072049
3.990000,0.025477,-0.024247,-0.090957,-1.069290,0.150487,0.071686
4.000000,0.025350,-0.024125,-0.090506,-1.069554,0.150170,0.071325
4.010000,0.025224,-0.024005,-0.090056,-1.069817,0.149853,0.070966
4.020000,0.025098,-0.023885,-0.089609,-1.070078,0.149537,0.070608
4.030000,0.024972,-0.023766,-0.089164,-1.070337,0.149221,0.070253
4.040000,0.024848,-0.023647,-0.088721,-1.070595,0.148907,0.069899
4.050000,0.024724,-0.023529,-0.088281,-1.070851,0.148593,0.069547
4.060000,0.024600,-0.023412,-0.087842,-1.071105,0.148280,0.069197
4.070000,0.024477,-0.023295,-0.087406,-1.071358,0.147967,0.068848
4.080000,0.024355,-0.023178,-0.086972,-1.071609,0.147656,0.068502
4.090000,0.024233,-0.023063,-0.086540,-1.071859,0.147345,0.068157
4.100000,0.024112,-0.022948,-0.086110,-1.072107,0.147034,0.067814
4.110000,0.023992,-0.022833,-0.085683,-1.072353,0.146725,0.067472
4.120000,0.023872,-0.022719,-0.085257,-1.072598,0.146416,0.067133
4.130000,0.023753,-0.022606,-0.084834,-1.072841,0.146108,0.066795
4.140000,0.023634,-0.022493,-0.084412,-1.073083,0.145800,0.066459
4.150000,0.023516,-0.022380,-0.083993,-1.073323,0.145494,0.066125
4.160000,0.023399,-0.022269,-0.083575,-1.073562,0.145188,0.065792
4.170000,0.023282,-0.022157,-0.083160,-1.073799,0.144883,0.065461
4.180000,0.023166,-0.022047,-0.082747,-1.074034,0.144578,0.065132
4.190000,0.023050,-0.021937,-0.082336,-1.074268,0.144274,0.064804
4.200000,0.022935,-0.021827,-0.081927,-1.074501,0.143971,0.064478
4.210000,0.022821,-0.021718,-0.081520,-1.074732,0.143669,0.064154
4.220000,0.022707,-0.021610,-0.081115,-1.074962,0.143367,0.063831
4.230000,0.022593,-0.021502,-0.080712,-1.075190,0.143066,0.063510
4.240000,0.022481,-0.021395,-0.080311,-1.075417,0.142765,0.063191
4.250000,0.022368,-0.021288,-0.079911,-1.075642,0.142466,0.062873
4.260000,0.022257,-0.021182,-0.079514,-1.075866,0.142167,0.062557
4.270000,0.022146,-0.021076,-0.079119,-1.076088,0.141868,0.062243
4.280000,0.022035,-0.020971,-0.078726,-1.076309,0.141571,0.061930
4.290000,0.021925,-0.020866,-0.078335,-1.076529,0.141274,0.061619
4.300000,0.021816,-0.020762,-0.077945,-1.076747,0.140977,0.061309
4.310000,0.021707,-0.020658,-0.077558,-1.076964,0.140682,0.061001
4.320000,0.021598,-0.020555,-0.077172,-1.077179,0.140387,0.060695
4.330000,0.021490,-0.020452,-0.076789,-1.077393,0.140093,0.060390
4.340000,0.021383,-0.020350,-0.076407,-1.077606,0.139799,0.060086
4.350000,0.021276,-0.020249,-0.076027,-1.077817,0.139506,0.059785
4.360000,0.021170,-0.020148,-0.075649,-1.078027,0.139214,0.059484
4.370000,0.021065,-0.020047,-0.075273,-1.078236,0.138923,0.059186
4.380000,0.020959,-0.019947,-0.074899,-1.078443,0.138632,0.058888
4.390000,0.020855,-0.019848,-0.074526,-1.078649,0.138342,0.058593
4.400000,0.020751,-0.019748,-0.074156,-1.078854,0.138052,0.058298
4.410000,0.020647,-0.019650,-0.073787,-1.079057,0.137763,0.058006
4.420000,0.020544,-0.019552,-0.073420,-1.079259,0.137475,0.057714
4.430000,0.020441,-0.019454,-0.073055,-1.079460,0.137187,0.057425
4.440000,0.020339,-0.019357,-0.072692,-1.079659,0.136900,0.057136
4.450000,0.020238,-0.019260,-0.072330,-1.079857,0.136614,0.056850
4.460000,0.020137,-0.019164,-0.071971,-1.080054,0.136328,0.056564
4.470000,0.020036,-0.019069,-0.071613,-1.080250,0.136044,0.056280
4.480000,0.019936,-0.018974,-0.071256,-1.080444,0.135759,0.055998
4.490000,0.019837,-0.018879,-0.070902,-1.080638,0.135476,0.055717
4.500000,0.019738,-0.018785,-0.070549,-1.080829,0.135193,0.055437
4.510000,0.019639,-0.018691,-0.070199,-1.081020,0.134910,0.055159
4.520000,0.019541,-0.018598,-0.069849,-1.081210,0.134628,0.054882
4.530000,0.019444,-0.018505,-0.069502,-1.081398,0.134347,0.054607
4.540000,0.019347,-0.018412,-0.069156,-1.081585,0.134067,0.054333
4.550000,0.019250,-0.018321,-0.068812,-1.081771,0.133787,0.054060
4.560000,0.019154,-0.018229,-0.068470,-1.081956,0.133508,0.053789
4.570000,0.019058,-0.018138,-0.068129,-1.082139,0.133229,0.053519
4.580000,0.018963,-0.018048,-0.067790,-1.082321,0.132951,0.053251
4.590000,0.018869,-0.017957,-0.067453,-1.082503,0.132674,0.052984
4.600000,0.018774,-0.017868,-0.067118,-1.082683,0.132397,0.052718
4.610000,0.018681,-0.017779,-0.066784,-1.082862,0.132121,0.052454
4.620000,0.018588,-0.017690,-0.066451,-1.083039,0.131846,0.052191
4.630000,0.018495,-0.017602,-0.066121,-1.083216,0.131571,0.051929
4.640000,0.018402,-0.017514,-0.065792,-1.083391,0.131297,0.051669
4.650000,0.018311,-0.017426,-0.065465,-1.083566,0.131023,0.051409
4.660000,0.018219,-0.017339,-0.065139,-1.083739,0.130750,0.051152
4.670000,0.018128,-0.017253,-0.064815,-1.083911,0.130478,0.050895
4.680000,0.018038,-0.017167,-0.064492,-1.084082,0.130206,0.050640
4.690000,0.017948,-0.017081,-0.064171,-1.084252,0.129935,0.050386
4.700000,0.017858,-0.016996,-0.063852,-1.084421,0.129665,0.050134
4.710000,0.017769,-0.016911,-0.063534,-1.084588,0.129395,0.049882
4.720000,0.017680,-0.016827,-0.063218,-1.084755,0.129125,0.049632
4.730000,0.017592,-0.016743,-0.062903,-1.084921,0.128857,0.049384
4.740000,0.017504,-0.016659,-0.062590,-1.085085,0.128589,0.049136
4.750000,0.017417,-0.016576,-0.062279,-1.085249,0.128321,0.048890
4.760000,0.017330,-0.016493,-0.061969,-1.085411,0.128054,0.048645
4.770000,0.017244,-0.016411,-0.061661,-1.085573,0.127788,0.048401
4.780000,0.017158,-0.016329,-0.061354,-1.085733,0.127522,0.048159
4.790000,0.017072,-0.016248,-0.061048,-1.085892,0.127257,0.047917
4.800000,0.016987,-0.016167,-0.060744,-1.086051,0.126993,0.047677
4.810000,0.016902,-0.016086,-0.060442,-1.086208,0.126729,0.047438
4.820000,0.016818,-0.016006,-0.060141,-1.086364,0.126466,0.047201
4.830000,0.016734,-0.015926,-0.059842,-1.086520,0.126203,0.046964
4.840000,0.016650,-0.015846,-0.059544,-1.086674,0.125941,0.046729
4.850000,0.016567,-0.015767,-0.059248,-1.086827,0.125679,0.046495
4.860000,0.016484,-0.015689,-0.058953,-1.086979,0.125418,0.046262
4.870000,0.016402,-0.015610,-0.058659,-1.087131,0.125158,0.046030
4.880000,0.016320,-0.015532,-0.058367,-1.087281,0.124898,0.045800
4.890000,0.016239,-0.015455,-0.058077,-1.087431,0.124639,0.045570
4.900000,0.016158,-0.015378,-0.057788,-1.087579,0.124380,0.045342
4.910000,0.016077,-0.015301,-0.057500,-1.087727,0.124122,0.045115
4.920000,0.015997,-0.015225,-0.057214,-1.087873,0.123865,0.044889
4.930000,0.015917,-0.015149,-0.056929,-1.088019,0.123608,0.044664
4.940000,0.015838,-0.015073,-0.056645,-1.088164,0.123351,0.044441
4.950000,0.015759,-0.014998,-0.056363,-1.088307,0.123096,0.044218
4.960000,0.015680,-0.014923,-0.056083,-1.088450,0.122840,0.043997
4.970000,0.015602,-0.014849,-0.055803,-1.088592,0.122586,0.043777
4.980000,0.015524,-0.014775,-0.055526,-1.088733,0.122332,0.043557
4.990000,0.015447,-0.014701,-0.055249,-1.088873,0.122078,0.043339
5.000000,0.015369,-0.014627,-0.054974,-1.089013,0.121825,0.043122
5.010000,0.015293,-0.014554,-0.054700,-1.089151,0.121573,0.042907
5.020000,0.015216,-0.014482,-0.054428,-1.089288,0.121321,0.042692
5.030000,0.015141,-0.014410,-0.054157,-1.089425,0.121070,0.042478
5.040000,0.015065,-0.014338,-0.053887,-1.089561,0.120819,0.042265
5.050000,0.014990,-0.014266,-0.053619,-1.089695,0.120569,0.042054
5.060000,0.014915,-0.014195,-0.053352,-1.089829,0.120319,0.041843
5.070000,0.014841,-0.014124,-0.053086,-1.089962,0.120070,0.041634
5.080000,0.014767,-0.014054,-0.052822,-1.090095,0.119822,0.041426
5.090000,0.014693,-0.013984,-0.052559,-1.090226,0.119574,0.041218
5.100000,0.014620,-0.013914,-0.052297,-1.090357,0.119326,0.041012
5.110000,0.014547,-0.013844,-0.052037,-1.090486,0.119079,0.040807
5.120000,0.014474,-0.013775,-0.051778,-1.090615,0.118833,0.040603
5.130000,0.014402,-0.013707,-0.051520,-1.090743,0.118587,0.040399
5.140000,0.014330,-0.013638,-0.051263,-1.090870,0.118342,0.040197
5.150000,0.014258,-0.013570,-0.051008,-1.090997,0.118097,0.039996
5.160000,0.014187,-0.013502,-0.050754,-1.091123,0.117853,0.039796
5.170000,0.014117,-0.013435,-0.050501,-1.091247,0.117610,0.039597
5.180000,0.014046,-0.013368,-0.050250,-1.091371,0.117367,0.039399
5.190000,0.013976,-0.013301,-0.049999,-1.091495,0.117124,0.039202
5.200000,0.013906,-0.013235,-0.049750,-1.091617,0.116882,0.039006
5.210000,0.013837,-0.013169,-0.049502,-1.091739,0.116641,0.038811
5.220000,0.013768,-0.013103,-0.049256,-1.091859,0.116400,0.038616
5.230000,0.013699,-0.013038,-0.049011,-1.091979,0.116159,0.038423
5.240000,0.013631,-0.012973,-0.048766,-1.092099,0.115919,0.038231
5.250000,0.013563,-0.012908,-0.048524,-1.092217,0.115680,0.038040
5.260000,0.013495,-0.012844,-0.048282,-1.092335,0.115441,0.037849
5.270000,0.013428,-0.012780,-0.048041,-1.092452,0.115203,0.037660
5.280000,0.013361,-0.012716,-0.047802,-1.092568,0.114965,0.037472
5.290000,0.013294,-0.012652,-0.047564,-1.092684,0.114728,0.037284
5.300000,0.013228,-0.012589,-0.047327,-1.092799,0.114491,0.037098
5.310000,0.013162,-0.012526,-0.047091,-1.092913,0.114255,0.036912
5.320000,0.013096,-0.012464,-0.046857,-1.093026,0.114019,0.036728
5.330000,0.013031,-0.012402,-0.046623,-1.093139,0.113784,0.036544
5.340000,0.012966,-0.012340,-0.046391,-1.093251,0.113549,0.036361
5.350000,0.012901,-0.012278,-0.046160,-1.093362,0.113315,0.036180
5.360000,0.012837,-0.012217,-0.045930,-1.093472,0.113082,0.035999
5.370000,0.012773,-0.012156,-0.045701,-1.093582,0.112849,0.035819
5.380000,0.012709,-0.012095,-0.045473,-1.093691,0.112616,0.035640
5.390000,0.012646,-0.012035,-0.045247,-1.093799,0.112384,0.035461
5.400000,0.012582,-0.011975,-0.045022,-1.093907,0.112152,0.035284
5.410000,0.012520,-0.011915,-0.044797,-1.094014,0.111921,0.035108
5.420000,0.012457,-0.011856,-0.044574,-1.094120,0.111691,0.034932
5.430000,0.012395,-0.011797,-0.044352,-1.094226,0.111461,0.034757
5.440000,0.012333,-0.011738,-0.044131,-1.094330,0.111231,0.034584
5.450000,0.012272,-0.011679,-0.043911,-1.094435,0.111002,0.034411
5.460000,0.012210,-0.011621,-0.043692,-1.094538,0.110773,0.034239
5.470000,0.012150,-0.011563,-0.043475,-1.094641,0.110545,0.034068
5.480000,0.012089,-0.011505,-0.043258,-1.094743,0.110318,0.033897
5.490000,0.012029,-0.011448,-0.043043,-1.094845,0.110091,0.033728
5.500000,0.011969,-0.011391,-0.042828,-1.094946,0.109864,0.033559
5.510000,0.011909,-0.011334,-0.042615,-1.095046,0.109638,0.033391
5.520000,0.011850,-0.011278,-0.042402,-1.095146,0.109412,0.033225
5.530000,0.011790,-0.011221,-0.042191,-1.095245,0.109187,0.033058
5.540000,0.011732,-0.011165,-0.041981,-1.095343,0.108963,0.032893
5.550000,0.011673,-0.011110,-0.041772,-1.095441,0.108738,0.032729
5.560000,0.011615,-0.011054,-0.041564,-1.095538,0.108515,0.032565
5.570000,0.011557,-0.010999,-0.041356,-1.095634,0.108292,0.032403
5.580000,0.011499,-0.010944,-0.041150,-1.095730,0.108069,0.032241
5.590000,0.011442,-0.010890,-0.040945,-1.095825,0.107847,0.032079
5.600000,0.011385,-0.010835,-0.040741,-1.095920,0.107625,0.031919
5.610000,0.011328,-0.010781,-0.040538,-1.096014,0.107404,0.031760
5.620000,0.011271,-0.010727,-0.040336,-1.096107,0.107183,0.031601
5.630000,0.011215,-0.010674,-0.040135,-1.096200,0.106963,0.031443
5.640000,0.011159,-0.010621,-0.039935,-1.096292,0.106743,0.031286
5.650000,0.011104,-0.010568,-0.039736,-1.096384,0.106524,0.031129
5.660000,0.011048,-0.010515,-0.039538,-1.096475,0.106305,0.030974
5.670000,0.010993,-0.010462,-0.039341,-1.096565,0.106086,0.030819
5.680000,0.010938,-0.010410,-0.039145,-1.096655,0.105868,0.030665
5.690000,0.010884,-0.010358,-0.038950,-1.096744,0.105651,0.030512
5.700000,0.010829,-0.010307,-0.038756,-1.096833,0.105434,0.030359
5.710000,0.010775,-0.010255,-0.038563,-1.096921,0.105218,0.030208
5.720000,0.010722,-0.010204,-0.038371,-1.097009,0.105002,0.030057
5.730000,0.010668,-0.010153,-0.038180,-1.097096,0.104786,0.029907
5.740000,0.010615,-0.010103,-0.037989,-1.097182,0.104571,0.029757
5.750000,0.010562,-0.010052,-0.037800,-1.097268,0.104356,0.029609
5.760000,0.010509,-0.010002,-0.037612,-1.097353,0.104142,0.029461
5.770000,0.010457,-0.009952,-0.037424,-1.097438,0.103929,0.029313
5.780000,0.010405,-0.009902,-0.037238,-1.097522,0.103715,0.029167
5.790000,0.010353,-0.009853,-0.037052,-1.097606,0.103503,0.029021
5.800000,0.010301,-0.009804,-0.036867,-1.097689,0.103290,0.028876
5.810000,0.010250,-0.009755,-0.036684,-1.097772,0.103078,0.028732
5.820000,0.010199,-0.009706,-0.036501,-1.097854,0.102867,0.028588
5.830000,0.010148,-0.009658,-0.036319,-1.097936,0.102656,0.028446
5.840000,0.010097,-0.009610,-0.036138,-1.098017,0.102446,0.028304
5.850000,0.010047,-0.009562,-0.035958,-1.098097,0.102236,0.028162
5.860000,0.009997,-0.009514,-0.035779,-1.098177,0.102026,0.028021
5.870000,0.009947,-0.009467,-0.035600,-1.098257,0.101817,0.027882
5.880000,0.009897,-0.009419,-0.035423,-1.098336,0.101608,0.027742
5.890000,0.009848,-0.009372,-0.035246,-1.098414,0.101400,0.027604
5.900000,0.009799,-0.009326,-0.035071,-1.098492,0.101192,0.027466
5.910000,0.009750,-0.009279,-0.034896,-1.098570,0.100985,0.027329
5.920000,0.009701,-0.009233,-0.034722,-1.098647,0.100778,0.027192
5.930000,0.009653,-0.009187,-0.034549,-1.098723,0.100571,0.027056
5.940000,0.009605,-0.009141,-0.034377,-1.098799,0.100365,0.026921
5.950000,0.009557,-0.009095,-0.034205,-1.098874,0.100160,0.026787
5.960000,0.009509,-0.009050,-0.034035,-1.098949,0.099955,0.026653
5.970000,0.009462,-0.009005,-0.033865,-1.099024,0.099750,0.026520
5.980000,0.009414,-0.008960,-0.033696,-1.099098,0.099546,0.026387
5.990000,0.009367,-0.008915,-0.033528,-1.099172,0.099342,0.026256
6.000000,0.009321,-0.008871,-0.033361,-1.099245,0.099139,0.026124
6.010000,0.009274,-0.008827,-0.033195,-1.099317,0.098936,0.025994
6.020000,0.009228,-0.008783,-0.033030,-1.099389,0.098733,0.025864
6.030000,0.009182,-0.008739,-0.032865,-1.099461,0.098531,0.025735
6.040000,0.009136,-0.008695,-0.032701,-1.099532,0.098330,0.025606
6.050000,0.009090,-0.008652,-0.032538,-1.099603,0.098128,0.025479
6.060000,0.009045,-0.008609,-0.032376,-1.099673,0.097928,0.025351
6.070000,0.009000,-0.008566,-0.032215,-1.099743,0.097727,0.025225
6.080000,0.008955,-0.008523,-0.032054,-1.099813,0.097527,0.025099
6.090000,0.008910,-0.008480,-0.031894,-1.099882,0.097328,0.024973
6.100000,0.008866,-0.008438,-0.031735,-1.099950,0.097129,0.024849
6.110000,0.008822,-0.008396,-0.031577,-1.100018,0.096930,0.024725
6.120000,0.008778,-0.008354,-0.031420,-1.100086,0.096732,0.024601
6.130000,0.008734,-0.008312,-0.031263,-1.100153,0.096534,0.024478
6.140000,0.008690,-0.008271,-0.031107,-1.100220,0.096337,0.024356
6.150000,0.008647,-0.008230,-0.030952,-1.100286,0.096140,0.024234
6.160000,0.008604,-0.008189,-0.030798,-1.100352,0.095944,0.024113
6.170000,0.008561,-0.008148,-0.030644,-1.100418,0.095747,0.023993
6.180000,0.008518,-0.008107,-0.030491,-1.100483,0.095552,0.023873
6.190000,0.008476,-0.008067,-0.030339,-1.100547,0.095357,0.023754
6.200000,0.008434,-0.008027,-0.030188,-1.100612,0.095162,0.023635
6.210000,0.008391,-0.007986,-0.030038,-1.100675,0.094967,0.023517
6.220000,0.008350,-0.007947,-0.029888,-1.100739,0.094773,0.023400
6.230000,0.008308,-0.007907,-0.029739,-1.100802,0.094580,0.023283
6.240000,0.008267,-0.007868,-0.029591,-1.100864,0.094387,0.023167
6.250000,0.008225,-0.007828,-0.029443,-1.100927,0.094194,0.023051
6.260000,0.008184,-0.007789,-0.029296,-1.100988,0.094001,0.022936
6.270000,0.008143,-0.007750,-0.029150,-1.101050,0.093809,0.022822
6.280000,0.008103,-0.007712,-0.029005,-1.101111,0.093618,0.022708
6.290000,0.008062,-0.007673,-0.028861,-1.101172,0.093427,0.022594
6.300000,0.008022,-0.007635,-0.028717,-1.101232,0.093236,0.022481
6.310000,0.007982,-0.007597,-0.028573,-1.101292,0.093046,0.022369
6.320000,0.007942,-0.007559,-0.028431,-1.101351,0.092856,0.022258
6.330000,0.007903,-0.007521,-0.028289,-1.101410,0.092666,0.022146
6.340000,0.007863,-0.007484,-0.028148,-1.101469,0.092477,0.022036
6.350000,0.007824,-0.007446,-0.028008,-1.101527,0.092289,0.021926
6.360000,0.007785,-0.007409,-0.027868,-1.101585,0.092100,0.021816
6.370000,0.007746,-0.007372,-0.027729,-1.101643,0.091912,0.021707
6.380000,0.007708,-0.007336,-0.027591,-1.101700,0.091725,0.021599
6.390000,0.007669,-0.007299,-0.027454,-1.101757,0.091538,0.021491
6.400000,0.007631,-0.007263,-0.027317,-1.101813,0.091351,0.021384
6.410000,0.007593,-0.007226,-0.027181,-1.101869,0.091165,0.021277
6.420000,0.007555,-0.007190,-0.027045,-1.101925,0.090979,0.021171
6.430000,0.007517,-0.007154,-0.026910,-1.101980,0.090793,0.021065
6.440000,0.007480,-0.007119,-0.026776,-1.102035,0.090608,0.020960
6.450000,0.007442,-0.007083,-0.026643,-1.102090,0.090423,0.020856
6.460000,0.007405,-0.007048,-0.026510,-1.102144,0.090239,0.020751
6.470000,0.007368,-0.007013,-0.026378,-1.102198,0.090055,0.020648
6.480000,0.007332,-0.006978,-0.026246,-1.102252,0.089872,0.020545
6.490000,0.007295,-0.006943,-0.026115,-1.102305,0.089688,0.020442
6.500000,0.007259,-0.006908,-0.025985,-1.102358,0.089506,0.020340
6.510000,0.007222,-0.006874,-0.025855,-1.102411,0.089323,0.020239
6.520000,0.007186,-0.006840,-0.025727,-1.102463,0.089141,0.020138
6.530000,0.007151,-0.006806,-0.025598,-1.102515,0.088960,0.020037
6.540000,0.007115,-0.006772,-0.025471,-1.102566,0.088778,0.019937
6.550000,0.007079,-0.006738,-0.025344,-1.102617,0.088597,0.019838
6.560000,0.007044,-0.006704,-0.025217,-1.102668,0.088417,0.019739
6.570000,0.007009,-0.006671,-0.025092,-1.102719,0.088237,0.019640
6.580000,0.006974,-0.006637,-0.024966,-1.102769,0.088057,0.019542
6.590000,0.006939,-0.006604,-0.024842,-1.102819,0.087878,0.019445
6.600000,0.006905,-0.006571,-0.024718,-1.102869,0.087699,0.019347
6.610000,0.006870,-0.006539,-0.024595,-1.102918,0.087520,0.019251
6.620000,0.006836,-0.006506,-0.024472,-1.102967,0.087342,0.019155
6.630000,0.006802,-0.006474,-0.024350,-1.103016,0.087164,0.019059
6.640000,0.006768,-0.006441,-0.024229,-1.103064,0.086987,0.018964
6.650000,0.006734,-0.006409,-0.024108,-1.103112,0.086810,0.018869
6.660000,0.006701,-0.006377,-0.023988,-1.103160,0.086633,0.018775
6.670000,0.006667,-0.006345,-0.023868,-1.103207,0.086457,0.018682
6.680000,0.006634,-0.006314,-0.023749,-1.103254,0.086281,0.018588
6.690000,0.006601,-0.006282,-0.023631,-1.103301,0.086105,0.018496
6.700000,0.006568,-0.006251,-0.023513,-1.103348,0.085930,0.018403
6.710000,0.006535,-0.006220,-0.023396,-1.103394,0.085755,0.018311
6.720000,0.006503,-0.006189,-0.023279,-1.103440,0.085581,0.018220
6.730000,0.006470,-0.006158,-0.023163,-1.103485,0.085407,0.018129
6.740000,0.006438,-0.006127,-0.023048,-1.103531,0.085233,0.018039
6.750000,0.006406,-0.006097,-0.022933,-1.103576,0.085059,0.017949
6.760000,0.006374,-0.006066,-0.022818,-1.103620,0.084886,0.017859
6.770000,0.006342,-0.006036,-0.022705,-1.103665,0.084714,0.017770
6.780000,0.006310,-0.006006,-0.022591,-1.103709,0.084542,0.017681
6.790000,0.006279,-0.005976,-0.022479,-1.103753,0.084370,0.017593
6.800000,0.006248,-0.005946,-0.022367,-1.103797,0.084198,0.017505
6.810000,0.006216,-0.005916,-0.022255,-1.103840,0.084027,0.017418
6.820000,0.006185,-0.005887,-0.022144,-1.103883,0.083856,0.017331
6.830000,0.006155,-0.005857,-0.022034,-1.103926,0.083686,0.017244
6.840000,0.006124,-0.005828,-0.021924,-1.103968,0.083515,0.017158
6.850000,0.006093,-0.005799,-0.021814,-1.104010,0.083346,0.017073
6.860000,0.006063,-0.005770,-0.021706,-1.104052,0.083176,0.016987
6.870000,0.006033,-0.005741,-0.021597,-1.104094,0.083007,0.016903
6.880000,0.006003,-0.005713,-0.021490,-1.104135,0.082839,0.016818
6.890000,0.005973,-0.005684,-0.021383,-1.104176,0.082670,0.016734
6.900000,0.005943,-0.005656,-0.021276,-1.104217,0.082502,0.016651
6.910000,0.005913,-0.005628,-0.021170,-1.104258,0.082335,0.016568
6.920000,0.005884,-0.005600,-0.021064,-1.104298,0.082167,0.016485
6.930000,0.005854,-0.005572,-0.020959,-1.104338,0.082000,0.016403
6.940000,0.005825,-0.005544,-0.020855,-1.104378,0.081834,0.016321
6.950000,0.005796,-0.005516,-0.020751,-1.104418,0.081668,0.016240
6.960000,0.005767,-0.005489,-0.020647,-1.104457,0.081502,0.016159
6.970000,0.005738,-0.005461,-0.020544,-1.104496,0.081336,0.016078
6.980000,0.005710,-0.005434,-0.020442,-1.104535,0.081171,0.015998
6.990000,0.005681,-0.005407,-0.020340,-1.104573,0.081006,0.015918
7.000000,0.005653,-0.005380,-0.020239,-1.104612,0.080842,0.015838
7.010000,0.005625,-0.005353,-0.020138,-1.104650,0.080677,0.015759
7.020000,0.005597,-0.005327,-0.020037,-1.104688,0.080514,0.015681
7.030000,0.005569,-0.005300,-0.019937,-1.104725,0.080350,0.015602
7.040000,0.005541,-0.005274,-0.019838,-1.104763,0.080187,0.015525
7.050000,0.005513,-0.005247,-0.019739,-1.104800,0.080024,0.015447
7.060000,0.005486,-0.005221,-0.019641,-1.104836,0.079862,0.015370
7.070000,0.005459,-0.005195,-0.019543,-1.104873,0.079700,0.015293
7.080000,0.005431,-0.005169,-0.019445,-1.104909,0.079538,0.015217
7.090000,0.005404,-0.005143,-0.019348,-1.104946,0.079377,0.015141
7.100000,0.005377,-0.005118,-0.019252,-1.104982,0.079215,0.015066
7.110000,0.005350,-0.005092,-0.019156,-1.105017,0.079055,0.014990
7.120000,0.005324,-0.005067,-0.019060,-1.105053,0.078894,0.014916
7.130000,0.005297,-0.005042,-0.018965,-1.105088,0.078734,0.014841
7.140000,0.005271,-0.005016,-0.018871,-1.105123,0.078575,0.014767
7.150000,0.005244,-0.004991,-0.018777,-1.105158,0.078415,0.014693
7.160000,0.005218,-0.004966,-0.018683,-1.105192,0.078256,0.014620
7.170000,0.005192,-0.004942,-0.018590,-1.105226,0.078097,0.014547
7.180000,0.005166,-0.004917,-0.018497,-1.105261,0.077939,0.014475
7.190000,0.005141,-0.004893,-0.018405,-1.105294,0.077781,0.014402
7.200000,0.005115,-0.004868,-0.018313,-1.105328,0.077623,0.014331
7.210000,0.005089,-0.004844,-0.018222,-1.105362,0.077466,0.014259
7.220000,0.005064,-0.004820,-0.018131,-1.105395,0.077309,0.014188
7.230000,0.005039,-0.004796,-0.018040,-1.105428,0.077152,0.014117
7.240000,0.005014,-0.004772,-0.017950,-1.105461,0.076995,0.014047
7.250000,0.004989,-0.004748,-0.017861,-1.105493,0.076839,0.013977
7.260000,0.004964,-0.004724,-0.017772,-1.105526,0.076683,0.013907
7.270000,0.004939,-0.004701,-0.017683,-1.105558,0.076528,0.013837
7.280000,0.004914,-0.004677,-0.017595,-1.105590,0.076373,0.013768
7.290000,0.004890,-0.004654,-0.017507,-1.105621,0.076218,0.013700
7.300000,0.004866,-0.004631,-0.017420,-1.105653,0.076064,0.013631
7.310000,0.004841,-0.004608,-0.017333,-1.105684,0.075909,0.013563
7.320000,0.004817,-0.004585,-0.017247,-1.105715,0.075756,0.013496
7.330000,0.004793,-0.004562,-0.017161,-1.105746,0.075602,0.013428
7.340000,0.004769,-0.004539,-0.017075,-1.105777,0.075449,0.013361
7.350000,0.004745,-0.004516,-0.016990,-1.105808,0.075296,0.013295
7.360000,0.004722,-0.004494,-0.016905,-1.105838,0.075143,0.013228
7.370000,0.004698,-0.004471,-0.016821,-1.105868,0.074991,0.013162
7.380000,0.004675,-0.004449,-0.016737,-1.105898,0.074839,0.013097
7.390000,0.004651,-0.004427,-0.016654,-1.105928,0.074688,0.013031
7.400000,0.004628,-0.004405,-0.016571,-1.105958,0.074536,0.012966
7.410000,0.004605,-0.004383,-0.016488,-1.105987,0.074385,0.012902
7.420000,0.004582,-0.004361,-0.016406,-1.106016,0.074235,0.012837
7.430000,0.004559,-0.004339,-0.016324,-1.106045,0.074084,0.012773
7.440000,0.004537,-0.004318,-0.016243,-1.106074,0.073934,0.012709
7.450000,0.004514,-0.004296,-0.016162,-1.106103,0.073785,0.012646
7.460000,0.004491,-0.004275,-0.016081,-1.106131,0.073635,0.012583
7.470000,0.004469,-0.004253,-0.016001,-1.106159,0.073486,0.012520
7.480000,0.004447,-0.004232,-0.015921,-1.106187,0.073337,0.012458
7.490000,0.004425,-0.004211,-0.015842,-1.106215,0.073189,0.012396
7.500000,0.004402,-0.004190,-0.015763,-1.106243,0.073041,0.012334
7.510000,0.004381,-0.004169,-0.015684,-1.106271,0.072893,0.012272
7.520000,0.004359,-0.004148,-0.015606,-1.106298,0.072745,0.012211
7.530000,0.004337,-0.004128,-0.015528,-1.106325,0.072598,0.012150
7.540000,0.004315,-0.004107,-0.015450,-1.106352,0.072451,0.012089
7.550000,0.004294,-0.004087,-0.015373,-1.106379,0.072304,0.012029
7.560000,0.004272,-0.004066,-0.015297,-1.106406,0.072158,0.011969
7.570000,0.004251,-0.004046,-0.015220,-1.106432,0.072012,0.011909
7.580000,0.004230,-0.004026,-0.015145,-1.106458,0.071866,0.011850
7.590000,0.004209,-0.004006,-0.015069,-1.106485,0.071721,0.011791
7.600000,0.004188,-0.003986,-0.014994,-1.106511,0.071576,0.011732
7.610000,0.004167,-0.003966,-0.014919,-1.106536,0.071431,0.011674
7.620000,0.004146,-0.003946,-0.014845,-1.106562,0.071286,0.011615
7.630000,0.004125,-0.003926,-0.014771,-1.106587,0.071142,0.011557
7.640000,0.004105,-0.003907,-0.014697,-1.106613,0.070998,0.011500
7.650000,0.004084,-0.003887,-0.014624,-1.106638,0.070854,0.011442
7.660000,0.004064,-0.003868,-0.014551,-1.106663,0.070711,0.011385
7.670000,0.004044,-0.003849,-0.014478,-1.106688,0.070568,0.011328
7.680000,0.004024,-0.003829,-0.014406,-1.106712,0.070425,0.011272
7.690000,0.004003,-0.003810,-0.014334,-1.106737,0.070283,0.011216
7.700000,0.003984,-0.003791,-0.014263,-1.106761,0.070141,0.011160
7.710000,0.003964,-0.003772,-0.014192,-1.106786,0.069999,0.011104
7.720000,0.003944,-0.003754,-0.014121,-1.106810,0.069857,0.011049
7.730000,0.003924,-0.003735,-0.014050,-1.106833,0.069716,0.010994
7.740000,0.003905,-0.003716,-0.013980,-1.106857,0.069575,0.010939
7.750000,0.003885,-0.003698,-0.013911,-1.106881,0.069434,0.010884
7.760000,0.003866,-0.003679,-0.013841,-1.106904,0.069294,0.010830
7.770000,0.003846,-0.003661,-0.013772,-1.106927,0.069154,0.010776
7.780000,0.003827,-0.003643,-0.013704,-1.106951,0.069014,0.010722
7.790000,0.003808,-0.003624,-0.013635,-1.106974,0.068874,0.010669
7.800000,0.003789,-0.003606,-0.013567,-1.106996,0.068735,0.010615
7.810000,0.003770,-0.003588,-0.013500,-1.107019,0.068596,0.010562
7.820000,0.003752,-0.003570,-0.013432,-1.107042,0.068458,0.010510
7.830000,0.003733,-0.003553,-0.013365,-1.107064,0.068319,0.010457
7.840000,0.003714,-0.003535,-0.013299,-1.107086,0.068181,0.010405
7.850000,0.003696,-0.003517,-0.013232,-1.107108,0.068043,0.010353
7.860000,0.003677,-0.003500,-0.013166,-1.107130,0.067906,0.010302
7.870000,0.003659,-0.003482,-0.013101,-1.107152,0.067769,0.010250
7.880000,0.003641,-0.003465,-0.013035,-1.107174,0.067632,0.010199
7.890000,0.003622,-0.003448,-0.012970,-1.107195,0.067495,0.010148
7.900000,0.003604,-0.003430,-0.012906,-1.107217,0.067359,0.010098
7.910000,0.003586,-0.003413,-0.012841,-1.107238,0.067222,0.010047
7.920000,0.003569,-0.003396,-0.012777,-1.107259,0.067087,0.009997
7.930000,0.003551,-0.003379,-0.012713,-1.107280,0.066951,0.009947
7.940000,0.003533,-0.003363,-0.012650,-1.107301,0.066816,0.009898
7.950000,0.003515,-0.003346,-0.012587,-1.107322,0.066681,0.009848
7.960000,0.003498,-0.003329,-0.012524,-1.107342,0.066546,0.009799
7.970000,0.003480,-0.003312,-0.012462,-1.107363,0.066412,0.009750
7.980000,0.003463,-0.003296,-0.012400,-1.107383,0.066278,0.009701
7.990000,0.003446,-0.003280,-0.012338,-1.107403,0.066144,0.009653
8.000000,0.003429,-0.003263,-0.012276,-1.107423,0.066010,0.009605
8.010000,0.003412,-0.003247,-0.012215,-1.107443,0.065877,0.009557
8.020000,0.003395,-0.003231,-0.012154,-1.107463,0.065744,0.009509
8.030000,0.003378,-0.003215,-0.012093,-1.107483,0.065611,0.009462
8.040000,0.003361,-0.003199,-0.012033,-1.107502,0.065478,0.009415
8.050000,0.003344,-0.003183,-0.011973,-1.107522,0.065346,0.009368
8.060000,0.003327,-0.003167,-0.011913,-1.107541,0.065214,0.009321
8.070000,0.003311,-0.003151,-0.011854,-1.107560,0.065083,0.009275
8.080000,0.003294,-0.003135,-0.011795,-1.107579,0.064951,0.009228
8.090000,0.003278,-0.003120,-0.011736,-1.107598,0.064820,0.009182
8.100000,0.003261,-0.003104,-0.011678,-1.107617,0.064689,0.009136
8.110000,0.003245,-0.003089,-0.011619,-1.107636,0.064559,0.009091
8.120000,0.003229,-0.003073,-0.011561,-1.107654,0.064428,0.009046
8.130000,0.003213,-0.003058,-0.011504,-1.107673,0.064298,0.009000
8.140000,0.003197,-0.003043,-0.011446,-1.107691,0.064168,0.008955
8.150000,0.003181,-0.003027,-0.011389,-1.107709,0.064039,0.008911
8.160000,0.003165,-0.003012,-0.011332,-1.107727,0.063910,0.008866
8.170000,0.003149,-0.002997,-0.011276,-1.107745,0.063781,0.008822
8.180000,0.003134,-0.002982,-0.011220,-1.107763,0.063652,0.008778
8.190000,0.003118,-0.002967,-0.011164,-1.107781,0.063524,0.008734
8.200000,0.003102,-0.002953,-0.011108,-1.107798,0.063395,0.008691
8.210000,0.003087,-0.002938,-0.011053,-1.107816,0.063267,0.008647
8.220000,0.003071,-0.002923,-0.010998,-1.107833,0.063140,0.008604
8.230000,0.003056,-0.002909,-0.010943,-1.107851,0.063012,0.008561
8.240000,0.003041,-0.002894,-0.010888,-1.107868,0.062885,0.008519
8.250000,0.003026,-0.002880,-0.010834,-1.107885,0.062758,0.008476
8.260000,0.003011,-0.002865,-0.010780,-1.107902,0.062632,0.008434
8.270000,0.002996,-0.002851,-0.010726,-1.107919,0.062505,0.008392
8.280000,0.002981,-0.002837,-0.010673,-1.107935,0.062379,0.008350
8.290000,0.002966,-0.002823,-0.010619,-1.107952,0.062253,0.008308
8.300000,0.002951,-0.002809,-0.010566,-1.107968,0.062128,0.008267
8.310000,0.002936,-0.002795,-0.010514,-1.107985,0.062002,0.008226
8.320000,0.002922,-0.002781,-0.010461,-1.108001,0.061877,0.008185
8.330000,0.002907,-0.002767,-0.010409,-1.108017,0.061753,0.008144
8.340000,0.002893,-0.002753,-0.010357,-1.108033,0.061628,0.008103
8.350000,0.002878,-0.002739,-0.010305,-1.108049,0.061504,0.008063
8.360000,0.002864,-0.002726,-0.010254,-1.108065,0.061380,0.008023
8.370000,0.002850,-0.002712,-0.010203,-1.108081,0.061256,0.007982
8.380000,0.002835,-0.002698,-0.010152,-1.108097,0.061132,0.007943
8.390000,0.002821,-0.002685,-0.010101,-1.108112,0.061009,0.007903
8.400000,0.002807,-0.002672,-0.010051,-1.108128,0.060886,0.007864
8.410000,0.002793,-0.002658,-0.010001,-1.108143,0.060763,0.007824
8.420000,0.002779,-0.002645,-0.009951,-1.108159,0.060641,0.007785
8.430000,0.002765,-0.002632,-0.009901,-1.108174,0.060518,0.007747
8.440000,0.002752,-0.002619,-0.009852,-1.108189,0.060396,0.007708
8.450000,0.002738,-0.002606,-0.009803,-1.108204,0.060275,0.007669
8.460000,0.002724,-0.002593,-0.009754,-1.108219,0.060153,0.007631
8.470000,0.002711,-0.002580,-0.009705,-1.108234,0.060032,0.007593
8.480000,0.002697,-0.002567,-0.009657,-1.108248,0.059911,0.007555
8.490000,0.002684,-0.002554,-0.009609,-1.108263,0.059790,0.007518
8.500000,0.002670,-0.002541,-0.009561,-1.108277,0.059670,0.007480
8.510000,0.002657,-0.002529,-0.009513,-1.108292,0.059549,0.007443
8.520000,0.002644,-0.002516,-0.009466,-1.108306,0.059429,0.007406
8.530000,0.002630,-0.002504,-0.009419,-1.108320,0.059309,0.007369
8.540000,0.002617,-0.002491,-0.009372,-1.108334,0.059190,0.007332
8.550000,0.002604,-0.002479,-0.009325,-1.108348,0.059071,0.007295
8.560000,0.002591,-0.002466,-0.009278,-1.108362,0.058952,0.007259
8.570000,0.002578,-0.002454,-0.009232,-1.108376,0.058833,0.007223
8.580000,0.002565,-0.002442,-0.009186,-1.108390,0.058714,0.007187
8.590000,0.002553,-0.002430,-0.009140,-1.108404,0.058596,0.007151
8.600000,0.002540,-0.002417,-0.009095,-1.108417,0.058478,0.007115
8.610000,0.002527,-0.002405,-0.009049,-1.108431,0.058360,0.007080
8.620000,0.002515,-0.002393,-0.009004,-1.108444,0.058242,0.007044
8.630000,0.002502,-0.002381,-0.008959,-1.108458,0.058125,0.007009
8.640000,0.002490,-0.002370,-0.008915,-1.108471,0.058008,0.006974
8.650000,0.002477,-0.002358,-0.008870,-1.108484,0.057891,0.006940
8.660000,0.002465,-0.002346,-0.008826,-1.108497,0.057774,0.006905
8.670000,0.002453,-0.002334,-0.008782,-1.108510,0.057658,0.006870
8.680000,0.002440,-0.002323,-0.008738,-1.108523,0.057542,0.006836
8.690000,0.002428,-0.002311,-0.008694,-1.108536,0.057426,0.006802
8.700000,0.002416,-0.002299,-0.008651,-1.108549,0.057310,0.006768
8.710000,0.002404,-0.002288,-0.008608,-1.108561,0.057195,0.006734
8.720000,0.002392,-0.002277,-0.008565,-1.108574,0.057080,0.006701
8.730000,0.002380,-0.002265,-0.008522,-1.108586,0.056965,0.006667
8.740000,0.002368,-0.002254,-0.008480,-1.108599,0.056850,0.006634
8.750000,0.002356,-0.002243,-0.008438,-1.108611,0.056735,0.006601
8.760000,0.002345,-0.002232,-0.008395,-1.108623,0.056621,0.006568
8.770000,0.002333,-0.002220,-0.008354,-1.108636,0.056507,0.006535
8.780000,0.002321,-0.002209,-0.008312,-1.108648,0.056393,0.006503
8.790000,0.002310,-0.002198,-0.008270,-1.108660,0.056280,0.006470
8.800000,0.002298,-0.002187,-0.008229,-1.108672,0.056166,0.006438
8.810000,0.002287,-0.002176,-0.008188,-1.108684,0.056053,0.006406
8.820000,0.002275,-0.002166,-0.008147,-1.108695,0.055940,0.006374
8.830000,0.002264,-0.002155,-0.008107,-1.108707,0.055828,0.006342
8.840000,0.002253,-0.002144,-0.008066,-1.108719,0.055715,0.006311
8.850000,0.002242,-0.002133,-0.008026,-1.108730,0.055603,0.006279
8.860000,0.002230,-0.002123,-0.007986,-1.108742,0.055491,0.006248
8.870000,0.002219,-0.002112,-0.007946,-1.108753,0.055380,0.006217
8.880000,0.002208,-0.002102,-0.007907,-1.108765,0.055268,0.006186
8.890000,0.002197,-0.002091,-0.007867,-1.108776,0.055157,0.006155
8.900000,0.002186,-0.002081,-0.007828,-1.108787,0.055046,0.006124
8.910000,0.002175,-0.002070,-0.007789,-1.108798,0.054935,0.006094
8.920000,0.002164,-0.002060,-0.007750,-1.108809,0.054824,0.006063
8.930000,0.002154,-0.002050,-0.007711,-1.108820,0.054714,0.006033
8.940000,0.002143,-0.002039,-0.007673,-1.108831,0.054604,0.006003
8.950000,0.002132,-0.002029,-0.007635,-1.108842,0.054494,0.005973
8.960000,0.002122,-0.002019,-0.007597,-1.108853,0.054384,0.005943
8.970000,0.002111,-0.002009,-0.007559,-1.108863,0.054275,0.005913
8.980000,0.002100,-0.001999,-0.007521,-1.108874,0.054166,0.005884
8.990000,0.002090,-0.001989,-0.007483,-1.108885,0.054057,0.005855
9.000000,0.002080,-0.001979,-0.007446,-1.108895,0.053948,0.005825
9.010000,0.002069,-0.001969,-0.007409,-1.108906,0.053839,0.005796
9.020000,0.002059,-0.001959,-0.007372,-1.108916,0.053731,0.005767
9.030000,0.002049,-0.001950,-0.007335,-1.108926,0.053623,0.005739
9.040000,0.002038,-0.001940,-0.007299,-1.108936,0.053515,0.005710
9.050000,0.002028,-0.001930,-0.007262,-1.108947,0.053407,0.005682
9.060000,0.002018,-0.001921,-0.007226,-1.108957,0.053300,0.005653
9.070000,0.002008,-0.001911,-0.007190,-1.108967,0.053192,0.005625
9.080000,0.001998,-0.001902,-0.007154,-1.108977,0.053085,0.005597
9.090000,0.001988,-0.001892,-0.007118,-1.108987,0.052979,0.005569
9.100000,0.001978,-0.001883,-0.007083,-1.108996,0.052872,0.005541
9.110000,0.001968,-0.001873,-0.007048,-1.109006,0.052766,0.005514
9.120000,0.001958,-0.001864,-0.007012,-1.109016,0.052659,0.005486
9.130000,0.001949,-0.001855,-0.006978,-1.109026,0.052554,0.005459
9.140000,0.001939,-0.001845,-0.006943,-1.109035,0.052448,0.005431
9.150000,0.001929,-0.001836,-0.006908,-1.109045,0.052342,0.005404
9.160000,0.001920,-0.001827,-0.006874,-1.109054,0.052237,0.005377
9.170000,0.001910,-0.001818,-0.006839,-1.109064,0.052132,0.005351
9.180000,0.001901,-0.001809,-0.006805,-1.109073,0.052027,0.005324
9.190000,0.001891,-0.001800,-0.006771,-1.109082,0.051922,0.005297
9.200000,0.001882,-0.001791,-0.006738,-1.109091,0.051818,0.005271
9.210000,0.001872,-0.001782,-0.006704,-1.109101,0.051714,0.005245
9.220000,0.001863,-0.001773,-0.006670,-1.109110,0.051610,0.005219
9.230000,0.001854,-0.001764,-0.006637,-1.109119,0.051506,0.005192
9.240000,0.001844,-0.001755,-0.006604,-1.109128,0.051402,0.005167
9.250000,0.001835,-0.001747,-0.006571,-1.109137,0.051299,0.005141
9.260000,0.001826,-0.001738,-0.006538,-1.109146,0.051196,0.005115
9.270000,0.001817,-0.001729,-0.006506,-1.109154,0.051093,0.005090
9.280000,0.001808,-0.001721,-0.006473,-1.109163,0.050990,0.005064
9.290000,0.001799,-0.001712,-0.006441,-1.109172,0.050888,0.005039
9.300000,0.001790,-0.001704,-0.006409,-1.109180,0.050785,0.005014
9.310000,0.001781,-0.001695,-0.006377,-1.109189,0.050683,0.004989
9.320000,0.001772,-0.001687,-0.006345,-1.109198,0.050581,0.004964
9.330000,0.001763,-0.001678,-0.006314,-1.109206,0.050479,0.004939
9.340000,0.001754,-0.001670,-0.006282,-1.109214,0.050378,0.004915
9.350000,0.001746,-0.001661,-0.006251,-1.109223,0.050277,0.004890
9.360000,0.001737,-0.001653,-0.006220,-1.109231,0.050176,0.004866
9.370000,0.001728,-0.001645,-0.006189,-1.109239,0.050075,0.004841
9.380000,0.001720,-0.001637,-0.006158,-1.109248,0.049974,0.004817
9.390000,0.001711,-0.001629,-0.006127,-1.109256,0.049874,0.004793
9.400000,0.001703,-0.001620,-0.006096,-1.109264,0.049773,0.004769
9.410000,0.001694,-0.001612,-0.006066,-1.109272,0.049673,0.004746
9.420000,0.001686,-0.001604,-0.006036,-1.109280,0.049573,0.004722
9.430000,0.001677,-0.001596,-0.006006,-1.109288,0.049474,0.004698
9.440000,0.001669,-0.001588,-0.005976,-1.109296,0.049374,0.004675
9.450000,0.001661,-0.001580,-0.005946,-1.109304,0.049275,0.004652
9.460000,0.001652,-0.001573,-0.005916,-1.109311,0.049176,0.004628
9.470000,0.001644,-0.001565,-0.005887,-1.109319,0.049077,0.004605
9.480000,0.001636,-0.001557,-0.005857,-1.109327,0.048979,0.004582
9.490000,0.001628,-0.001549,-0.005828,-1.109335,0.048880,0.004559
9.500000,0.001620,-0.001541,-0.005799,-1.109342,0.048782,0.004537
9.510000,0.001611,-0.001534,-0.005770,-1.109350,0.048684,0.004514
9.520000,0.001603,-0.001526,-0.005741,-1.109357,0.048586,0.004492
9.530000,0.001595,-0.001518,-0.005713,-1.109365,0.048488,0.004469
9.540000,0.001587,-0.001511,-0.005684,-1.109372,0.048391,0.004447
9.550000,0.001580,-0.001503,-0.005656,-1.109379,0.048294,0.004425
9.560000,0.001572,-0.001496,-0.005628,-1.109387,0.048197,0.004403
9.570000,0.001564,-0.001488,-0.005600,-1.109394,0.048100,0.004381
9.580000,0.001556,-0.001481,-0.005572,-1.109401,0.048003,0.004359
9.590000,0.001548,-0.001474,-0.005544,-1.109408,0.047907,0.004337
9.600000,0.001541,-0.001466,-0.005516,-1.109415,0.047810,0.004315
9.610000,0.001533,-0.001459,-0.005489,-1.109422,0.047714,0.004294
9.620000,0.001525,-0.001452,-0.005461,-1.109429,0.047618,0.004273
9.630000,0.001518,-0.001444,-0.005434,-1.109436,0.047523,0.004251
9.640000,0.001510,-0.001437,-0.005407,-1.109443,0.047427,0.004230
9.650000,0.001503,-0.001430,-0.005380,-1.109450,0.047332,0.004209
9.660000,0.001495,-0.001423,-0.005353,-1.109457,0.047237,0.004188
9.670000,0.001488,-0.001416,-0.005327,-1.109464,0.047142,0.004167
9.680000,0.001480,-0.001409,-0.005300,-1.109471,0.047047,0.004146
9.690000,0.001473,-0.001402,-0.005274,-1.109477,0.046953,0.004126
9.700000,0.001465,-0.001395,-0.005247,-1.109484,0.046858,0.004105
9.710000,0.001458,-0.001388,-0.005221,-1.109491,0.046764,0.004085
9.720000,0.001451,-0.001381,-0.005195,-1.109497,0.046670,0.004064
9.730000,0.001444,-0.001374,-0.005169,-1.109504,0.046577,0.004044
9.740000,0.001436,-0.001367,-0.005143,-1.109510,0.046483,0.004024
9.750000,0.001429,-0.001360,-0.005118,-1.109517,0.046390,0.004004
9.760000,0.001422,-0.001353,-0.005092,-1.109523,0.046296,0.003984
9.770000,0.001415,-0.001347,-0.005067,-1.109530,0.046203,0.003964
9.780000,0.001408,-0.001340,-0.005041,-1.109536,0.046111,0.003944
9.790000,0.001401,-0.001333,-0.005016,-1.109542,0.046018,0.003924
9.800000,0.001394,-0.001327,-0.004991,-1.109548,0.045926,0.003905
9.810000,0.001387,-0.001320,-0.004966,-1.109555,0.045833,0.003885
9.820000,0.001380,-0.001313,-0.004942,-1.109561,0.045741,0.003866
9.830000,0.001373,-0.001307,-0.004917,-1.109567,0.045649,0.003847
9.840000,0.001366,-0.001300,-0.004892,-1.109573,0.045558,0.003827
9.850000,0.001360,-0.001294,-0.004868,-1.109579,0.045466,0.003808
9.860000,0.001353,-0.001287,-0.004844,-1.109585,0.045375,0.003789
9.870000,0.001346,-0.001281,-0.004820,-1.109591,0.045284,0.003770
9.880000,0.001339,-0.001275,-0.004796,-1.109597,0.045193,0.003752
9.890000,0.001333,-0.001268,-0.004772,-1.109603,0.045102,0.003733
9.900000,0.001326,-0.001262,-0.004748,-1.109609,0.045012,0.003714
9.910000,0.001319,-0.001256,-0.004724,-1.109615,0.044921,0.003696
9.920000,0.001313,-0.001249,-0.004701,-1.109620,0.044831,0.003677
9.930000,0.001306,-0.001243,-0.004677,-1.109626,0.044741,0.003659
9.940000,0.001300,-0.001237,-0.004654,-1.109632,0.044651,0.003641
9.950000,0.001293,-0.001231,-0.004631,-1.109638,0.044561,0.003623
9.960000,0.001287,-0.001225,-0.004608,-1.109643,0.044472,0.003605
9.970000,0.001280,-0.001219,-0.004585,-1.109649,0.044383,0.003587
9.980000,0.001274,-0.001213,-0.004562,-1.109654,0.044294,0.003569
9.990000,0.001268,-0.001206,-0.004539,-1.109660,0.044205,0.003551
10.000000,0.001261,-0.001200,-0.004516,-1.109665,0.044116,0.003533
