0.000000,0.067777,-0.288854,0.191100,-0.331073,-0.824142,0.213788
0.010000,0.067436,-0.287178,0.190123,-0.335131,-0.820022,0.212625
0.020000,0.067097,-0.285515,0.189150,-0.339176,-0.815945,0.211469
0.030000,0.066759,-0.283864,0.188183,-0.343205,-0.811909,0.210321
0.040000,0.066423,-0.282225,0.187221,-0.347220,-0.807914,0.209180
0.050000,0.066089,-0.280598,0.186264,-0.351219,-0.803959,0.208046
0.060000,0.065756,-0.278983,0.185313,-0.355204,-0.800043,0.206920
0.070000,0.065426,-0.277379,0.184366,-0.359174,-0.796167,0.205800
0.080000,0.065097,-0.275787,0.183425,-0.363129,-0.792328,0.204687
0.090000,0.064769,-0.274207,0.182488,-0.367070,-0.788527,0.203581
0.100000,0.064444,-0.272638,0.181557,-0.370995,-0.784764,0.202483
0.110000,0.064119,-0.271080,0.180630,-0.374905,-0.781036,0.201391
0.120000,0.063797,-0.269534,0.179708,-0.378801,-0.777345,0.200305
0.130000,0.063476,-0.267998,0.178792,-0.382681,-0.773688,0.199227
0.140000,0.063157,-0.266473,0.177880,-0.386547,-0.770067,0.198155
0.150000,0.062840,-0.264959,0.176973,-0.390397,-0.766480,0.197090
0.160000,0.062524,-0.263456,0.176071,-0.394233,-0.762926,0.196031
0.170000,0.062210,-0.261963,0.175174,-0.398053,-0.759406,0.194979
0.180000,0.061897,-0.260481,0.174281,-0.401859,-0.755918,0.193933
0.190000,0.061586,-0.259009,0.173393,-0.405649,-0.752462,0.192893
0.200000,0.061276,-0.257547,0.172510,-0.409425,-0.749038,0.191860
0.210000,0.060968,-0.256096,0.171632,-0.413185,-0.745645,0.190834
0.220000,0.060662,-0.254654,0.170758,-0.416930,-0.742283,0.189813
0.230000,0.060357,-0.253222,0.169889,-0.420661,-0.738951,0.188799
0.240000,0.060054,-0.251800,0.169024,-0.424376,-0.735650,0.187790
0.250000,0.059752,-0.250388,0.168164,-0.428076,-0.732377,0.186788
0.260000,0.059452,-0.248986,0.167309,-0.431761,-0.729134,0.185792
0.270000,0.059154,-0.247593,0.166458,-0.435431,-0.725919,0.184802
0.280000,0.058857,-0.246209,0.165611,-0.439086,-0.722732,0.183818
0.290000,0.058561,-0.244835,0.164769,-0.442726,-0.719572,0.182840
0.300000,0.058267,-0.243470,0.163932,-0.446351,-0.716441,0.181867
0.310000,0.057974,-0.242115,0.163099,-0.449961,-0.713336,0.180901
0.320000,0.057683,-0.240768,0.162270,-0.453556,-0.710258,0.179940
0.330000,0.057394,-0.239431,0.161445,-0.457136,-0.707205,0.178985
0.340000,0.057106,-0.238102,0.160625,-0.460701,-0.704179,0.178035
0.350000,0.056819,-0.236782,0.159810,-0.464251,-0.701178,0.177091
0.360000,0.056534,-0.235471,0.158998,-0.467785,-0.698203,0.176153
0.370000,0.056250,-0.234169,0.158191,-0.471305,-0.695252,0.175221
0.380000,0.055968,-0.232875,0.157388,-0.474810,-0.692325,0.174293
0.390000,0.055687,-0.231590,0.156590,-0.478300,-0.689423,0.173372
0.400000,0.055407,-0.230313,0.155795,-0.481774,-0.686544,0.172455
0.410000,0.055129,-0.229044,0.155005,-0.485234,-0.683689,0.171545
0.420000,0.054853,-0.227784,0.154218,-0.488679,-0.680856,0.170639
0.430000,0.054578,-0.226532,0.153436,-0.492109,-0.678047,0.169739
0.440000,0.054304,-0.225288,0.152658,-0.495524,-0.675260,0.168844
0.450000,0.054031,-0.224052,0.151885,-0.498924,-0.672496,0.167954
0.460000,0.053760,-0.222824,0.151115,-0.502309,-0.669753,0.167070
0.470000,0.053491,-0.221605,0.150349,-0.505680,-0.667032,0.166190
0.480000,0.053222,-0.220393,0.149587,-0.509035,-0.664332,0.165316
0.490000,0.052955,-0.219188,0.148829,-0.512376,-0.661653,0.164447
0.500000,0.052690,-0.217992,0.148075,-0.515702,-0.658996,0.163582
0.510000,0.052426,-0.216803,0.147325,-0.519012,-0.656358,0.162723
0.520000,0.052163,-0.215621,0.146579,-0.522309,-0.653741,0.161869
0.530000,0.051901,-0.214448,0.145837,-0.525590,-0.651144,0.161020
0.540000,0.051641,-0.213281,0.145099,-0.528856,-0.648567,0.160175
0.550000,0.051382,-0.212122,0.144364,-0.532108,-0.646009,0.159336
0.560000,0.051124,-0.210971,0.143634,-0.535345,-0.643470,0.158501
0.570000,0.050868,-0.209826,0.142907,-0.538568,-0.640951,0.157671
0.580000,0.050613,-0.208689,0.142184,-0.541776,-0.638450,0.156846
0.590000,0.050359,-0.207559,0.141465,-0.544969,-0.635968,0.156025
0.600000,0.050107,-0.206436,0.140749,-0.548147,-0.633504,0.155210
0.610000,0.049856,-0.205320,0.140037,-0.551311,-0.631058,0.154399
0.620000,0.049606,-0.204211,0.139329,-0.554460,-0.628630,0.153592
0.630000,0.049357,-0.203108,0.138625,-0.557595,-0.626219,0.152790
0.640000,0.049110,-0.202013,0.137924,-0.560715,-0.623826,0.151993
0.650000,0.048864,-0.200924,0.137227,-0.563821,-0.621451,0.151200
0.660000,0.048619,-0.199843,0.136533,-0.566912,-0.619092,0.150412
0.670000,0.048375,-0.198767,0.135843,-0.569989,-0.616750,0.149628
0.680000,0.048133,-0.197699,0.135157,-0.573051,-0.614425,0.148848
0.690000,0.047892,-0.196637,0.134474,-0.576099,-0.612116,0.148073
0.700000,0.047652,-0.195581,0.133795,-0.579133,-0.609823,0.147303
0.710000,0.047413,-0.194532,0.133119,-0.582152,-0.607547,0.146536
0.720000,0.047175,-0.193490,0.132447,-0.585157,-0.605286,0.145774
0.730000,0.046939,-0.192454,0.131778,-0.588148,-0.603041,0.145017
0.740000,0.046704,-0.191424,0.131113,-0.591124,-0.600811,0.144263
0.750000,0.046470,-0.190400,0.130451,-0.594086,-0.598597,0.143514
0.760000,0.046237,-0.189382,0.129792,-0.597034,-0.596398,0.142769
0.770000,0.046006,-0.188371,0.129137,-0.599968,-0.594214,0.142028
0.780000,0.045775,-0.187366,0.128486,-0.602888,-0.592044,0.141291
0.790000,0.045546,-0.186366,0.127837,-0.605794,-0.589889,0.140559
0.800000,0.045318,-0.185373,0.127192,-0.608685,-0.587749,0.139830
0.810000,0.045091,-0.184386,0.126551,-0.611563,-0.585623,0.139106
0.820000,0.044865,-0.183405,0.125912,-0.614427,-0.583511,0.138385
0.830000,0.044641,-0.182429,0.125277,-0.617276,-0.581413,0.137669
0.840000,0.044417,-0.181460,0.124646,-0.620112,-0.579329,0.136956
0.850000,0.044195,-0.180496,0.124017,-0.622934,-0.577258,0.136248
0.860000,0.043973,-0.179538,0.123392,-0.625742,-0.575201,0.135543
0.870000,0.043753,-0.178585,0.122770,-0.628536,-0.573157,0.134843
0.880000,0.043534,-0.177639,0.122151,-0.631317,-0.571127,0.134146
0.890000,0.043316,-0.176697,0.121535,-0.634084,-0.569109,0.133453
0.900000,0.043099,-0.175762,0.120923,-0.636837,-0.567105,0.132764
0.910000,0.042884,-0.174832,0.120313,-0.639576,-0.565113,0.132079
0.920000,0.042669,-0.173907,0.119707,-0.642302,-0.563134,0.131397
0.930000,0.042455,-0.172988,0.119104,-0.645014,-0.561168,0.130719
0.940000,0.042243,-0.172074,0.118504,-0.647713,-0.559214,0.130045
0.950000,0.042031,-0.171166,0.117907,-0.650398,-0.557272,0.129375
0.960000,0.041821,-0.170263,0.117313,-0.653070,-0.555342,0.128708
0.970000,0.041612,-0.169365,0.116723,-0.655728,-0.553424,0.128045
0.980000,0.041403,-0.168472,0.116135,-0.658373,-0.551519,0.127386
0.990000,0.041196,-0.167585,0.115550,-0.661004,-0.549625,0.126730
1.000000,0.040990,-0.166703,0.114968,-0.663623,-0.547742,0.126078
1.010000,0.040785,-0.165826,0.114390,-0.666228,-0.545871,0.125429
1.020000,0.040581,-0.164954,0.113814,-0.668819,-0.544012,0.124784
1.030000,0.040378,-0.164087,0.113241,-0.671398,-0.542163,0.124142
1.040000,0.040176,-0.163225,0.112671,-0.673963,-0.540326,0.123504
1.050000,0.039975,-0.162368,0.112104,-0.676516,-0.538500,0.122869
1.060000,0.039775,-0.161516,0.111540,-0.679055,-0.536685,0.122238
1.070000,0.039576,-0.160669,0.110979,-0.681581,-0.534881,0.121611
1.080000,0.039378,-0.159827,0.110420,-0.684094,-0.533087,0.120986
1.090000,0.039181,-0.158989,0.109865,-0.686595,-0.531304,0.120365
1.100000,0.038985,-0.158157,0.109312,-0.689082,-0.529532,0.119748
1.110000,0.038790,-0.157329,0.108762,-0.691557,-0.527770,0.119133
1.120000,0.038596,-0.156506,0.108215,-0.694018,-0.526018,0.118523
1.130000,0.038403,-0.155688,0.107671,-0.696467,-0.524276,0.117915
1.140000,0.038211,-0.154874,0.107130,-0.698904,-0.522545,0.117311
1.150000,0.038019,-0.154065,0.106591,-0.701327,-0.520823,0.116710
1.160000,0.037829,-0.153260,0.106055,-0.703738,-0.519112,0.116112
1.170000,0.037640,-0.152460,0.105522,-0.706137,-0.517410,0.115517
1.180000,0.037452,-0.151665,0.104992,-0.708522,-0.515718,0.114926
1.190000,0.037264,-0.150874,0.104464,-0.710896,-0.514035,0.114337
1.200000,0.037078,-0.150088,0.103939,-0.713257,-0.512362,0.113752
1.210000,0.036893,-0.149306,0.103417,-0.715605,-0.510699,0.113170
1.220000,0.036708,-0.148529,0.102897,-0.717941,-0.509045,0.112592
1.230000,0.036525,-0.147755,0.102380,-0.720265,-0.507400,0.112016
1.240000,0.036342,-0.146987,0.101865,-0.722576,-0.505764,0.111443
1.250000,0.036160,-0.146222,0.101354,-0.724876,-0.504137,0.110874
1.260000,0.035979,-0.145462,0.100844,-0.727163,-0.502520,0.110307
1.270000,0.035799,-0.144706,0.100338,-0.729438,-0.500911,0.109744
1.280000,0.035620,-0.143955,0.099834,-0.731701,-0.499311,0.109184
1.290000,0.035442,-0.143207,0.099332,-0.733951,-0.497720,0.108626
1.300000,0.035265,-0.142464,0.098833,-0.736190,-0.496138,0.108072
1.310000,0.035089,-0.141725,0.098337,-0.738417,-0.494564,0.107520
1.320000,0.034913,-0.140990,0.097843,-0.740632,-0.492998,0.106972
1.330000,0.034739,-0.140259,0.097352,-0.742835,-0.491441,0.106426
1.340000,0.034565,-0.139532,0.096863,-0.745026,-0.489893,0.105883
1.350000,0.034392,-0.138810,0.096377,-0.747205,-0.488353,0.105343
1.360000,0.034220,-0.138091,0.095893,-0.749373,-0.486820,0.104806
1.370000,0.034049,-0.137376,0.095412,-0.751529,-0.485297,0.104272
1.380000,0.033879,-0.136666,0.094933,-0.753673,-0.483781,0.103741
1.390000,0.033710,-0.135959,0.094456,-0.755806,-0.482273,0.103213
1.400000,0.033541,-0.135256,0.093982,-0.757927,-0.480773,0.102687
1.410000,0.033374,-0.134557,0.093510,-0.760037,-0.479281,0.102164
1.420000,0.033207,-0.133862,0.093041,-0.762135,-0.477796,0.101644
1.430000,0.033041,-0.133170,0.092574,-0.764222,-0.476320,0.101127
1.440000,0.032876,-0.132483,0.092110,-0.766298,-0.474851,0.100612
1.450000,0.032711,-0.131799,0.091648,-0.768362,-0.473389,0.100100
1.460000,0.032548,-0.131119,0.091188,-0.770415,-0.471936,0.099591
1.470000,0.032385,-0.130443,0.090730,-0.772456,-0.470489,0.099084
1.480000,0.032223,-0.129771,0.090275,-0.774487,-0.469050,0.098581
1.490000,0.032062,-0.129102,0.089822,-0.776506,-0.467618,0.098079
1.500000,0.031902,-0.128437,0.089372,-0.778515,-0.466194,0.097581
1.510000,0.031743,-0.127775,0.088924,-0.780512,-0.464777,0.097085
1.520000,0.031584,-0.127117,0.088478,-0.782498,-0.463367,0.096592
1.530000,0.031426,-0.126463,0.088034,-0.784473,-0.461964,0.096101
1.540000,0.031269,-0.125812,0.087592,-0.786438,-0.460568,0.095613
1.550000,0.031113,-0.125165,0.087153,-0.788391,-0.459178,0.095127
1.560000,0.030957,-0.124522,0.086716,-0.790334,-0.457796,0.094644
1.570000,0.030803,-0.123881,0.086281,-0.792266,-0.456421,0.094164
1.580000,0.030649,-0.123245,0.085849,-0.794187,-0.455052,0.093686
1.590000,0.030496,-0.122612,0.085418,-0.796098,-0.453691,0.093211
1.600000,0.030343,-0.121982,0.084990,-0.797998,-0.452336,0.092738
1.610000,0.030192,-0.121356,0.084564,-0.799888,-0.450987,0.092267
1.620000,0.030041,-0.120733,0.084140,-0.801766,-0.449645,0.091799
1.630000,0.029891,-0.120113,0.083718,-0.803635,-0.448310,0.091334
1.640000,0.029741,-0.119497,0.083299,-0.805493,-0.446981,0.090871
1.650000,0.029593,-0.118884,0.082881,-0.807340,-0.445658,0.090410
1.660000,0.029445,-0.118275,0.082466,-0.809178,-0.444342,0.089952
1.670000,0.029298,-0.117668,0.082052,-0.811005,-0.443032,0.089496
1.680000,0.029151,-0.117065,0.081641,-0.812821,-0.441728,0.089043
1.690000,0.029006,-0.116466,0.081232,-0.814628,-0.440431,0.088592
1.700000,0.028861,-0.115869,0.080825,-0.816424,-0.439140,0.088143
1.710000,0.028717,-0.115276,0.080420,-0.818211,-0.437854,0.087696
1.720000,0.028573,-0.114686,0.080017,-0.819987,-0.436575,0.087252
1.730000,0.028430,-0.114099,0.079616,-0.821753,-0.435302,0.086811
1.740000,0.028288,-0.113515,0.079217,-0.823509,-0.434035,0.086371
1.750000,0.028147,-0.112935,0.078821,-0.825255,-0.432774,0.085934
1.760000,0.028007,-0.112357,0.078426,-0.826992,-0.431518,0.085499
1.770000,0.027867,-0.111783,0.078033,-0.828718,-0.430269,0.085067
1.780000,0.027727,-0.111211,0.077642,-0.830435,-0.429025,0.084636
1.790000,0.027589,-0.110643,0.077253,-0.832142,-0.427787,0.084208
1.800000,0.027451,-0.110078,0.076866,-0.833840,-0.426555,0.083782
1.810000,0.027314,-0.109516,0.076481,-0.835527,-0.425328,0.083358
1.820000,0.027178,-0.108957,0.076098,-0.837205,-0.424107,0.082937
1.830000,0.027042,-0.108400,0.075717,-0.838874,-0.422891,0.082518
1.840000,0.026907,-0.107847,0.075338,-0.840533,-0.421681,0.082101
1.850000,0.026772,-0.107297,0.074961,-0.842182,-0.420477,0.081686
1.860000,0.026639,-0.106749,0.074585,-0.843823,-0.419278,0.081273
1.870000,0.026506,-0.106205,0.074212,-0.845453,-0.418084,0.080862
1.880000,0.026373,-0.105664,0.073840,-0.847075,-0.416896,0.080454
1.890000,0.026241,-0.105125,0.073471,-0.848687,-0.415713,0.080047
1.900000,0.026110,-0.104589,0.073103,-0.850290,-0.414535,0.079643
1.910000,0.025980,-0.104056,0.072737,-0.851883,-0.413363,0.079241
1.920000,0.025850,-0.103526,0.072373,-0.853468,-0.412195,0.078840
1.930000,0.025721,-0.102999,0.072010,-0.855043,-0.411033,0.078442
1.940000,0.025593,-0.102474,0.071650,-0.856609,-0.409876,0.078046
1.950000,0.025465,-0.101952,0.071291,-0.858167,-0.408724,0.077652
1.960000,0.025338,-0.101434,0.070934,-0.859715,-0.407577,0.077261
1.970000,0.025211,-0.100917,0.070579,-0.861254,-0.406435,0.076871
1.980000,0.025085,-0.100404,0.070226,-0.862785,-0.405298,0.076483
1.990000,0.024960,-0.099893,0.069875,-0.864307,-0.404166,0.076097
2.000000,0.024835,-0.099385,0.069525,-0.865819,-0.403039,0.075713
2.010000,0.024711,-0.098880,0.069177,-0.867323,-0.401917,0.075331
2.020000,0.024588,-0.098377,0.068831,-0.868819,-0.400800,0.074951
2.030000,0.024465,-0.097877,0.068486,-0.870305,-0.399687,0.074573
2.040000,0.024343,-0.097379,0.068144,-0.871784,-0.398579,0.074197
2.050000,0.024221,-0.096885,0.067803,-0.873253,-0.397476,0.073823
2.060000,0.024101,-0.096392,0.067463,-0.874714,-0.396378,0.073451
2.070000,0.023980,-0.095903,0.067126,-0.876166,-0.395284,0.073081
2.080000,0.023860,-0.095416,0.066790,-0.877610,-0.394195,0.072712
2.090000,0.023741,-0.094931,0.066456,-0.879046,-0.393111,0.072346
2.100000,0.023623,-0.094449,0.066123,-0.880473,-0.392031,0.071981
2.110000,0.023505,-0.093970,0.065792,-0.881892,-0.390955,0.071618
2.120000,0.023387,-0.093493,0.065463,-0.883302,-0.389884,0.071258
2.130000,0.023271,-0.093019,0.065136,-0.884705,-0.388818,0.070899
2.140000,0.023154,-0.092547,0.064810,-0.886099,-0.387756,0.070541
2.150000,0.023039,-0.092077,0.064486,-0.887485,-0.386698,0.070186
2.160000,0.022924,-0.091610,0.064163,-0.888862,-0.385645,0.069833
2.170000,0.022809,-0.091146,0.063842,-0.890232,-0.384596,0.069481
2.180000,0.022696,-0.090684,0.063523,-0.891594,-0.383552,0.069131
2.190000,0.022582,-0.090224,0.063205,-0.892948,-0.382512,0.068783
2.200000,0.022469,-0.089767,0.062889,-0.894293,-0.381476,0.068437
2.210000,0.022357,-0.089312,0.062574,-0.895631,-0.380444,0.068092
2.220000,0.022246,-0.088860,0.062261,-0.896961,-0.379416,0.067750
2.230000,0.022135,-0.088409,0.061950,-0.898283,-0.378393,0.067409
2.240000,0.022024,-0.087962,0.061640,-0.899597,-0.377374,0.067069
2.250000,0.021914,-0.087516,0.061332,-0.900904,-0.376359,0.066732
2.260000,0.021805,-0.087073,0.061025,-0.902203,-0.375348,0.066396
2.270000,0.021696,-0.086632,0.060720,-0.903494,-0.374341,0.066062
2.280000,0.021588,-0.086194,0.060417,-0.904778,-0.373338,0.065730
2.290000,0.021480,-0.085758,0.060114,-0.906054,-0.372339,0.065399
2.300000,0.021373,-0.085324,0.059814,-0.907322,-0.371344,0.065070
2.310000,0.021266,-0.084892,0.059515,-0.908583,-0.370353,0.064743
2.320000,0.021160,-0.084462,0.059217,-0.909836,-0.369366,0.064417
2.330000,0.021054,-0.084035,0.058921,-0.911082,-0.368383,0.064093
2.340000,0.020949,-0.083610,0.058626,-0.912321,-0.367404,0.063771
2.350000,0.020844,-0.083187,0.058333,-0.913552,-0.366429,0.063450
2.360000,0.020740,-0.082767,0.058042,-0.914776,-0.365457,0.063131
2.370000,0.020637,-0.082348,0.057752,-0.915993,-0.364490,0.062814
2.380000,0.020534,-0.081932,0.057463,-0.917202,-0.363526,0.062498
2.390000,0.020431,-0.081518,0.057176,-0.918404,-0.362566,0.062184
2.400000,0.020329,-0.081106,0.056890,-0.919599,-0.361609,0.061872
2.410000,0.020228,-0.080696,0.056605,-0.920787,-0.360657,0.061561
2.420000,0.020127,-0.080289,0.056322,-0.921968,-0.359708,0.061251
2.430000,0.020026,-0.079883,0.056041,-0.923142,-0.358762,0.060944
2.440000,0.019926,-0.079480,0.055761,-0.924309,-0.357821,0.060637
2.450000,0.019827,-0.079078,0.055482,-0.925469,-0.356883,0.060333
2.460000,0.019728,-0.078679,0.055205,-0.926622,-0.355948,0.060030
2.470000,0.019630,-0.078282,0.054929,-0.927768,-0.355017,0.059728
2.480000,0.019532,-0.077887,0.054654,-0.928907,-0.354090,0.059428
2.490000,0.019434,-0.077494,0.054381,-0.930039,-0.353166,0.059130
2.500000,0.019337,-0.077102,0.054109,-0.931165,-0.352246,0.058833
2.510000,0.019241,-0.076713,0.053839,-0.932283,-0.351329,0.058537
2.520000,0.019145,-0.076326,0.053570,-0.933395,-0.350416,0.058243
2.530000,0.019049,-0.075941,0.053302,-0.934501,-0.349506,0.057951
2.540000,0.018954,-0.075558,0.053036,-0.935600,-0.348600,0.057660
2.550000,0.018859,-0.075177,0.052771,-0.936692,-0.347697,0.057370
2.560000,0.018765,-0.074798,0.052507,-0.937777,-0.346797,0.057082
2.570000,0.018672,-0.074421,0.052244,-0.938857,-0.345901,0.056796
2.580000,0.018578,-0.074045,0.051983,-0.939929,-0.345008,0.056511
2.590000,0.018486,-0.073672,0.051724,-0.940995,-0.344118,0.056227
2.600000,0.018393,-0.073301,0.051465,-0.942055,-0.343232,0.055945
2.610000,0.018302,-0.072931,0.051208,-0.943108,-0.342349,0.055664
2.620000,0.018210,-0.072564,0.050952,-0.944155,-0.341469,0.055385
2.630000,0.018119,-0.072198,0.050698,-0.945196,-0.340592,0.055107
2.640000,0.018029,-0.071834,0.050444,-0.946230,-0.339719,0.054830
2.650000,0.017939,-0.071472,0.050192,-0.947259,-0.338849,0.054555
2.660000,0.017849,-0.071112,0.049941,-0.948281,-0.337982,0.054282
2.670000,0.017760,-0.070754,0.049692,-0.949296,-0.337118,0.054009
2.680000,0.017672,-0.070397,0.049444,-0.950306,-0.336257,0.053738
2.690000,0.017584,-0.070043,0.049197,-0.951309,-0.335400,0.053469
2.700000,0.017496,-0.069690,0.048951,-0.952307,-0.334546,0.053201
2.710000,0.017408,-0.069339,0.048706,-0.953298,-0.333694,0.052934
2.720000,0.017322,-0.068990,0.048463,-0.954284,-0.332846,0.052668
2.730000,0.017235,-0.068643,0.048221,-0.955263,-0.332001,0.052404
2.740000,0.017149,-0.068297,0.047980,-0.956237,-0.331159,0.052141
2.750000,0.017064,-0.067953,0.047740,-0.957204,-0.330320,0.051880
2.760000,0.016978,-0.067611,0.047502,-0.958166,-0.329484,0.051620
2.770000,0.016894,-0.067271,0.047264,-0.959122,-0.328651,0.051361
2.780000,0.016809,-0.066933,0.047028,-0.960072,-0.327820,0.051104
2.790000,0.016725,-0.066596,0.046793,-0.961016,-0.326993,0.050847
2.800000,0.016642,-0.066261,0.046560,-0.961955,-0.326169,0.050592
2.810000,0.016559,-0.065927,0.046327,-0.962887,-0.325348,0.050339
2.820000,0.016476,-0.065596,0.046096,-0.963815,-0.324529,0.050087
2.830000,0.016394,-0.065266,0.045865,-0.964736,-0.323714,0.049835
2.840000,0.016312,-0.064938,0.045636,-0.965652,-0.322901,0.049586
2.850000,0.016231,-0.064611,0.045408,-0.966562,-0.322091,0.049337
2.860000,0.016150,-0.064286,0.045182,-0.967467,-0.321284,0.049090
2.870000,0.016069,-0.063963,0.044956,-0.968366,-0.320480,0.048844
2.880000,0.015989,-0.063641,0.044731,-0.969260,-0.319679,0.048599
2.890000,0.015909,-0.063321,0.044508,-0.970148,-0.318880,0.048356
2.900000,0.015830,-0.063003,0.044286,-0.971031,-0.318084,0.048113
2.910000,0.015751,-0.062686,0.044064,-0.971909,-0.317291,0.047872
2.920000,0.015672,-0.062371,0.043844,-0.972781,-0.316501,0.047632
2.930000,0.015594,-0.062058,0.043625,-0.973648,-0.315714,0.047394
2.940000,0.015516,-0.061746,0.043408,-0.974509,-0.314929,0.047156
2.950000,0.015439,-0.061435,0.043191,-0.975365,-0.314147,0.046920
2.960000,0.015362,-0.061127,0.042975,-0.976216,-0.313367,0.046685
2.970000,0.015285,-0.060820,0.042760,-0.977062,-0.312591,0.046451
2.980000,0.015209,-0.060514,0.042547,-0.977903,-0.311816,0.046219
2.990000,0.015133,-0.060210,0.042334,-0.978738,-0.311045,0.045987
3.000000,0.015058,-0.059908,0.042123,-0.979568,-0.310276,0.045757
3.010000,0.014982,-0.059607,0.041913,-0.980394,-0.309510,0.045528
3.020000,0.014908,-0.059307,0.041703,-0.981214,-0.308746,0.045300
3.030000,0.014833,-0.059009,0.041495,-0.982029,-0.307985,0.045073
3.040000,0.014759,-0.058713,0.041288,-0.982839,-0.307227,0.044847
3.050000,0.014686,-0.058418,0.041082,-0.983644,-0.306471,0.044622
3.060000,0.014612,-0.058125,0.040877,-0.984444,-0.305718,0.044399
3.070000,0.014539,-0.057833,0.040672,-0.985240,-0.304967,0.044177
3.080000,0.014467,-0.057543,0.040469,-0.986030,-0.304218,0.043955
3.090000,0.014395,-0.057254,0.040267,-0.986816,-0.303473,0.043735
3.100000,0.014323,-0.056966,0.040066,-0.987596,-0.302729,0.043516
3.110000,0.014251,-0.056680,0.039866,-0.988372,-0.301989,0.043299
3.120000,0.014180,-0.056396,0.039667,-0.989143,-0.301250,0.043082
3.130000,0.014110,-0.056113,0.039469,-0.989910,-0.300514,0.042866
3.140000,0.014039,-0.055831,0.039272,-0.990671,-0.299781,0.042652
3.150000,0.013969,-0.055551,0.039076,-0.991428,-0.299050,0.042438
3.160000,0.013899,-0.055272,0.038881,-0.992181,-0.298321,0.042226
3.170000,0.013830,-0.054995,0.038687,-0.992928,-0.297595,0.042014
3.180000,0.013761,-0.054719,0.038493,-0.993671,-0.296871,0.041804
3.190000,0.013692,-0.054445,0.038301,-0.994410,-0.296150,0.041595
3.200000,0.013624,-0.054171,0.038110,-0.995144,-0.295430,0.041387
3.210000,0.013556,-0.053900,0.037920,-0.995873,-0.294714,0.041180
3.220000,0.013488,-0.053629,0.037730,-0.996598,-0.293999,0.040973
3.230000,0.013421,-0.053360,0.037542,-0.997318,-0.293287,0.040768
3.240000,0.013354,-0.053093,0.037355,-0.998034,-0.292577,0.040564
3.250000,0.013288,-0.052826,0.037168,-0.998746,-0.291870,0.040361
3.260000,0.013221,-0.052561,0.036983,-0.999453,-0.291165,0.040160
3.270000,0.013155,-0.052298,0.036798,-1.000156,-0.290462,0.039959
3.280000,0.013090,-0.052036,0.036614,-1.000854,-0.289761,0.039759
3.290000,0.013024,-0.051775,0.036431,-1.001548,-0.289063,0.039560
3.300000,0.012959,-0.051515,0.036250,-1.002238,-0.288367,0.039362
3.310000,0.012895,-0.051257,0.036069,-1.002923,-0.287673,0.039165
3.320000,0.012830,-0.051000,0.035889,-1.003604,-0.286981,0.038969
3.330000,0.012766,-0.050744,0.035709,-1.004281,-0.286292,0.038774
3.340000,0.012703,-0.050490,0.035531,-1.004954,-0.285605,0.038580
3.350000,0.012639,-0.050237,0.035354,-1.005623,-0.284920,0.038387
3.360000,0.012576,-0.049985,0.035177,-1.006287,-0.284237,0.038195
3.370000,0.012514,-0.049734,0.035002,-1.006948,-0.283556,0.038004
3.380000,0.012451,-0.049485,0.034827,-1.007604,-0.282878,0.037814
3.390000,0.012389,-0.049237,0.034653,-1.008256,-0.282201,0.037625
3.400000,0.012327,-0.048990,0.034480,-1.008904,-0.281527,0.037437
3.410000,0.012266,-0.048745,0.034308,-1.009549,-0.280855,0.037249
3.420000,0.012204,-0.048500,0.034137,-1.010189,-0.280185,0.037063
3.430000,0.012144,-0.048257,0.033966,-1.010825,-0.279517,0.036878
3.440000,0.012083,-0.048016,0.033797,-1.011457,-0.278852,0.036693
3.450000,0.012023,-0.047775,0.033628,-1.012085,-0.278188,0.036510
3.460000,0.011963,-0.047536,0.033460,-1.012710,-0.277526,0.036327
3.470000,0.011903,-0.047298,0.033293,-1.013330,-0.276867,0.036146
3.480000,0.011844,-0.047061,0.033127,-1.013947,-0.276209,0.035965
3.490000,0.011785,-0.046825,0.032962,-1.014559,-0.275554,0.035785
3.500000,0.011726,-0.046590,0.032797,-1.015168,-0.274900,0.035606
3.510000,0.011667,-0.046357,0.032634,-1.015774,-0.274249,0.035428
3.520000,0.011609,-0.046125,0.032471,-1.016375,-0.273600,0.035251
3.530000,0.011551,-0.045894,0.032309,-1.016973,-0.272952,0.035075
3.540000,0.011494,-0.045664,0.032147,-1.017566,-0.272307,0.034899
3.550000,0.011436,-0.045435,0.031987,-1.018157,-0.271664,0.034725
3.560000,0.011379,-0.045208,0.031827,-1.018743,-0.271022,0.034551
3.570000,0.011322,-0.044981,0.031668,-1.019326,-0.270383,0.034378
3.580000,0.011266,-0.044756,0.031510,-1.019905,-0.269746,0.034207
3.590000,0.011210,-0.044532,0.031353,-1.020481,-0.269110,0.034036
3.600000,0.011154,-0.044309,0.031197,-1.021053,-0.268477,0.033865
3.610000,0.011098,-0.044087,0.031041,-1.021621,-0.267845,0.033696
3.620000,0.011043,-0.043866,0.030886,-1.022186,-0.267215,0.033528
3.630000,0.010988,-0.043647,0.030732,-1.022748,-0.266588,0.033360
3.640000,0.010933,-0.043428,0.030578,-1.023306,-0.265962,0.033193
3.650000,0.010878,-0.043211,0.030426,-1.023860,-0.265338,0.033027
3.660000,0.010824,-0.042995,0.030274,-1.024411,-0.264716,0.032862
3.670000,0.010770,-0.042779,0.030123,-1.024958,-0.264096,0.032698
3.680000,0.010716,-0.042565,0.029973,-1.025502,-0.263477,0.032535
3.690000,0.010663,-0.042352,0.029823,-1.026043,-0.262861,0.032372
3.700000,0.010610,-0.042140,0.029674,-1.026580,-0.262246,0.032210
3.710000,0.010557,-0.041929,0.029526,-1.027114,-0.261634,0.032049
3.720000,0.010504,-0.041719,0.029379,-1.027645,-0.261023,0.031889
3.730000,0.010452,-0.041511,0.029232,-1.028172,-0.260414,0.031730
3.740000,0.010400,-0.041303,0.029086,-1.028696,-0.259807,0.031571
3.750000,0.010348,-0.041096,0.028941,-1.029217,-0.259201,0.031413
3.760000,0.010296,-0.040890,0.028797,-1.029734,-0.258598,0.031256
3.770000,0.010245,-0.040686,0.028653,-1.030248,-0.257996,0.031100
3.780000,0.010194,-0.040482,0.028510,-1.030759,-0.257396,0.030945
3.790000,0.010143,-0.040280,0.028368,-1.031267,-0.256797,0.030790
3.800000,0.010092,-0.040078,0.028226,-1.031771,-0.256201,0.030636
3.810000,0.010042,-0.039878,0.028085,-1.032273,-0.255606,0.030483
3.820000,0.009992,-0.039678,0.027945,-1.032771,-0.255013,0.030331
3.830000,0.009942,-0.039480,0.027806,-1.033266,-0.254422,0.030179
3.840000,0.009892,-0.039282,0.027667,-1.033758,-0.253833,0.030029
3.850000,0.009843,-0.039086,0.027529,-1.034247,-0.253245,0.029879
3.860000,0.009794,-0.038890,0.027391,-1.034733,-0.252659,0.029729
3.870000,0.009745,-0.038695,0.027255,-1.035216,-0.252075,0.029581
3.880000,0.009696,-0.038502,0.027119,-1.035695,-0.251492,0.029433
3.890000,0.009648,-0.038309,0.026983,-1.036172,-0.250912,0.029286
3.900000,0.009600,-0.038118,0.026849,-1.036646,-0.250332,0.029140
3.910000,0.009552,-0.037927,0.026715,-1.037117,-0.249755,0.028994
3.920000,0.009504,-0.037737,0.026581,-1.037584,-0.249179,0.028849
3.930000,0.009457,-0.037549,0.026449,-1.038049,-0.248605,0.028705
3.940000,0.009410,-0.037361,0.026317,-1.038511,-0.248033,0.028562
3.950000,0.009363,-0.037174,0.026185,-1.038970,-0.247462,0.028419
3.960000,0.009316,-0.036988,0.026055,-1.039426,-0.246893,0.028277
3.970000,0.009270,-0.036803,0.025925,-1.039880,-0.246325,0.028136
3.980000,0.009223,-0.036619,0.025795,-1.040330,-0.245760,0.027995
3.990000,0.009177,-0.036436,0.025667,-1.040778,-0.245195,0.027855
4.000000,0.009132,-0.036254,0.025539,-1.041223,-0.244633,0.027716
4.010000,0.009086,-0.036072,0.025411,-1.041665,-0.244072,0.027578
4.020000,0.009041,-0.035892,0.025284,-1.042104,-0.243513,0.027440
4.030000,0.008996,-0.035713,0.025158,-1.042540,-0.242955,0.027303
4.040000,0.008951,-0.035534,0.025033,-1.042974,-0.242399,0.027167
4.050000,0.008906,-0.035356,0.024908,-1.043405,-0.241844,0.027031
4.060000,0.008862,-0.035180,0.024784,-1.043833,-0.241291,0.026896
4.070000,0.008817,-0.035004,0.024660,-1.044259,-0.240740,0.026762
4.080000,0.008773,-0.034829,0.024537,-1.044681,-0.240190,0.026628
4.090000,0.008730,-0.034654,0.024414,-1.045102,-0.239642,0.026495
4.100000,0.008686,-0.034481,0.024293,-1.045519,-0.239095,0.026363
4.110000,0.008643,-0.034309,0.024171,-1.045934,-0.238550,0.026231
4.120000,0.008600,-0.034137,0.024051,-1.046346,-0.238007,0.026100
4.130000,0.008557,-0.033967,0.023931,-1.046756,-0.237465,0.025970
4.140000,0.008514,-0.033797,0.023811,-1.047163,-0.236924,0.025840
4.150000,0.008472,-0.033628,0.023693,-1.047568,-0.236385,0.025711
4.160000,0.008429,-0.033460,0.023574,-1.047970,-0.235848,0.025582
4.170000,0.008387,-0.033293,0.023457,-1.048369,-0.235312,0.025455
4.180000,0.008346,-0.033126,0.023340,-1.048766,-0.234777,0.025327
4.190000,0.008304,-0.032961,0.023223,-1.049161,-0.234244,0.025201
4.200000,0.008262,-0.032796,0.023107,-1.049552,-0.233713,0.025075
4.210000,0.008221,-0.032632,0.022992,-1.049942,-0.233183,0.024950
4.220000,0.008180,-0.032469,0.022877,-1.050329,-0.232655,0.024825
4.230000,0.008139,-0.032307,0.022763,-1.050713,-0.232128,0.024701
4.240000,0.008099,-0.032145,0.022650,-1.051096,-0.231602,0.024578
4.250000,0.008058,-0.031984,0.022537,-1.051475,-0.231078,0.024455
4.260000,0.008018,-0.031825,0.022424,-1.051853,-0.230556,0.024333
4.270000,0.007978,-0.031666,0.022312,-1.052228,-0.230034,0.024212
4.280000,0.007938,-0.031507,0.022201,-1.052600,-0.229515,0.024091
4.290000,0.007899,-0.031350,0.022090,-1.052970,-0.228997,0.023970
4.300000,0.007859,-0.031193,0.021980,-1.053338,-0.228480,0.023851
4.310000,0.007820,-0.031037,0.021870,-1.053704,-0.227964,0.023732
4.320000,0.007781,-0.030882,0.021761,-1.054067,-0.227450,0.023613
4.330000,0.007742,-0.030728,0.021653,-1.054428,-0.226938,0.023495
4.340000,0.007704,-0.030574,0.021545,-1.054786,-0.226427,0.023378
4.350000,0.007665,-0.030422,0.021437,-1.055143,-0.225917,0.023261
4.360000,0.007627,-0.030270,0.021330,-1.055497,-0.225409,0.023145
4.370000,0.007589,-0.030118,0.021224,-1.055849,-0.224902,0.023030
4.380000,0.007551,-0.029968,0.021118,-1.056198,-0.224396,0.022915
4.390000,0.007514,-0.029818,0.021012,-1.056546,-0.223892,0.022800
4.400000,0.007476,-0.029669,0.020908,-1.056891,-0.223390,0.022686
4.410000,0.007439,-0.029521,0.020803,-1.057234,-0.222888,0.022573
4.420000,0.007402,-0.029373,0.020700,-1.057575,-0.222388,0.022460
4.430000,0.007365,-0.029227,0.020596,-1.057914,-0.221890,0.022348
4.440000,0.007328,-0.029081,0.020494,-1.058250,-0.221392,0.022237
4.450000,0.007291,-0.028935,0.020391,-1.058585,-0.220896,0.022126
4.460000,0.007255,-0.028791,0.020290,-1.058917,-0.220402,0.022015
4.470000,0.007219,-0.028647,0.020188,-1.059247,-0.219909,0.021905
4.480000,0.007183,-0.028504,0.020088,-1.059575,-0.219417,0.021796
4.490000,0.007147,-0.028361,0.019987,-1.059901,-0.218926,0.021687
4.500000,0.007111,-0.028220,0.019888,-1.060225,-0.218437,0.021579
4.510000,0.007076,-0.028079,0.019788,-1.060547,-0.217949,0.021471
4.520000,0.007041,-0.027939,0.019690,-1.060867,-0.217462,0.021364
4.530000,0.007006,-0.027799,0.019592,-1.061185,-0.216977,0.021257
4.540000,0.006971,-0.027660,0.019494,-1.061501,-0.216493,0.021151
4.550000,0.006936,-0.027522,0.019397,-1.061814,-0.216010,0.021046
4.560000,0.006901,-0.027384,0.019300,-1.062126,-0.215529,0.020941
4.570000,0.006867,-0.027248,0.019203,-1.062436,-0.215049,0.020836
4.580000,0.006833,-0.027112,0.019108,-1.062744,-0.214570,0.020732
4.590000,0.006798,-0.026976,0.019012,-1.063050,-0.214093,0.020629
4.600000,0.006765,-0.026841,0.018917,-1.063354,-0.213616,0.020526
4.610000,0.006731,-0.026707,0.018823,-1.063656,-0.213141,0.020423
4.620000,0.006697,-0.026574,0.018729,-1.063956,-0.212668,0.020321
4.630000,0.006664,-0.026441,0.018636,-1.064254,-0.212195,0.020220
4.640000,0.006631,-0.026309,0.018543,-1.064551,-0.211724,0.020119
4.650000,0.006598,-0.026178,0.018450,-1.064845,-0.211254,0.020018
4.660000,0.006565,-0.026047,0.018358,-1.065138,-0.210785,0.019918
4.670000,0.006532,-0.025917,0.018267,-1.065428,-0.210318,0.019819
4.680000,0.006499,-0.025788,0.018176,-1.065717,-0.209852,0.019720
4.690000,0.006467,-0.025659,0.018085,-1.066004,-0.209387,0.019622
4.700000,0.006435,-0.025531,0.017995,-1.066289,-0.208923,0.019524
4.710000,0.006403,-0.025403,0.017905,-1.066573,-0.208461,0.019426
4.720000,0.006371,-0.025276,0.017816,-1.066854,-0.207999,0.019329
4.730000,0.006339,-0.025150,0.017727,-1.067134,-0.207539,0.019233
4.740000,0.006307,-0.025024,0.017638,-1.067412,-0.207081,0.019137
4.750000,0.006276,-0.024899,0.017550,-1.067688,-0.206623,0.019041
4.760000,0.006244,-0.024775,0.017463,-1.067963,-0.206166,0.018946
4.770000,0.006213,-0.024651,0.017376,-1.068236,-0.205711,0.018852
4.780000,0.006182,-0.024528,0.017289,-1.068507,-0.205257,0.018758
4.790000,0.006151,-0.024406,0.017203,-1.068776,-0.204804,0.018664
4.800000,0.006121,-0.024284,0.017117,-1.069044,-0.204353,0.018571
4.810000,0.006090,-0.024163,0.017031,-1.069310,-0.203902,0.018478
4.820000,0.006060,-0.024042,0.016947,-1.069574,-0.203453,0.018386
4.830000,0.006030,-0.023922,0.016862,-1.069836,-0.203005,0.018294
4.840000,0.006000,-0.023803,0.016778,-1.070097,-0.202558,0.018203
4.850000,0.005970,-0.023684,0.016694,-1.070356,-0.202112,0.018112
4.860000,0.005940,-0.023565,0.016611,-1.070614,-0.201667,0.018022
4.870000,0.005910,-0.023448,0.016528,-1.070870,-0.201224,0.017932
4.880000,0.005881,-0.023331,0.016446,-1.071124,-0.200781,0.017842
4.890000,0.005851,-0.023214,0.016364,-1.071377,-0.200340,0.017753
4.900000,0.005822,-0.023098,0.016282,-1.071628,-0.199900,0.017665
4.910000,0.005793,-0.022983,0.016201,-1.071877,-0.199461,0.017576
4.920000,0.005764,-0.022868,0.016120,-1.072125,-0.199024,0.017489
4.930000,0.005736,-0.022754,0.016039,-1.072371,-0.198587,0.017401
4.940000,0.005707,-0.022640,0.015959,-1.072616,-0.198151,0.017315
4.950000,0.005678,-0.022527,0.015880,-1.072859,-0.197717,0.017228
4.960000,0.005650,-0.022415,0.015801,-1.073100,-0.197284,0.017142
4.970000,0.005622,-0.022303,0.015722,-1.073340,-0.196852,0.017057
4.980000,0.005594,-0.022192,0.015643,-1.073579,-0.196421,0.016972
4.990000,0.005566,-0.022081,0.015565,-1.073816,-0.195991,0.016887
5.000000,0.005538,-0.021971,0.015488,-1.074051,-0.195562,0.016803
5.010000,0.005511,-0.021861,0.015410,-1.074285,-0.195134,0.016719
5.020000,0.005483,-0.021752,0.015334,-1.074518,-0.194707,0.016635
5.030000,0.005456,-0.021643,0.015257,-1.074749,-0.194282,0.016552
5.040000,0.005429,-0.021535,0.015181,-1.074978,-0.193857,0.016470
5.050000,0.005402,-0.021428,0.015105,-1.075207,-0.193434,0.016387
5.060000,0.005375,-0.021321,0.015030,-1.075433,-0.193012,0.016306
5.070000,0.005348,-0.021214,0.014955,-1.075658,-0.192591,0.016224
5.080000,0.005321,-0.021108,0.014880,-1.075882,-0.192170,0.016143
5.090000,0.005295,-0.021003,0.014806,-1.076104,-0.191751,0.016063
5.100000,0.005268,-0.020898,0.014732,-1.076325,-0.191333,0.015983
5.110000,0.005242,-0.020794,0.014659,-1.076545,-0.190916,0.015903
5.120000,0.005216,-0.020690,0.014586,-1.076763,-0.190500,0.015824
5.130000,0.005190,-0.020587,0.014513,-1.076979,-0.190086,0.015745
5.140000,0.005164,-0.020484,0.014440,-1.077195,-0.189672,0.015666
5.150000,0.005138,-0.020382,0.014368,-1.077409,-0.189259,0.015588
5.160000,0.005112,-0.020280,0.014297,-1.077621,-0.188847,0.015510
5.170000,0.005087,-0.020179,0.014225,-1.077832,-0.188437,0.015433
5.180000,0.005062,-0.020078,0.014154,-1.078042,-0.188027,0.015356
5.190000,0.005036,-0.019978,0.014084,-1.078251,-0.187619,0.015279
5.200000,0.005011,-0.019878,0.014014,-1.078458,-0.187211,0.015203
5.210000,0.004986,-0.019779,0.013944,-1.078664,-0.186804,0.015127
5.220000,0.004961,-0.019680,0.013874,-1.078868,-0.186399,0.015051
5.230000,0.004937,-0.019582,0.013805,-1.079072,-0.185995,0.014976
5.240000,0.004912,-0.019484,0.013736,-1.079274,-0.185591,0.014902
5.250000,0.004887,-0.019387,0.013668,-1.079474,-0.185189,0.014827
5.260000,0.004863,-0.019290,0.013599,-1.079674,-0.184787,0.014753
5.270000,0.004839,-0.019194,0.013532,-1.079872,-0.184387,0.014680
5.280000,0.004815,-0.019098,0.013464,-1.080069,-0.183987,0.014606
5.290000,0.004791,-0.019003,0.013397,-1.080264,-0.183589,0.014534
5.300000,0.004767,-0.018908,0.013330,-1.080459,-0.183191,0.014461
5.310000,0.004743,-0.018814,0.013264,-1.080652,-0.182795,0.014389
5.320000,0.004719,-0.018720,0.013197,-1.080843,-0.182399,0.014317
5.330000,0.004696,-0.018626,0.013132,-1.081034,-0.182005,0.014246
5.340000,0.004672,-0.018533,0.013066,-1.081223,-0.181611,0.014175
5.350000,0.004649,-0.018441,0.013001,-1.081412,-0.181219,0.014104
5.360000,0.004626,-0.018349,0.012936,-1.081599,-0.180827,0.014033
5.370000,0.004603,-0.018257,0.012872,-1.081784,-0.180437,0.013963
5.380000,0.004580,-0.018166,0.012807,-1.081969,-0.180047,0.013894
5.390000,0.004557,-0.018075,0.012743,-1.082152,-0.179659,0.013824
5.400000,0.004534,-0.017985,0.012680,-1.082335,-0.179271,0.013755
5.410000,0.004512,-0.017895,0.012617,-1.082516,-0.178884,0.013687
5.420000,0.004489,-0.017806,0.012554,-1.082696,-0.178498,0.013619
5.430000,0.004467,-0.017717,0.012491,-1.082875,-0.178114,0.013551
5.440000,0.004445,-0.017629,0.012429,-1.083052,-0.177730,0.013483
5.450000,0.004422,-0.017541,0.012367,-1.083229,-0.177347,0.013416
5.460000,0.004400,-0.017453,0.012305,-1.083404,-0.176965,0.013349
5.470000,0.004378,-0.017366,0.012244,-1.083578,-0.176584,0.013282
5.480000,0.004357,-0.017280,0.012183,-1.083751,-0.176204,0.013216
5.490000,0.004335,-0.017193,0.012122,-1.083923,-0.175825,0.013150
5.500000,0.004313,-0.017108,0.012061,-1.084094,-0.175446,0.013084
5.510000,0.004292,-0.017022,0.012001,-1.084264,-0.175069,0.013019
5.520000,0.004270,-0.016937,0.011941,-1.084433,-0.174693,0.012954
5.530000,0.004249,-0.016853,0.011882,-1.084601,-0.174317,0.012890
5.540000,0.004228,-0.016769,0.011823,-1.084767,-0.173943,0.012825
5.550000,0.004207,-0.016685,0.011764,-1.084933,-0.173569,0.012761
5.560000,0.004186,-0.016602,0.011705,-1.085097,-0.173196,0.012698
5.570000,0.004165,-0.016519,0.011647,-1.085261,-0.172825,0.012634
5.580000,0.004144,-0.016436,0.011588,-1.085423,-0.172454,0.012571
5.590000,0.004123,-0.016354,0.011531,-1.085584,-0.172084,0.012508
5.600000,0.004103,-0.016273,0.011473,-1.085745,-0.171715,0.012446
5.610000,0.004082,-0.016192,0.011416,-1.085904,-0.171347,0.012384
5.620000,0.004062,-0.016111,0.011359,-1.086062,-0.170979,0.012322
5.630000,0.004042,-0.016030,0.011302,-1.086219,-0.170613,0.012261
5.640000,0.004022,-0.015950,0.011246,-1.086376,-0.170247,0.012200
5.650000,0.004001,-0.015871,0.011190,-1.086531,-0.169883,0.012139
5.660000,0.003982,-0.015792,0.011134,-1.086685,-0.169519,0.012078
5.670000,0.003962,-0.015713,0.011078,-1.086838,-0.169156,0.012018
5.680000,0.003942,-0.015634,0.011023,-1.086991,-0.168794,0.011958
5.690000,0.003922,-0.015556,0.010968,-1.087142,-0.168433,0.011898
5.700000,0.003903,-0.015479,0.010914,-1.087292,-0.168073,0.011839
5.710000,0.003883,-0.015401,0.010859,-1.087442,-0.167714,0.011780
5.720000,0.003864,-0.015325,0.010805,-1.087590,-0.167355,0.011721
5.730000,0.003845,-0.015248,0.010751,-1.087737,-0.166998,0.011663
5.740000,0.003825,-0.015172,0.010697,-1.087884,-0.166641,0.011604
5.750000,0.003806,-0.015096,0.010644,-1.088029,-0.166285,0.011547
5.760000,0.003787,-0.015021,0.010591,-1.088174,-0.165930,0.011489
5.770000,0.003768,-0.014946,0.010538,-1.088318,-0.165576,0.011432
5.780000,0.003750,-0.014872,0.010486,-1.088461,-0.165222,0.011375
5.790000,0.003731,-0.014797,0.010433,-1.088602,-0.164870,0.011318
5.800000,0.003712,-0.014723,0.010381,-1.088743,-0.164518,0.011261
5.810000,0.003694,-0.014650,0.010329,-1.088883,-0.164168,0.011205
5.820000,0.003675,-0.014577,0.010278,-1.089023,-0.163818,0.011149
5.830000,0.003657,-0.014504,0.010227,-1.089161,-0.163469,0.011094
5.840000,0.003639,-0.014432,0.010176,-1.089298,-0.163120,0.011038
5.850000,0.003621,-0.014360,0.010125,-1.089435,-0.162773,0.010983
5.860000,0.003603,-0.014288,0.010074,-1.089570,-0.162426,0.010928
5.870000,0.003585,-0.014217,0.010024,-1.089705,-0.162080,0.010874
5.880000,0.003567,-0.014146,0.009974,-1.089839,-0.161736,0.010820
5.890000,0.003549,-0.014075,0.009924,-1.089972,-0.161391,0.010766
5.900000,0.003531,-0.014005,0.009875,-1.090104,-0.161048,0.010712
5.910000,0.003514,-0.013935,0.009826,-1.090236,-0.160706,0.010659
5.920000,0.003496,-0.013866,0.009777,-1.090366,-0.160364,0.010605
5.930000,0.003479,-0.013797,0.009728,-1.090496,-0.160023,0.010552
5.940000,0.003461,-0.013728,0.009679,-1.090625,-0.159683,0.010500
5.950000,0.003444,-0.013659,0.009631,-1.090753,-0.159344,0.010447
5.960000,0.003427,-0.013591,0.009583,-1.090880,-0.159005,0.010395
5.970000,0.003410,-0.013523,0.009535,-1.091006,-0.158668,0.010343
5.980000,0.003393,-0.013456,0.009488,-1.091132,-0.158331,0.010292
5.990000,0.003376,-0.013389,0.009440,-1.091256,-0.157995,0.010241
6.000000,0.003359,-0.013322,0.009393,-1.091380,-0.157660,0.010189
6.010000,0.003342,-0.013255,0.009346,-1.091503,-0.157325,0.010139
6.020000,0.003326,-0.013189,0.009300,-1.091626,-0.156992,0.010088
6.030000,0.003309,-0.013123,0.009253,-1.091747,-0.156659,0.010038
6.040000,0.003293,-0.013058,0.009207,-1.091868,-0.156327,0.009988
6.050000,0.003276,-0.012993,0.009161,-1.091988,-0.155995,0.009938
6.060000,0.003260,-0.012928,0.009116,-1.092107,-0.155665,0.009888
6.070000,0.003244,-0.012863,0.009070,-1.092226,-0.155335,0.009839
6.080000,0.003227,-0.012799,0.009025,-1.092344,-0.155006,0.009790
6.090000,0.003211,-0.012735,0.008980,-1.092461,-0.154678,0.009741
6.100000,0.003195,-0.012672,0.008935,-1.092577,-0.154351,0.009692
6.110000,0.003179,-0.012609,0.008891,-1.092692,-0.154024,0.009644
6.120000,0.003163,-0.012546,0.008846,-1.092807,-0.153698,0.009596
6.130000,0.003148,-0.012483,0.008802,-1.092921,-0.153373,0.009548
6.140000,0.003132,-0.012421,0.008758,-1.093034,-0.153049,0.009500
6.150000,0.003116,-0.012359,0.008714,-1.093147,-0.152725,0.009453
6.160000,0.003101,-0.012297,0.008671,-1.093259,-0.152402,0.009406
6.170000,0.003085,-0.012236,0.008628,-1.093370,-0.152080,0.009359
6.180000,0.003070,-0.012175,0.008585,-1.093480,-0.151759,0.009312
6.190000,0.003055,-0.012114,0.008542,-1.093590,-0.151438,0.009266
6.200000,0.003039,-0.012054,0.008499,-1.093699,-0.151119,0.009220
6.210000,0.003024,-0.011994,0.008457,-1.093807,-0.150800,0.009174
6.220000,0.003009,-0.011934,0.008415,-1.093915,-0.150481,0.009128
6.230000,0.002994,-0.011874,0.008373,-1.094021,-0.150164,0.009082
6.240000,0.002979,-0.011815,0.008331,-1.094128,-0.149847,0.009037
6.250000,0.002964,-0.011756,0.008289,-1.094233,-0.149531,0.008992
6.260000,0.002950,-0.011697,0.008248,-1.094338,-0.149215,0.008947
6.270000,0.002935,-0.011639,0.008207,-1.094442,-0.148901,0.008902
6.280000,0.002920,-0.011581,0.008166,-1.094546,-0.148587,0.008858
6.290000,0.002906,-0.011523,0.008125,-1.094649,-0.148274,0.008814
6.300000,0.002891,-0.011466,0.008085,-1.094751,-0.147961,0.008770
6.310000,0.002877,-0.011408,0.008044,-1.094852,-0.147650,0.008726
6.320000,0.002862,-0.011352,0.008004,-1.094953,-0.147339,0.008683
6.330000,0.002848,-0.011295,0.007964,-1.095053,-0.147028,0.008639
6.340000,0.002834,-0.011239,0.007925,-1.095153,-0.146719,0.008596
6.350000,0.002820,-0.011183,0.007885,-1.095252,-0.146410,0.008553
6.360000,0.002806,-0.011127,0.007846,-1.095350,-0.146102,0.008511
6.370000,0.002792,-0.011071,0.007807,-1.095448,-0.145795,0.008468
6.380000,0.002778,-0.011016,0.007768,-1.095545,-0.145488,0.008426
6.390000,0.002764,-0.010961,0.007729,-1.095641,-0.145182,0.008384
6.400000,0.002750,-0.010906,0.007690,-1.095737,-0.144877,0.008342
6.410000,0.002736,-0.010852,0.007652,-1.095832,-0.144572,0.008301
6.420000,0.002723,-0.010798,0.007614,-1.095927,-0.144268,0.008259
6.430000,0.002709,-0.010744,0.007576,-1.096021,-0.143965,0.008218
6.440000,0.002696,-0.010690,0.007538,-1.096114,-0.143663,0.008177
6.450000,0.002682,-0.010637,0.007501,-1.096207,-0.143361,0.008136
6.460000,0.002669,-0.010584,0.007463,-1.096299,-0.143060,0.008096
6.470000,0.002656,-0.010531,0.007426,-1.096390,-0.142760,0.008055
6.480000,0.002642,-0.010479,0.007389,-1.096481,-0.142460,0.008015
6.490000,0.002629,-0.010426,0.007352,-1.096572,-0.142161,0.007975
6.500000,0.002616,-0.010374,0.007315,-1.096662,-0.141863,0.007935
6.510000,0.002603,-0.010323,0.007279,-1.096751,-0.141565,0.007896
6.520000,0.002590,-0.010271,0.007243,-1.096840,-0.141268,0.007856
6.530000,0.002577,-0.010220,0.007206,-1.096928,-0.140972,0.007817
6.540000,0.002564,-0.010169,0.007171,-1.097015,-0.140676,0.007778
6.550000,0.002551,-0.010118,0.007135,-1.097102,-0.140381,0.007739
6.560000,0.002539,-0.010068,0.007099,-1.097189,-0.140087,0.007701
6.570000,0.002526,-0.010017,0.007064,-1.097274,-0.139794,0.007662
6.580000,0.002513,-0.009967,0.007029,-1.097360,-0.139501,0.007624
6.590000,0.002501,-0.009918,0.006993,-1.097444,-0.139209,0.007586
6.600000,0.002488,-0.009868,0.006959,-1.097529,-0.138917,0.007548
6.610000,0.002476,-0.009819,0.006924,-1.097612,-0.138626,0.007511
6.620000,0.002464,-0.009770,0.006889,-1.097695,-0.138336,0.007473
6.630000,0.002451,-0.009721,0.006855,-1.097778,-0.138046,0.007436
6.640000,0.002439,-0.009673,0.006821,-1.097860,-0.137758,0.007399
6.650000,0.002427,-0.009625,0.006787,-1.097942,-0.137469,0.007362
6.660000,0.002415,-0.009577,0.006753,-1.098023,-0.137182,0.007325
6.670000,0.002403,-0.009529,0.006719,-1.098103,-0.136895,0.007289
6.680000,0.002391,-0.009481,0.006686,-1.098183,-0.136609,0.007252
6.690000,0.002379,-0.009434,0.006652,-1.098262,-0.136323,0.007216
6.700000,0.002367,-0.009387,0.006619,-1.098341,-0.136038,0.007180
6.710000,0.002355,-0.009340,0.006586,-1.098420,-0.135754,0.007144
6.720000,0.002344,-0.009293,0.006553,-1.098498,-0.135470,0.007109
6.730000,0.002332,-0.009247,0.006521,-1.098575,-0.135187,0.007073
6.740000,0.002320,-0.009201,0.006488,-1.098652,-0.134905,0.007038
6.750000,0.002309,-0.009155,0.006456,-1.098729,-0.134623,0.007003
6.760000,0.002297,-0.009109,0.006424,-1.098804,-0.134342,0.006968
6.770000,0.002286,-0.009064,0.006392,-1.098880,-0.134061,0.006933
6.780000,0.002274,-0.009019,0.006360,-1.098955,-0.133782,0.006898
6.790000,0.002263,-0.008974,0.006328,-1.099029,-0.133502,0.006864
6.800000,0.002252,-0.008929,0.006296,-1.099103,-0.133224,0.006830
6.810000,0.002240,-0.008884,0.006265,-1.099177,-0.132946,0.006796
6.820000,0.002229,-0.008840,0.006234,-1.099250,-0.132669,0.006762
6.830000,0.002218,-0.008796,0.006203,-1.099323,-0.132392,0.006728
6.840000,0.002207,-0.008752,0.006172,-1.099395,-0.132116,0.006695
6.850000,0.002196,-0.008709,0.006141,-1.099466,-0.131841,0.006661
6.860000,0.002185,-0.008665,0.006110,-1.099538,-0.131566,0.006628
6.870000,0.002174,-0.008622,0.006080,-1.099608,-0.131292,0.006595
6.880000,0.002163,-0.008579,0.006049,-1.099679,-0.131018,0.006562
6.890000,0.002153,-0.008536,0.006019,-1.099748,-0.130745,0.006529
6.900000,0.002142,-0.008493,0.005989,-1.099818,-0.130473,0.006497
6.910000,0.002131,-0.008451,0.005959,-1.099887,-0.130201,0.006464
6.920000,0.002121,-0.008409,0.005930,-1.099955,-0.129930,0.006432
6.930000,0.002110,-0.008367,0.005900,-1.100023,-0.129659,0.006400
6.940000,0.002099,-0.008325,0.005871,-1.100091,-0.129390,0.006368
6.950000,0.002089,-0.008284,0.005841,-1.100158,-0.129120,0.006336
6.960000,0.002079,-0.008242,0.005812,-1.100225,-0.128852,0.006305
6.970000,0.002068,-0.008201,0.005783,-1.100291,-0.128584,0.006273
6.980000,0.002058,-0.008160,0.005754,-1.100357,-0.128316,0.006242
6.990000,0.002048,-0.008120,0.005726,-1.100422,-0.128049,0.006211
7.000000,0.002037,-0.008079,0.005697,-1.100487,-0.127783,0.006180
7.010000,0.002027,-0.008039,0.005669,-1.100552,-0.127517,0.006149
7.020000,0.002017,-0.007999,0.005640,-1.100616,-0.127252,0.006118
7.030000,0.002007,-0.007959,0.005612,-1.100680,-0.126988,0.006088
7.040000,0.001997,-0.007919,0.005584,-1.100744,-0.126724,0.006057
7.050000,0.001987,-0.007880,0.005557,-1.100806,-0.126461,0.006027
7.060000,0.001977,-0.007840,0.005529,-1.100869,-0.126198,0.005997
7.070000,0.001967,-0.007801,0.005501,-1.100931,-0.125936,0.005967
7.080000,0.001957,-0.007762,0.005474,-1.100993,-0.125674,0.005937
7.090000,0.001948,-0.007724,0.005446,-1.101054,-0.125413,0.005908
7.100000,0.001938,-0.007685,0.005419,-1.101115,-0.125153,0.005878
7.110000,0.001928,-0.007647,0.005392,-1.101176,-0.124893,0.005849
7.120000,0.001919,-0.007609,0.005365,-1.101236,-0.124634,0.005820
7.130000,0.001909,-0.007571,0.005339,-1.101296,-0.124375,0.005791
7.140000,0.001900,-0.007533,0.005312,-1.101355,-0.124117,0.005762
7.150000,0.001890,-0.007495,0.005286,-1.101414,-0.123860,0.005733
7.160000,0.001881,-0.007458,0.005259,-1.101473,-0.123603,0.005705
7.170000,0.001871,-0.007421,0.005233,-1.101531,-0.123346,0.005676
7.180000,0.001862,-0.007384,0.005207,-1.101589,-0.123091,0.005648
7.190000,0.001853,-0.007347,0.005181,-1.101647,-0.122835,0.005620
7.200000,0.001843,-0.007310,0.005155,-1.101704,-0.122581,0.005592
7.210000,0.001834,-0.007274,0.005129,-1.101761,-0.122327,0.005564
7.220000,0.001825,-0.007238,0.005104,-1.101817,-0.122073,0.005536
7.230000,0.001816,-0.007201,0.005078,-1.101873,-0.121820,0.005508
7.240000,0.001807,-0.007166,0.005053,-1.101929,-0.121568,0.005481
7.250000,0.001798,-0.007130,0.005028,-1.101984,-0.121316,0.005454
7.260000,0.001789,-0.007094,0.005003,-1.102039,-0.121065,0.005426
7.270000,0.001780,-0.007059,0.004978,-1.102094,-0.120814,0.005399
7.280000,0.001771,-0.007024,0.004953,-1.102148,-0.120564,0.005372
7.290000,0.001762,-0.006989,0.004928,-1.102202,-0.120314,0.005346
7.300000,0.001754,-0.006954,0.004904,-1.102256,-0.120065,0.005319
7.310000,0.001745,-0.006919,0.004879,-1.102309,-0.119817,0.005292
7.320000,0.001736,-0.006885,0.004855,-1.102362,-0.119569,0.005266
7.330000,0.001727,-0.006850,0.004831,-1.102414,-0.119322,0.005240
7.340000,0.001719,-0.006816,0.004806,-1.102467,-0.119075,0.005214
7.350000,0.001710,-0.006782,0.004783,-1.102518,-0.118828,0.005188
7.360000,0.001702,-0.006748,0.004759,-1.102570,-0.118583,0.005162
7.370000,0.001693,-0.006715,0.004735,-1.102621,-0.118337,0.005136
7.380000,0.001685,-0.006681,0.004711,-1.102672,-0.118093,0.005110
7.390000,0.001676,-0.006648,0.004688,-1.102723,-0.117849,0.005085
7.400000,0.001668,-0.006615,0.004664,-1.102773,-0.117605,0.005060
7.410000,0.001660,-0.006582,0.004641,-1.102823,-0.117362,0.005034
7.420000,0.001651,-0.006549,0.004618,-1.102872,-0.117119,0.005009
7.430000,0.001643,-0.006516,0.004595,-1.102922,-0.116878,0.004984
7.440000,0.001635,-0.006484,0.004572,-1.102971,-0.116636,0.004959
7.450000,0.001627,-0.006451,0.004549,-1.103019,-0.116395,0.004935
7.460000,0.001619,-0.006419,0.004527,-1.103068,-0.116155,0.004910
7.470000,0.001611,-0.006387,0.004504,-1.103116,-0.115915,0.004886
7.480000,0.001603,-0.006355,0.004482,-1.103163,-0.115676,0.004861
7.490000,0.001595,-0.006323,0.004459,-1.103211,-0.115437,0.004837
7.500000,0.001587,-0.006292,0.004437,-1.103258,-0.115198,0.004813
7.510000,0.001579,-0.006261,0.004415,-1.103305,-0.114961,0.004789
7.520000,0.001571,-0.006229,0.004393,-1.103351,-0.114723,0.004765
7.530000,0.001563,-0.006198,0.004371,-1.103397,-0.114487,0.004741
7.540000,0.001555,-0.006167,0.004349,-1.103443,-0.114251,0.004717
7.550000,0.001548,-0.006137,0.004327,-1.103489,-0.114015,0.004694
7.560000,0.001540,-0.006106,0.004306,-1.103534,-0.113780,0.004671
7.570000,0.001532,-0.006075,0.004284,-1.103579,-0.113545,0.004647
7.580000,0.001524,-0.006045,0.004263,-1.103624,-0.113311,0.004624
7.590000,0.001517,-0.006015,0.004242,-1.103668,-0.113077,0.004601
7.600000,0.001509,-0.005985,0.004221,-1.103712,-0.112844,0.004578
7.610000,0.001502,-0.005955,0.004199,-1.103756,-0.112612,0.004555
7.620000,0.001494,-0.005925,0.004179,-1.103800,-0.112379,0.004532
7.630000,0.001487,-0.005896,0.004158,-1.103843,-0.112148,0.004510
7.640000,0.001479,-0.005867,0.004137,-1.103886,-0.111917,0.004487
7.650000,0.001472,-0.005837,0.004116,-1.103929,-0.111686,0.004465
7.660000,0.001465,-0.005808,0.004096,-1.103971,-0.111456,0.004443
7.670000,0.001457,-0.005779,0.004075,-1.104013,-0.111227,0.004421
7.680000,0.001450,-0.005750,0.004055,-1.104055,-0.110997,0.004399
7.690000,0.001443,-0.005722,0.004035,-1.104097,-0.110769,0.004377
7.700000,0.001436,-0.005693,0.004015,-1.104138,-0.110541,0.004355
7.710000,0.001429,-0.005665,0.003995,-1.104179,-0.110313,0.004333
7.720000,0.001421,-0.005636,0.003975,-1.104220,-0.110086,0.004311
7.730000,0.001414,-0.005608,0.003955,-1.104261,-0.109860,0.004290
7.740000,0.001407,-0.005580,0.003935,-1.104301,-0.109634,0.004269
7.750000,0.001400,-0.005553,0.003916,-1.104341,-0.109408,0.004247
7.760000,0.001393,-0.005525,0.003896,-1.104381,-0.109183,0.004226
7.770000,0.001386,-0.005497,0.003877,-1.104421,-0.108958,0.004205
7.780000,0.001379,-0.005470,0.003857,-1.104460,-0.108734,0.004184
7.790000,0.001373,-0.005443,0.003838,-1.104499,-0.108510,0.004163
7.800000,0.001366,-0.005415,0.003819,-1.104538,-0.108287,0.004142
7.810000,0.001359,-0.005388,0.003800,-1.104576,-0.108065,0.004122
7.820000,0.001352,-0.005362,0.003781,-1.104615,-0.107842,0.004101
7.830000,0.001345,-0.005335,0.003762,-1.104653,-0.107621,0.004081
7.840000,0.001339,-0.005308,0.003743,-1.104690,-0.107400,0.004060
7.850000,0.001332,-0.005282,0.003725,-1.104728,-0.107179,0.004040
7.860000,0.001325,-0.005255,0.003706,-1.104765,-0.106959,0.004020
7.870000,0.001319,-0.005229,0.003688,-1.104802,-0.106739,0.004000
7.880000,0.001312,-0.005203,0.003669,-1.104839,-0.106519,0.003980
7.890000,0.001306,-0.005177,0.003651,-1.104876,-0.106301,0.003960
7.900000,0.001299,-0.005151,0.003633,-1.104912,-0.106082,0.003940
7.910000,0.001293,-0.005126,0.003615,-1.104948,-0.105864,0.003921
7.920000,0.001286,-0.005100,0.003597,-1.104984,-0.105647,0.003901
7.930000,0.001280,-0.005075,0.003579,-1.105020,-0.105430,0.003882
7.940000,0.001273,-0.005049,0.003561,-1.105055,-0.105214,0.003862
7.950000,0.001267,-0.005024,0.003543,-1.105090,-0.104998,0.003843
7.960000,0.001261,-0.004999,0.003525,-1.105125,-0.104782,0.003824
7.970000,0.001254,-0.004974,0.003508,-1.105160,-0.104567,0.003805
7.980000,0.001248,-0.004949,0.003490,-1.105195,-0.104352,0.003786
7.990000,0.001242,-0.004925,0.003473,-1.105229,-0.104138,0.003767
8.000000,0.001236,-0.004900,0.003455,-1.105263,-0.103924,0.003748
8.010000,0.001230,-0.004876,0.003438,-1.105297,-0.103711,0.003729
8.020000,0.001223,-0.004851,0.003421,-1.105331,-0.103498,0.003711
8.030000,0.001217,-0.004827,0.003404,-1.105364,-0.103286,0.003692
8.040000,0.001211,-0.004803,0.003387,-1.105397,-0.103074,0.003674
8.050000,0.001205,-0.004779,0.003370,-1.105430,-0.102863,0.003656
8.060000,0.001199,-0.004755,0.003353,-1.105463,-0.102652,0.003637
8.070000,0.001193,-0.004732,0.003337,-1.105496,-0.102442,0.003619
8.080000,0.001187,-0.004708,0.003320,-1.105528,-0.102232,0.003601
8.090000,0.001181,-0.004684,0.003303,-1.105560,-0.102022,0.003583
8.100000,0.001175,-0.004661,0.003287,-1.105592,-0.101813,0.003565
8.110000,0.001170,-0.004638,0.003271,-1.105624,-0.101604,0.003548
8.120000,0.001164,-0.004615,0.003254,-1.105655,-0.101396,0.003530
8.130000,0.001158,-0.004592,0.003238,-1.105687,-0.101188,0.003512
8.140000,0.001152,-0.004569,0.003222,-1.105718,-0.100981,0.003495
8.150000,0.001146,-0.004546,0.003206,-1.105749,-0.100774,0.003477
8.160000,0.001141,-0.004523,0.003190,-1.105779,-0.100568,0.003460
8.170000,0.001135,-0.004501,0.003174,-1.105810,-0.100362,0.003443
8.180000,0.001129,-0.004478,0.003158,-1.105840,-0.100156,0.003426
8.190000,0.001124,-0.004456,0.003142,-1.105870,-0.099951,0.003408
8.200000,0.001118,-0.004434,0.003127,-1.105900,-0.099746,0.003391
8.210000,0.001113,-0.004412,0.003111,-1.105930,-0.099542,0.003375
8.220000,0.001107,-0.004390,0.003096,-1.105960,-0.099338,0.003358
8.230000,0.001101,-0.004368,0.003080,-1.105989,-0.099135,0.003341
8.240000,0.001096,-0.004346,0.003065,-1.106018,-0.098932,0.003324
8.250000,0.001091,-0.004324,0.003049,-1.106047,-0.098729,0.003308
8.260000,0.001085,-0.004303,0.003034,-1.106076,-0.098527,0.003291
8.270000,0.001080,-0.004281,0.003019,-1.106105,-0.098326,0.003275
8.280000,0.001074,-0.004260,0.003004,-1.106133,-0.098125,0.003258
8.290000,0.001069,-0.004239,0.002989,-1.106161,-0.097924,0.003242
8.300000,0.001064,-0.004218,0.002974,-1.106189,-0.097724,0.003226
8.310000,0.001058,-0.004196,0.002959,-1.106217,-0.097524,0.003210
8.320000,0.001053,-0.004176,0.002945,-1.106245,-0.097324,0.003194
8.330000,0.001048,-0.004155,0.002930,-1.106273,-0.097125,0.003178
8.340000,0.001043,-0.004134,0.002915,-1.106300,-0.096927,0.003162
8.350000,0.001037,-0.004113,0.002901,-1.106327,-0.096728,0.003146
8.360000,0.001032,-0.004093,0.002886,-1.106354,-0.096531,0.003131
8.370000,0.001027,-0.004072,0.002872,-1.106381,-0.096333,0.003115
8.380000,0.001022,-0.004052,0.002858,-1.106408,-0.096136,0.003100
8.390000,0.001017,-0.004032,0.002843,-1.106434,-0.095940,0.003084
8.400000,0.001012,-0.004012,0.002829,-1.106460,-0.095744,0.003069
8.410000,0.001007,-0.003992,0.002815,-1.106486,-0.095548,0.003053
8.420000,0.001002,-0.003972,0.002801,-1.106512,-0.095353,0.003038
8.430000,0.000997,-0.003952,0.002787,-1.106538,-0.095158,0.003023
8.440000,0.000992,-0.003932,0.002773,-1.106564,-0.094964,0.003008
8.450000,0.000987,-0.003913,0.002759,-1.106589,-0.094770,0.002993
8.460000,0.000982,-0.003893,0.002745,-1.106615,-0.094576,0.002978
8.470000,0.000977,-0.003874,0.002732,-1.106640,-0.094383,0.002963
8.480000,0.000972,-0.003855,0.002718,-1.106665,-0.094190,0.002948
8.490000,0.000967,-0.003835,0.002705,-1.106690,-0.093998,0.002934
8.500000,0.000962,-0.003816,0.002691,-1.106714,-0.093806,0.002919
8.510000,0.000958,-0.003797,0.002678,-1.106739,-0.093614,0.002904
8.520000,0.000953,-0.003778,0.002664,-1.106763,-0.093423,0.002890
8.530000,0.000948,-0.003759,0.002651,-1.106787,-0.093232,0.002876
8.540000,0.000943,-0.003741,0.002638,-1.106811,-0.093042,0.002861
8.550000,0.000939,-0.003722,0.002625,-1.106835,-0.092852,0.002847
8.560000,0.000934,-0.003703,0.002612,-1.106859,-0.092663,0.002833
8.570000,0.000929,-0.003685,0.002599,-1.106883,-0.092474,0.002819
8.580000,0.000925,-0.003667,0.002586,-1.106906,-0.092285,0.002805
8.590000,0.000920,-0.003648,0.002573,-1.106929,-0.092097,0.002791
8.600000,0.000915,-0.003630,0.002560,-1.106952,-0.091909,0.002777
8.610000,0.000911,-0.003612,0.002547,-1.106975,-0.091721,0.002763
8.620000,0.000906,-0.003594,0.002534,-1.106998,-0.091534,0.002749
8.630000,0.000902,-0.003576,0.002522,-1.107021,-0.091347,0.002735
8.640000,0.000897,-0.003558,0.002509,-1.107043,-0.091161,0.002722
8.650000,0.000893,-0.003540,0.002497,-1.107066,-0.090975,0.002708
8.660000,0.000888,-0.003523,0.002484,-1.107088,-0.090790,0.002695
8.670000,0.000884,-0.003505,0.002472,-1.107110,-0.090605,0.002681
8.680000,0.000880,-0.003488,0.002460,-1.107132,-0.090420,0.002668
8.690000,0.000875,-0.003470,0.002447,-1.107154,-0.090236,0.002654
8.700000,0.000871,-0.003453,0.002435,-1.107175,-0.090052,0.002641
8.710000,0.000866,-0.003436,0.002423,-1.107197,-0.089868,0.002628
8.720000,0.000862,-0.003419,0.002411,-1.107218,-0.089685,0.002615
8.730000,0.000858,-0.003402,0.002399,-1.107240,-0.089502,0.002602
8.740000,0.000854,-0.003385,0.002387,-1.107261,-0.089320,0.002589
8.750000,0.000849,-0.003368,0.002375,-1.107282,-0.089138,0.002576
8.760000,0.000845,-0.003351,0.002363,-1.107303,-0.088956,0.002563
8.770000,0.000841,-0.003334,0.002351,-1.107323,-0.088775,0.002550
8.780000,0.000837,-0.003318,0.002340,-1.107344,-0.088594,0.002538
8.790000,0.000832,-0.003301,0.002328,-1.107364,-0.088414,0.002525
8.800000,0.000828,-0.003285,0.002316,-1.107385,-0.088233,0.002512
8.810000,0.000824,-0.003268,0.002305,-1.107405,-0.088054,0.002500
8.820000,0.000820,-0.003252,0.002293,-1.107425,-0.087874,0.002487
8.830000,0.000816,-0.003236,0.002282,-1.107445,-0.087695,0.002475
8.840000,0.000812,-0.003220,0.002270,-1.107464,-0.087517,0.002463
8.850000,0.000808,-0.003203,0.002259,-1.107484,-0.087339,0.002450
8.860000,0.000804,-0.003188,0.002248,-1.107504,-0.087161,0.002438
8.870000,0.000800,-0.003172,0.002237,-1.107523,-0.086983,0.002426
8.880000,0.000796,-0.003156,0.002225,-1.107542,-0.086806,0.002414
8.890000,0.000792,-0.003140,0.002214,-1.107562,-0.086630,0.002402
8.900000,0.000788,-0.003124,0.002203,-1.107581,-0.086453,0.002390
8.910000,0.000784,-0.003109,0.002192,-1.107600,-0.086277,0.002378
8.920000,0.000780,-0.003093,0.002181,-1.107618,-0.086102,0.002366
8.930000,0.000776,-0.003078,0.002171,-1.107637,-0.085927,0.002354
8.940000,0.000772,-0.003063,0.002160,-1.107656,-0.085752,0.002343
8.950000,0.000768,-0.003047,0.002149,-1.107674,-0.085577,0.002331
8.960000,0.000765,-0.003032,0.002138,-1.107692,-0.085403,0.002319
8.970000,0.000761,-0.003017,0.002128,-1.107710,-0.085230,0.002308
8.980000,0.000757,-0.003002,0.002117,-1.107729,-0.085056,0.002296
8.990000,0.000753,-0.002987,0.002106,-1.107746,-0.084883,0.002285
9.000000,0.000750,-0.002972,0.002096,-1.107764,-0.084711,0.002273
9.010000,0.000746,-0.002957,0.002085,-1.107782,-0.084538,0.002262
9.020000,0.000742,-0.002942,0.002075,-1.107800,-0.084366,0.002251
9.030000,0.000738,-0.002928,0.002065,-1.107817,-0.084195,0.002240
9.040000,0.000735,-0.002913,0.002054,-1.107835,-0.084024,0.002228
9.050000,0.000731,-0.002899,0.002044,-1.107852,-0.083853,0.002217
9.060000,0.000727,-0.002884,0.002034,-1.107869,-0.083682,0.002206
9.070000,0.000724,-0.002870,0.002024,-1.107886,-0.083512,0.002195
9.080000,0.000720,-0.002855,0.002014,-1.107903,-0.083342,0.002184
9.090000,0.000717,-0.002841,0.002004,-1.107920,-0.083173,0.002173
9.100000,0.000713,-0.002827,0.001994,-1.107937,-0.083004,0.002162
9.110000,0.000709,-0.002813,0.001984,-1.107953,-0.082835,0.002152
9.120000,0.000706,-0.002799,0.001974,-1.107970,-0.082667,0.002141
9.130000,0.000702,-0.002785,0.001964,-1.107986,-0.082499,0.002130
9.140000,0.000699,-0.002771,0.001954,-1.108002,-0.082331,0.002120
9.150000,0.000695,-0.002757,0.001944,-1.108019,-0.082164,0.002109
9.160000,0.000692,-0.002743,0.001935,-1.108035,-0.081997,0.002099
9.170000,0.000688,-0.002730,0.001925,-1.108051,-0.081831,0.002088
9.180000,0.000685,-0.002716,0.001915,-1.108067,-0.081664,0.002078
9.190000,0.000682,-0.002703,0.001906,-1.108082,-0.081498,0.002067
9.200000,0.000678,-0.002689,0.001896,-1.108098,-0.081333,0.002057
9.210000,0.000675,-0.002676,0.001887,-1.108114,-0.081168,0.002047
9.220000,0.000671,-0.002662,0.001878,-1.108129,-0.081003,0.002037
9.230000,0.000668,-0.002649,0.001868,-1.108144,-0.080838,0.002026
9.240000,0.000665,-0.002636,0.001859,-1.108160,-0.080674,0.002016
9.250000,0.000661,-0.002623,0.001850,-1.108175,-0.080511,0.002006
9.260000,0.000658,-0.002610,0.001840,-1.108190,-0.080347,0.001996
9.270000,0.000655,-0.002597,0.001831,-1.108205,-0.080184,0.001986
9.280000,0.000652,-0.002584,0.001822,-1.108220,-0.080021,0.001976
9.290000,0.000648,-0.002571,0.001813,-1.108235,-0.079859,0.001966
9.300000,0.000645,-0.002558,0.001804,-1.108249,-0.079697,0.001957
9.310000,0.000642,-0.002545,0.001795,-1.108264,-0.079535,0.001947
9.320000,0.000639,-0.002533,0.001786,-1.108278,-0.079373,0.001937
9.330000,0.000635,-0.002520,0.001777,-1.108293,-0.079212,0.001928
9.340000,0.000632,-0.002507,0.001768,-1.108307,-0.079052,0.001918
9.350000,0.000629,-0.002495,0.001759,-1.108321,-0.078891,0.001908
9.360000,0.000626,-0.002482,0.001751,-1.108335,-0.078731,0.001899
9.370000,0.000623,-0.002470,0.001742,-1.108350,-0.078571,0.001889
9.380000,0.000620,-0.002458,0.001733,-1.108363,-0.078412,0.001880
9.390000,0.000617,-0.002445,0.001725,-1.108377,-0.078253,0.001871
9.400000,0.000614,-0.002433,0.001716,-1.108391,-0.078094,0.001861
9.410000,0.000611,-0.002421,0.001707,-1.108405,-0.077936,0.001852
9.420000,0.000608,-0.002409,0.001699,-1.108418,-0.077778,0.001843
9.430000,0.000605,-0.002397,0.001690,-1.108432,-0.077620,0.001834
9.440000,0.000601,-0.002385,0.001682,-1.108445,-0.077463,0.001824
9.450000,0.000598,-0.002373,0.001674,-1.108459,-0.077306,0.001815
9.460000,0.000596,-0.002361,0.001665,-1.108472,-0.077149,0.001806
9.470000,0.000593,-0.002350,0.001657,-1.108485,-0.076992,0.001797
9.480000,0.000590,-0.002338,0.001649,-1.108498,-0.076836,0.001788
9.490000,0.000587,-0.002326,0.001640,-1.108511,-0.076681,0.001779
9.500000,0.000584,-0.002315,0.001632,-1.108524,-0.076525,0.001770
9.510000,0.000581,-0.002303,0.001624,-1.108537,-0.076370,0.001762
9.520000,0.000578,-0.002292,0.001616,-1.108550,-0.076215,0.001753
9.530000,0.000575,-0.002280,0.001608,-1.108562,-0.076061,0.001744
9.540000,0.000572,-0.002269,0.001600,-1.108575,-0.075906,0.001735
9.550000,0.000569,-0.002257,0.001592,-1.108587,-0.075753,0.001727
9.560000,0.000566,-0.002246,0.001584,-1.108600,-0.075599,0.001718
9.570000,0.000564,-0.002235,0.001576,-1.108612,-0.075446,0.001710
9.580000,0.000561,-0.002224,0.001568,-1.108624,-0.075293,0.001701
9.590000,0.000558,-0.002213,0.001560,-1.108637,-0.075140,0.001693
9.600000,0.000555,-0.002202,0.001553,-1.108649,-0.074988,0.001684
9.610000,0.000552,-0.002191,0.001545,-1.108661,-0.074836,0.001676
9.620000,0.000550,-0.002180,0.001537,-1.108673,-0.074685,0.001667
9.630000,0.000547,-0.002169,0.001530,-1.108684,-0.074533,0.001659
9.640000,0.000544,-0.002158,0.001522,-1.108696,-0.074382,0.001651
9.650000,0.000542,-0.002147,0.001514,-1.108708,-0.074232,0.001643
9.660000,0.000539,-0.002137,0.001507,-1.108720,-0.074081,0.001634
9.670000,0.000536,-0.002126,0.001499,-1.108731,-0.073931,0.001626
9.680000,0.000533,-0.002115,0.001492,-1.108743,-0.073782,0.001618
9.690000,0.000531,-0.002105,0.001484,-1.108754,-0.073632,0.001610
9.700000,0.000528,-0.002094,0.001477,-1.108765,-0.073483,0.001602
9.710000,0.000526,-0.002084,0.001470,-1.108777,-0.073334,0.001594
9.720000,0.000523,-0.002073,0.001462,-1.108788,-0.073186,0.001586
9.730000,0.000520,-0.002063,0.001455,-1.108799,-0.073038,0.001578
9.740000,0.000518,-0.002053,0.001448,-1.108810,-0.072890,0.001570
9.750000,0.000515,-0.002043,0.001440,-1.108821,-0.072742,0.001562
9.760000,0.000513,-0.002032,0.001433,-1.108832,-0.072595,0.001555
9.770000,0.000510,-0.002022,0.001426,-1.108843,-0.072448,0.001547
9.780000,0.000507,-0.002012,0.001419,-1.108854,-0.072301,0.001539
9.790000,0.000505,-0.002002,0.001412,-1.108864,-0.072155,0.001532
9.800000,0.000502,-0.001992,0.001405,-1.108875,-0.072009,0.001524
9.810000,0.000500,-0.001982,0.001398,-1.108885,-0.071863,0.001516
9.820000,0.000497,-0.001972,0.001391,-1.108896,-0.071718,0.001509
9.830000,0.000495,-0.001963,0.001384,-1.108906,-0.071573,0.001501
9.840000,0.000492,-0.001953,0.001377,-1.108917,-0.071428,0.001494
9.850000,0.000490,-0.001943,0.001370,-1.108927,-0.071283,0.001486
9.860000,0.000488,-0.001933,0.001363,-1.108937,-0.071139,0.001479
9.870000,0.000485,-0.001924,0.001357,-1.108947,-0.070995,0.001471
9.880000,0.000483,-0.001914,0.001350,-1.108957,-0.070852,0.001464
9.890000,0.000480,-0.001905,0.001343,-1.108968,-0.070708,0.001457
9.900000,0.000478,-0.001895,0.001336,-1.108977,-0.070565,0.001450
9.910000,0.000476,-0.001886,0.001330,-1.108987,-0.070423,0.001442
9.920000,0.000473,-0.001876,0.001323,-1.108997,-0.070280,0.001435
9.930000,0.000471,-0.001867,0.001316,-1.109007,-0.070138,0.001428
9.940000,0.000468,-0.001857,0.001310,-1.109017,-0.069996,0.001421
9.950000,0.000466,-0.001848,0.001303,-1.109026,-0.069855,0.001414
9.960000,0.000464,-0.001839,0.001297,-1.109036,-0.069713,0.001407
9.970000,0.000461,-0.001830,0.001290,-1.109045,-0.069572,0.001400
9.980000,0.000459,-0.001821,0.001284,-1.109055,-0.069432,0.001393
9.990000,0.000457,-0.001812,0.001278,-1.109064,-0.069291,0.001386
10.000000,0.000455,-0.001803,0.001271,-1.109074,-0.069151,0.001379
