0.000000,-0.111658,-0.880800,-0.035741,0.160021,-0.063686,-0.447758
0.010000,-0.111088,-0.870533,-0.035562,0.154768,-0.063557,-0.444638
0.020000,-0.110520,-0.860502,-0.035383,0.149521,-0.063429,-0.441553
0.030000,-0.109956,-0.850697,-0.035205,0.144281,-0.063301,-0.438501
0.040000,-0.109394,-0.841112,-0.035028,0.139048,-0.063173,-0.435481
0.050000,-0.108835,-0.831737,-0.034852,0.133821,-0.063046,-0.432494
0.060000,-0.108280,-0.822566,-0.034677,0.128602,-0.062919,-0.429538
0.070000,-0.107727,-0.813591,-0.034503,0.123390,-0.062792,-0.426613
0.080000,-0.107178,-0.804806,-0.034329,0.118185,-0.062665,-0.423719
0.090000,-0.106631,-0.796205,-0.034157,0.112987,-0.062539,-0.420855
0.100000,-0.106087,-0.787781,-0.033985,0.107796,-0.062412,-0.418020
0.110000,-0.105546,-0.779528,-0.033815,0.102614,-0.062287,-0.415213
0.120000,-0.105008,-0.771440,-0.033645,0.097439,-0.062161,-0.412436
0.130000,-0.104473,-0.763514,-0.033476,0.092271,-0.062035,-0.409686
0.140000,-0.103940,-0.755742,-0.033308,0.087112,-0.061910,-0.406963
0.150000,-0.103411,-0.748120,-0.033140,0.081961,-0.061785,-0.404268
0.160000,-0.102884,-0.740644,-0.032974,0.076818,-0.061661,-0.401599
0.170000,-0.102360,-0.733310,-0.032808,0.071683,-0.061536,-0.398956
0.180000,-0.101839,-0.726111,-0.032644,0.066557,-0.061412,-0.396339
0.190000,-0.101321,-0.719046,-0.032480,0.061439,-0.061289,-0.393748
0.200000,-0.100805,-0.712109,-0.032317,0.056330,-0.061165,-0.391181
0.210000,-0.100292,-0.705296,-0.032155,0.051230,-0.061042,-0.388639
0.220000,-0.099782,-0.698605,-0.031993,0.046138,-0.060918,-0.386120
0.230000,-0.099275,-0.692031,-0.031833,0.041056,-0.060796,-0.383626
0.240000,-0.098770,-0.685572,-0.031673,0.035982,-0.060673,-0.381155
0.250000,-0.098268,-0.679223,-0.031514,0.030918,-0.060551,-0.378707
0.260000,-0.097768,-0.672982,-0.031356,0.025864,-0.060429,-0.376281
0.270000,-0.097271,-0.666846,-0.031198,0.020818,-0.060307,-0.373878
0.280000,-0.096777,-0.660812,-0.031042,0.015783,-0.060185,-0.371497
0.290000,-0.096285,-0.654877,-0.030886,0.010756,-0.060064,-0.369138
0.300000,-0.095796,-0.649038,-0.030731,0.005740,-0.059943,-0.366800
0.310000,-0.095310,-0.643293,-0.030577,0.000734,-0.059822,-0.364483
0.320000,-0.094826,-0.637640,-0.030424,-0.004263,-0.059701,-0.362186
0.330000,-0.094344,-0.632076,-0.030271,-0.009249,-0.059581,-0.359911
0.340000,-0.093866,-0.626598,-0.030119,-0.014225,-0.059461,-0.357655
0.350000,-0.093389,-0.621204,-0.029968,-0.019191,-0.059341,-0.355419
0.360000,-0.092915,-0.615893,-0.029818,-0.024147,-0.059221,-0.353203
0.370000,-0.092444,-0.610662,-0.029668,-0.029092,-0.059102,-0.351005
0.380000,-0.091975,-0.605509,-0.029520,-0.034026,-0.058983,-0.348827
0.390000,-0.091509,-0.600433,-0.029371,-0.038950,-0.058864,-0.346668
0.400000,-0.091045,-0.595430,-0.029224,-0.043863,-0.058745,-0.344527
0.410000,-0.090583,-0.590501,-0.029078,-0.048765,-0.058627,-0.342405
0.420000,-0.090124,-0.585642,-0.028932,-0.053656,-0.058509,-0.340300
0.430000,-0.089667,-0.580852,-0.028787,-0.058536,-0.058391,-0.338214
0.440000,-0.089213,-0.576130,-0.028643,-0.063404,-0.058273,-0.336144
0.450000,-0.088761,-0.571474,-0.028499,-0.068262,-0.058156,-0.334093
0.460000,-0.088311,-0.566882,-0.028356,-0.073108,-0.058039,-0.332058
0.470000,-0.087864,-0.562353,-0.028214,-0.077943,-0.057922,-0.330040
0.480000,-0.087419,-0.557886,-0.028073,-0.082766,-0.057805,-0.328038
0.490000,-0.086976,-0.553478,-0.027932,-0.087577,-0.057689,-0.326053
0.500000,-0.086536,-0.549130,-0.027792,-0.092377,-0.057573,-0.324084
0.510000,-0.086098,-0.544839,-0.027653,-0.097165,-0.057457,-0.322131
0.520000,-0.085662,-0.540604,-0.027514,-0.101941,-0.057341,-0.320194
0.530000,-0.085229,-0.536424,-0.027376,-0.106705,-0.057225,-0.318273
0.540000,-0.084798,-0.532298,-0.027239,-0.111458,-0.057110,-0.316367
0.550000,-0.084369,-0.528225,-0.027103,-0.116198,-0.056995,-0.314476
0.560000,-0.083942,-0.524203,-0.026967,-0.120925,-0.056880,-0.312600
0.570000,-0.083518,-0.520232,-0.026832,-0.125641,-0.056766,-0.310739
0.580000,-0.083095,-0.516310,-0.026697,-0.130344,-0.056651,-0.308892
0.590000,-0.082675,-0.512436,-0.026563,-0.135035,-0.056537,-0.307060
0.600000,-0.082257,-0.508610,-0.026430,-0.139713,-0.056423,-0.305243
0.610000,-0.081841,-0.504831,-0.026298,-0.144378,-0.056310,-0.303439
0.620000,-0.081428,-0.501096,-0.026166,-0.149031,-0.056196,-0.301650
0.630000,-0.081016,-0.497407,-0.026035,-0.153671,-0.056083,-0.299874
0.640000,-0.080607,-0.493761,-0.025905,-0.158299,-0.055970,-0.298111
0.650000,-0.080200,-0.490158,-0.025775,-0.162913,-0.055858,-0.296363
0.660000,-0.079795,-0.486597,-0.025646,-0.167514,-0.055745,-0.294627
0.670000,-0.079392,-0.483077,-0.025518,-0.172103,-0.055633,-0.292905
0.680000,-0.078991,-0.479598,-0.025390,-0.176678,-0.055521,-0.291195
0.690000,-0.078592,-0.476158,-0.025263,-0.181241,-0.055409,-0.289499
0.700000,-0.078195,-0.472758,-0.025136,-0.185790,-0.055297,-0.287815
0.710000,-0.077800,-0.469395,-0.025010,-0.190325,-0.055186,-0.286144
0.720000,-0.077408,-0.466070,-0.024885,-0.194848,-0.055075,-0.284485
0.730000,-0.077017,-0.462782,-0.024761,-0.199357,-0.054964,-0.282839
0.740000,-0.076628,-0.459530,-0.024637,-0.203852,-0.054854,-0.281204
0.750000,-0.076242,-0.456313,-0.024513,-0.208334,-0.054743,-0.279582
0.760000,-0.075857,-0.453132,-0.024391,-0.212803,-0.054633,-0.277971
0.770000,-0.075474,-0.449984,-0.024268,-0.217257,-0.054523,-0.276372
0.780000,-0.075094,-0.446870,-0.024147,-0.221698,-0.054413,-0.274785
0.790000,-0.074715,-0.443789,-0.024026,-0.226126,-0.054304,-0.273210
0.800000,-0.074338,-0.440741,-0.023906,-0.230539,-0.054194,-0.271645
0.810000,-0.073963,-0.437724,-0.023786,-0.234939,-0.054085,-0.270092
0.820000,-0.073590,-0.434739,-0.023667,-0.239325,-0.053976,-0.268550
0.830000,-0.073220,-0.431785,-0.023549,-0.243697,-0.053868,-0.267019
0.840000,-0.072850,-0.428860,-0.023431,-0.248055,-0.053759,-0.265499
0.850000,-0.072483,-0.425966,-0.023314,-0.252398,-0.053651,-0.263990
0.860000,-0.072118,-0.423101,-0.023197,-0.256728,-0.053543,-0.262491
0.870000,-0.071755,-0.420265,-0.023081,-0.261044,-0.053436,-0.261003
0.880000,-0.071393,-0.417457,-0.022965,-0.265345,-0.053328,-0.259526
0.890000,-0.071033,-0.414677,-0.022850,-0.269632,-0.053221,-0.258058
0.900000,-0.070676,-0.411925,-0.022736,-0.273905,-0.053114,-0.256601
0.910000,-0.070320,-0.409199,-0.022622,-0.278164,-0.053007,-0.255154
0.920000,-0.069965,-0.406500,-0.022509,-0.282408,-0.052900,-0.253718
0.930000,-0.069613,-0.403827,-0.022397,-0.286638,-0.052794,-0.252291
0.940000,-0.069263,-0.401180,-0.022284,-0.290854,-0.052687,-0.250873
0.950000,-0.068914,-0.398558,-0.022173,-0.295055,-0.052581,-0.249466
0.960000,-0.068567,-0.395961,-0.022062,-0.299241,-0.052476,-0.248068
0.970000,-0.068222,-0.393389,-0.021952,-0.303413,-0.052370,-0.246680
0.980000,-0.067878,-0.390841,-0.021842,-0.307571,-0.052265,-0.245301
0.990000,-0.067537,-0.388317,-0.021733,-0.311714,-0.052160,-0.243932
1.000000,-0.067197,-0.385816,-0.021624,-0.315842,-0.052055,-0.242572
1.010000,-0.066859,-0.383338,-0.021516,-0.319956,-0.051950,-0.241221
1.020000,-0.066522,-0.380883,-0.021408,-0.324055,-0.051846,-0.239879
1.030000,-0.066187,-0.378451,-0.021301,-0.328139,-0.051741,-0.238546
1.040000,-0.065854,-0.376040,-0.021195,-0.332209,-0.051637,-0.237222
1.050000,-0.065523,-0.373651,-0.021089,-0.336263,-0.051533,-0.235906
1.060000,-0.065194,-0.371284,-0.020983,-0.340303,-0.051430,-0.234600
1.070000,-0.064866,-0.368938,-0.020878,-0.344329,-0.051326,-0.233302
1.080000,-0.064540,-0.366613,-0.020774,-0.348339,-0.051223,-0.232013
1.090000,-0.064215,-0.364308,-0.020670,-0.352335,-0.051120,-0.230732
1.100000,-0.063892,-0.362024,-0.020566,-0.356316,-0.051017,-0.229460
1.110000,-0.063571,-0.359760,-0.020464,-0.360281,-0.050915,-0.228196
1.120000,-0.063251,-0.357515,-0.020361,-0.364232,-0.050812,-0.226940
1.130000,-0.062933,-0.355290,-0.020259,-0.368168,-0.050710,-0.225693
1.140000,-0.062617,-0.353084,-0.020158,-0.372090,-0.050608,-0.224453
1.150000,-0.062302,-0.350897,-0.020057,-0.375996,-0.050506,-0.223222
1.160000,-0.061989,-0.348728,-0.019957,-0.379887,-0.050405,-0.221999
1.170000,-0.061678,-0.346578,-0.019857,-0.383763,-0.050303,-0.220783
1.180000,-0.061368,-0.344446,-0.019758,-0.387625,-0.050202,-0.219576
1.190000,-0.061059,-0.342332,-0.019659,-0.391471,-0.050101,-0.218376
1.200000,-0.060752,-0.340236,-0.019561,-0.395302,-0.050001,-0.217184
1.210000,-0.060447,-0.338157,-0.019463,-0.399118,-0.049900,-0.215999
1.220000,-0.060144,-0.336096,-0.019366,-0.402920,-0.049800,-0.214822
1.230000,-0.059841,-0.334051,-0.019269,-0.406706,-0.049700,-0.213652
1.240000,-0.059541,-0.332024,-0.019173,-0.410477,-0.049600,-0.212490
1.250000,-0.059242,-0.330012,-0.019077,-0.414233,-0.049500,-0.211336
1.260000,-0.058944,-0.328017,-0.018982,-0.417975,-0.049401,-0.210188
1.270000,-0.058648,-0.326039,-0.018887,-0.421701,-0.049301,-0.209048
1.280000,-0.058354,-0.324076,-0.018792,-0.425412,-0.049202,-0.207915
1.290000,-0.058061,-0.322129,-0.018698,-0.429108,-0.049103,-0.206789
1.300000,-0.057769,-0.320198,-0.018605,-0.432789,-0.049005,-0.205670
1.310000,-0.057479,-0.318282,-0.018512,-0.436455,-0.048906,-0.204558
1.320000,-0.057191,-0.316381,-0.018419,-0.440105,-0.048808,-0.203453
1.330000,-0.056904,-0.314495,-0.018327,-0.443741,-0.048710,-0.202355
1.340000,-0.056618,-0.312624,-0.018236,-0.447362,-0.048612,-0.201264
1.350000,-0.056334,-0.310767,-0.018145,-0.450968,-0.048514,-0.200180
1.360000,-0.056051,-0.308926,-0.018054,-0.454558,-0.048417,-0.199102
1.370000,-0.055770,-0.307098,-0.017964,-0.458134,-0.048319,-0.198031
1.380000,-0.055490,-0.305284,-0.017874,-0.461695,-0.048222,-0.196966
1.390000,-0.055211,-0.303485,-0.017785,-0.465240,-0.048125,-0.195908
1.400000,-0.054934,-0.301699,-0.017696,-0.468771,-0.048029,-0.194857
1.410000,-0.054659,-0.299927,-0.017607,-0.472286,-0.047932,-0.193812
1.420000,-0.054384,-0.298168,-0.017519,-0.475787,-0.047836,-0.192773
1.430000,-0.054112,-0.296423,-0.017432,-0.479273,-0.047740,-0.191741
1.440000,-0.053840,-0.294690,-0.017345,-0.482743,-0.047644,-0.190715
1.450000,-0.053570,-0.292971,-0.017258,-0.486199,-0.047548,-0.189695
1.460000,-0.053301,-0.291265,-0.017172,-0.489639,-0.047452,-0.188681
1.470000,-0.053034,-0.289571,-0.017086,-0.493065,-0.047357,-0.187674
1.480000,-0.052768,-0.287890,-0.017001,-0.496476,-0.047262,-0.186672
1.490000,-0.052503,-0.286222,-0.016916,-0.499872,-0.047167,-0.185677
1.500000,-0.052240,-0.284565,-0.016831,-0.503253,-0.047072,-0.184687
1.510000,-0.051978,-0.282921,-0.016747,-0.506619,-0.046978,-0.183704
1.520000,-0.051718,-0.281289,-0.016663,-0.509970,-0.046883,-0.182726
1.530000,-0.051458,-0.279669,-0.016580,-0.513307,-0.046789,-0.181755
1.540000,-0.051200,-0.278061,-0.016497,-0.516629,-0.046695,-0.180789
1.550000,-0.050944,-0.276464,-0.016415,-0.519935,-0.046601,-0.179829
1.560000,-0.050688,-0.274879,-0.016333,-0.523227,-0.046508,-0.178874
1.570000,-0.050434,-0.273305,-0.016251,-0.526505,-0.046414,-0.177925
1.580000,-0.050181,-0.271742,-0.016170,-0.529767,-0.046321,-0.176982
1.590000,-0.049930,-0.270191,-0.016089,-0.533015,-0.046228,-0.176045
1.600000,-0.049679,-0.268651,-0.016009,-0.536248,-0.046135,-0.175113
1.610000,-0.049430,-0.267121,-0.015929,-0.539466,-0.046042,-0.174186
1.620000,-0.049183,-0.265603,-0.015849,-0.542670,-0.045950,-0.173265
1.630000,-0.048936,-0.264095,-0.015770,-0.545859,-0.045858,-0.172349
1.640000,-0.048691,-0.262598,-0.015691,-0.549033,-0.045766,-0.171439
1.650000,-0.048447,-0.261111,-0.015613,-0.552193,-0.045674,-0.170534
1.660000,-0.048204,-0.259635,-0.015535,-0.555338,-0.045582,-0.169635
1.670000,-0.047963,-0.258168,-0.015457,-0.558469,-0.045490,-0.168740
1.680000,-0.047722,-0.256713,-0.015380,-0.561585,-0.045399,-0.167851
1.690000,-0.047483,-0.255267,-0.015303,-0.564687,-0.045308,-0.166967
1.700000,-0.047245,-0.253831,-0.015227,-0.567774,-0.045217,-0.166088
1.710000,-0.047009,-0.252405,-0.015151,-0.570846,-0.045126,-0.165215
1.720000,-0.046773,-0.250989,-0.015075,-0.573905,-0.045035,-0.164346
1.730000,-0.046539,-0.249582,-0.015000,-0.576949,-0.044945,-0.163482
1.740000,-0.046306,-0.248185,-0.014925,-0.579978,-0.044855,-0.162624
1.750000,-0.046074,-0.246797,-0.014851,-0.582994,-0.044765,-0.161770
1.760000,-0.045843,-0.245419,-0.014776,-0.585995,-0.044675,-0.160921
1.770000,-0.045614,-0.244051,-0.014703,-0.588981,-0.044585,-0.160077
1.780000,-0.045385,-0.242691,-0.014629,-0.591954,-0.044496,-0.159239
1.790000,-0.045158,-0.241341,-0.014556,-0.594912,-0.044406,-0.158404
1.800000,-0.044932,-0.239999,-0.014483,-0.597856,-0.044317,-0.157575
1.810000,-0.044707,-0.238667,-0.014411,-0.600786,-0.044228,-0.156750
1.820000,-0.044483,-0.237343,-0.014339,-0.603702,-0.044139,-0.155930
1.830000,-0.044260,-0.236028,-0.014267,-0.606604,-0.044051,-0.155115
1.840000,-0.044039,-0.234722,-0.014196,-0.609491,-0.043962,-0.154305
1.850000,-0.043818,-0.233425,-0.014125,-0.612365,-0.043874,-0.153499
1.860000,-0.043599,-0.232136,-0.014055,-0.615225,-0.043786,-0.152697
1.870000,-0.043380,-0.230855,-0.013985,-0.618071,-0.043698,-0.151900
1.880000,-0.043163,-0.229583,-0.013915,-0.620902,-0.043610,-0.151108
1.890000,-0.042947,-0.228320,-0.013845,-0.623720,-0.043523,-0.150320
1.900000,-0.042732,-0.227064,-0.013776,-0.626525,-0.043435,-0.149537
1.910000,-0.042518,-0.225817,-0.013707,-0.629315,-0.043348,-0.148758
1.920000,-0.042305,-0.224578,-0.013639,-0.632092,-0.043261,-0.147984
1.930000,-0.042094,-0.223346,-0.013571,-0.634855,-0.043174,-0.147213
1.940000,-0.041883,-0.222123,-0.013503,-0.637604,-0.043088,-0.146448
1.950000,-0.041673,-0.220908,-0.013436,-0.640340,-0.043001,-0.145686
1.960000,-0.041465,-0.219700,-0.013369,-0.643062,-0.042915,-0.144929
1.970000,-0.041257,-0.218500,-0.013302,-0.645770,-0.042829,-0.144176
1.980000,-0.041051,-0.217308,-0.013235,-0.648465,-0.042743,-0.143427
1.990000,-0.040845,-0.216124,-0.013169,-0.651146,-0.042657,-0.142683
2.000000,-0.040641,-0.214947,-0.013104,-0.653814,-0.042571,-0.141942
2.010000,-0.040438,-0.213777,-0.013038,-0.656469,-0.042486,-0.141206
2.020000,-0.040235,-0.212615,-0.012973,-0.659110,-0.042401,-0.140474
2.030000,-0.040034,-0.211460,-0.012908,-0.661738,-0.042315,-0.139746
2.040000,-0.039834,-0.210313,-0.012844,-0.664352,-0.042231,-0.139022
2.050000,-0.039634,-0.209172,-0.012780,-0.666953,-0.042146,-0.138302
2.060000,-0.039436,-0.208039,-0.012716,-0.669541,-0.042061,-0.137586
2.070000,-0.039239,-0.206913,-0.012652,-0.672116,-0.041977,-0.136874
2.080000,-0.039043,-0.205794,-0.012589,-0.674678,-0.041893,-0.136166
2.090000,-0.038847,-0.204682,-0.012526,-0.677227,-0.041809,-0.135462
2.100000,-0.038653,-0.203577,-0.012464,-0.679762,-0.041725,-0.134762
2.110000,-0.038460,-0.202479,-0.012402,-0.682285,-0.041641,-0.134065
2.120000,-0.038267,-0.201387,-0.012340,-0.684794,-0.041557,-0.133373
2.130000,-0.038076,-0.200303,-0.012278,-0.687291,-0.041474,-0.132684
2.140000,-0.037885,-0.199225,-0.012217,-0.689775,-0.041391,-0.131999
2.150000,-0.037696,-0.198153,-0.012156,-0.692246,-0.041308,-0.131318
2.160000,-0.037507,-0.197088,-0.012095,-0.694704,-0.041225,-0.130641
2.170000,-0.037320,-0.196030,-0.012035,-0.697150,-0.041142,-0.129967
2.180000,-0.037133,-0.194978,-0.011975,-0.699582,-0.041060,-0.129297
2.190000,-0.036947,-0.193933,-0.011915,-0.702002,-0.040977,-0.128631
2.200000,-0.036763,-0.192894,-0.011855,-0.704410,-0.040895,-0.127968
2.210000,-0.036579,-0.191861,-0.011796,-0.706805,-0.040813,-0.127309
2.220000,-0.036396,-0.190835,-0.011737,-0.709187,-0.040731,-0.126654
2.230000,-0.036214,-0.189815,-0.011679,-0.711557,-0.040649,-0.126002
2.240000,-0.036033,-0.188801,-0.011620,-0.713914,-0.040568,-0.125354
2.250000,-0.035852,-0.187793,-0.011562,-0.716259,-0.040486,-0.124709
2.260000,-0.035673,-0.186791,-0.011505,-0.718592,-0.040405,-0.124068
2.270000,-0.035495,-0.185796,-0.011447,-0.720912,-0.040324,-0.123430
2.280000,-0.035317,-0.184806,-0.011390,-0.723220,-0.040243,-0.122796
2.290000,-0.035141,-0.183822,-0.011333,-0.725516,-0.040162,-0.122165
2.300000,-0.034965,-0.182844,-0.011277,-0.727800,-0.040082,-0.121538
2.310000,-0.034790,-0.181872,-0.011220,-0.730071,-0.040001,-0.120914
2.320000,-0.034616,-0.180906,-0.011164,-0.732331,-0.039921,-0.120293
2.330000,-0.034443,-0.179945,-0.011109,-0.734578,-0.039841,-0.119676
2.340000,-0.034271,-0.178990,-0.011053,-0.736814,-0.039761,-0.119062
2.350000,-0.034100,-0.178041,-0.010998,-0.739037,-0.039681,-0.118452
2.360000,-0.033929,-0.177098,-0.010943,-0.741249,-0.039602,-0.117845
2.370000,-0.033760,-0.176160,-0.010889,-0.743448,-0.039522,-0.117241
2.380000,-0.033591,-0.175227,-0.010834,-0.745636,-0.039443,-0.116640
2.390000,-0.033423,-0.174300,-0.010780,-0.747813,-0.039364,-0.116042
2.400000,-0.033256,-0.173379,-0.010726,-0.749977,-0.039285,-0.115448
2.410000,-0.033090,-0.172463,-0.010673,-0.752130,-0.039206,-0.114857
2.420000,-0.032924,-0.171552,-0.010620,-0.754271,-0.039128,-0.114269
2.430000,-0.032760,-0.170647,-0.010567,-0.756400,-0.039049,-0.113685
2.440000,-0.032596,-0.169747,-0.010514,-0.758518,-0.038971,-0.113103
2.450000,-0.032433,-0.168852,-0.010461,-0.760625,-0.038893,-0.112525
2.460000,-0.032271,-0.167962,-0.010409,-0.762720,-0.038815,-0.111949
2.470000,-0.032110,-0.167078,-0.010357,-0.764804,-0.038737,-0.111377
2.480000,-0.031949,-0.166199,-0.010306,-0.766876,-0.038659,-0.110808
2.490000,-0.031790,-0.165325,-0.010254,-0.768937,-0.038582,-0.110242
2.500000,-0.031631,-0.164455,-0.010203,-0.770987,-0.038504,-0.109679
2.510000,-0.031473,-0.163591,-0.010152,-0.773025,-0.038427,-0.109119
2.520000,-0.031315,-0.162732,-0.010101,-0.775053,-0.038350,-0.108562
2.530000,-0.031159,-0.161878,-0.010051,-0.777069,-0.038273,-0.108007
2.540000,-0.031003,-0.161029,-0.010001,-0.779074,-0.038196,-0.107456
2.550000,-0.030848,-0.160185,-0.009951,-0.781068,-0.038120,-0.106908
2.560000,-0.030694,-0.159345,-0.009901,-0.783051,-0.038043,-0.106363
2.570000,-0.030541,-0.158511,-0.009852,-0.785024,-0.037967,-0.105820
2.580000,-0.030388,-0.157681,-0.009803,-0.786985,-0.037891,-0.105281
2.590000,-0.030236,-0.156856,-0.009754,-0.788936,-0.037815,-0.104744
2.600000,-0.030085,-0.156036,-0.009705,-0.790875,-0.037739,-0.104210
2.610000,-0.029935,-0.155220,-0.009657,-0.792804,-0.037663,-0.103679
2.620000,-0.029785,-0.154409,-0.009608,-0.794723,-0.037588,-0.103151
2.630000,-0.029637,-0.153602,-0.009560,-0.796630,-0.037513,-0.102626
2.640000,-0.029488,-0.152801,-0.009513,-0.798527,-0.037437,-0.102103
2.650000,-0.029341,-0.152003,-0.009465,-0.800414,-0.037362,-0.101584
2.660000,-0.029195,-0.151211,-0.009418,-0.802290,-0.037287,-0.101067
2.670000,-0.029049,-0.150422,-0.009371,-0.804155,-0.037213,-0.100552
2.680000,-0.028904,-0.149639,-0.009324,-0.806010,-0.037138,-0.100041
2.690000,-0.028759,-0.148859,-0.009278,-0.807855,-0.037064,-0.099532
2.700000,-0.028615,-0.148084,-0.009231,-0.809689,-0.036989,-0.099026
2.710000,-0.028473,-0.147314,-0.009185,-0.811514,-0.036915,-0.098522
2.720000,-0.028330,-0.146547,-0.009140,-0.813327,-0.036841,-0.098021
2.730000,-0.028189,-0.145785,-0.009094,-0.815131,-0.036767,-0.097523
2.740000,-0.028048,-0.145028,-0.009049,-0.816925,-0.036694,-0.097028
2.750000,-0.027908,-0.144274,-0.009003,-0.818708,-0.036620,-0.096535
2.760000,-0.027768,-0.143525,-0.008958,-0.820481,-0.036547,-0.096044
2.770000,-0.027630,-0.142780,-0.008914,-0.822245,-0.036473,-0.095556
2.780000,-0.027492,-0.142039,-0.008869,-0.823998,-0.036400,-0.095071
2.790000,-0.027354,-0.141303,-0.008825,-0.825742,-0.036327,-0.094589
2.800000,-0.027218,-0.140570,-0.008781,-0.827475,-0.036254,-0.094108
2.810000,-0.027082,-0.139842,-0.008737,-0.829199,-0.036182,-0.093631
2.820000,-0.026947,-0.139117,-0.008694,-0.830913,-0.036109,-0.093156
2.830000,-0.026812,-0.138397,-0.008650,-0.832618,-0.036037,-0.092683
2.840000,-0.026678,-0.137680,-0.008607,-0.834312,-0.035965,-0.092213
2.850000,-0.026545,-0.136968,-0.008564,-0.835997,-0.035892,-0.091745
2.860000,-0.026412,-0.136259,-0.008521,-0.837673,-0.035821,-0.091280
2.870000,-0.026280,-0.135555,-0.008479,-0.839339,-0.035749,-0.090817
2.880000,-0.026149,-0.134854,-0.008437,-0.840995,-0.035677,-0.090357
2.890000,-0.026018,-0.134157,-0.008394,-0.842642,-0.035606,-0.089899
2.900000,-0.025889,-0.133464,-0.008353,-0.844279,-0.035534,-0.089443
2.910000,-0.025759,-0.132775,-0.008311,-0.845907,-0.035463,-0.088990
2.920000,-0.025631,-0.132090,-0.008269,-0.847526,-0.035392,-0.088539
2.930000,-0.025503,-0.131408,-0.008228,-0.849136,-0.035321,-0.088091
2.940000,-0.025375,-0.130731,-0.008187,-0.850736,-0.035250,-0.087645
2.950000,-0.025248,-0.130057,-0.008146,-0.852327,-0.035180,-0.087201
2.960000,-0.025122,-0.129386,-0.008106,-0.853909,-0.035109,-0.086759
2.970000,-0.024997,-0.128719,-0.008065,-0.855482,-0.035039,-0.086320
2.980000,-0.024872,-0.128056,-0.008025,-0.857046,-0.034968,-0.085883
2.990000,-0.024748,-0.127397,-0.007985,-0.858600,-0.034898,-0.085449
3.000000,-0.024624,-0.126741,-0.007945,-0.860146,-0.034828,-0.085016
3.010000,-0.024501,-0.126089,-0.007905,-0.861683,-0.034759,-0.084586
3.020000,-0.024379,-0.125440,-0.007866,-0.863211,-0.034689,-0.084158
3.030000,-0.024257,-0.124795,-0.007827,-0.864730,-0.034619,-0.083733
3.040000,-0.024136,-0.124154,-0.007788,-0.866241,-0.034550,-0.083309
3.050000,-0.024016,-0.123515,-0.007749,-0.867742,-0.034481,-0.082888
3.060000,-0.023896,-0.122881,-0.007710,-0.869235,-0.034412,-0.082469
3.070000,-0.023776,-0.122250,-0.007672,-0.870720,-0.034343,-0.082052
3.080000,-0.023658,-0.121622,-0.007633,-0.872195,-0.034274,-0.081638
3.090000,-0.023540,-0.120998,-0.007595,-0.873662,-0.034205,-0.081225
3.100000,-0.023422,-0.120377,-0.007557,-0.875121,-0.034137,-0.080815
3.110000,-0.023305,-0.119759,-0.007520,-0.876571,-0.034068,-0.080406
3.120000,-0.023189,-0.119145,-0.007482,-0.878012,-0.034000,-0.080000
3.130000,-0.023073,-0.118534,-0.007445,-0.879446,-0.033932,-0.079596
3.140000,-0.022958,-0.117926,-0.007408,-0.880870,-0.033864,-0.079194
3.150000,-0.022843,-0.117322,-0.007371,-0.882287,-0.033796,-0.078794
3.160000,-0.022729,-0.116721,-0.007334,-0.883695,-0.033728,-0.078396
3.170000,-0.022616,-0.116123,-0.007297,-0.885095,-0.033661,-0.078001
3.180000,-0.022503,-0.115528,-0.007261,-0.886487,-0.033593,-0.077607
3.190000,-0.022390,-0.114937,-0.007225,-0.887871,-0.033526,-0.077215
3.200000,-0.022279,-0.114349,-0.007189,-0.889246,-0.033459,-0.076825
3.210000,-0.022167,-0.113763,-0.007153,-0.890614,-0.033392,-0.076438
3.220000,-0.022057,-0.113181,-0.007117,-0.891973,-0.033325,-0.076052
3.230000,-0.021947,-0.112603,-0.007082,-0.893324,-0.033258,-0.075668
3.240000,-0.021837,-0.112027,-0.007046,-0.894668,-0.033192,-0.075287
3.250000,-0.021728,-0.111454,-0.007011,-0.896004,-0.033125,-0.074907
3.260000,-0.021620,-0.110885,-0.006976,-0.897331,-0.033059,-0.074529
3.270000,-0.021512,-0.110318,-0.006941,-0.898651,-0.032992,-0.074153
3.280000,-0.021404,-0.109755,-0.006907,-0.899963,-0.032926,-0.073780
3.290000,-0.021297,-0.109194,-0.006872,-0.901268,-0.032860,-0.073408
3.300000,-0.021191,-0.108637,-0.006838,-0.902565,-0.032795,-0.073038
3.310000,-0.021085,-0.108082,-0.006804,-0.903854,-0.032729,-0.072669
3.320000,-0.020980,-0.107531,-0.006770,-0.905135,-0.032663,-0.072303
3.330000,-0.020875,-0.106982,-0.006736,-0.906409,-0.032598,-0.071939
3.340000,-0.020771,-0.106437,-0.006703,-0.907675,-0.032533,-0.071576
3.350000,-0.020667,-0.105894,-0.006669,-0.908934,-0.032467,-0.071216
3.360000,-0.020564,-0.105354,-0.006636,-0.910185,-0.032402,-0.070857
3.370000,-0.020462,-0.104817,-0.006603,-0.911429,-0.032337,-0.070500
3.380000,-0.020359,-0.104283,-0.006570,-0.912666,-0.032273,-0.070145
3.390000,-0.020258,-0.103751,-0.006537,-0.913895,-0.032208,-0.069792
3.400000,-0.020157,-0.103223,-0.006504,-0.915117,-0.032143,-0.069440
3.410000,-0.020056,-0.102697,-0.006472,-0.916331,-0.032079,-0.069091
3.420000,-0.019956,-0.102174,-0.006440,-0.917539,-0.032015,-0.068743
3.430000,-0.019856,-0.101654,-0.006408,-0.918739,-0.031951,-0.068397
3.440000,-0.019757,-0.101137,-0.006376,-0.919932,-0.031887,-0.068052
3.450000,-0.019659,-0.100622,-0.006344,-0.921118,-0.031823,-0.067710
3.460000,-0.019560,-0.100110,-0.006312,-0.922297,-0.031759,-0.067369
3.470000,-0.019463,-0.099601,-0.006281,-0.923469,-0.031695,-0.067030
3.480000,-0.019366,-0.099094,-0.006249,-0.924634,-0.031632,-0.066693
3.490000,-0.019269,-0.098591,-0.006218,-0.925792,-0.031569,-0.066357
3.500000,-0.019173,-0.098089,-0.006187,-0.926943,-0.031505,-0.066023
3.510000,-0.019077,-0.097591,-0.006156,-0.928087,-0.031442,-0.065691
3.520000,-0.018982,-0.097095,-0.006126,-0.929224,-0.031379,-0.065361
3.530000,-0.018887,-0.096602,-0.006095,-0.930354,-0.031316,-0.065032
3.540000,-0.018793,-0.096111,-0.006065,-0.931478,-0.031254,-0.064705
3.550000,-0.018699,-0.095623,-0.006034,-0.932595,-0.031191,-0.064380
3.560000,-0.018606,-0.095137,-0.006004,-0.933705,-0.031129,-0.064056
3.570000,-0.018513,-0.094654,-0.005974,-0.934809,-0.031066,-0.063734
3.580000,-0.018421,-0.094174,-0.005944,-0.935906,-0.031004,-0.063413
3.590000,-0.018329,-0.093696,-0.005915,-0.936996,-0.030942,-0.063094
3.600000,-0.018237,-0.093220,-0.005885,-0.938080,-0.030880,-0.062777
3.610000,-0.018146,-0.092747,-0.005856,-0.939157,-0.030818,-0.062462
3.620000,-0.018056,-0.092277,-0.005827,-0.940228,-0.030757,-0.062148
3.630000,-0.017965,-0.091809,-0.005798,-0.941292,-0.030695,-0.061835
3.640000,-0.017876,-0.091343,-0.005769,-0.942350,-0.030633,-0.061525
3.650000,-0.017787,-0.090880,-0.005740,-0.943402,-0.030572,-0.061216
3.660000,-0.017698,-0.090420,-0.005711,-0.944447,-0.030511,-0.060908
3.670000,-0.017610,-0.089961,-0.005683,-0.945486,-0.030450,-0.060602
3.680000,-0.017522,-0.089505,-0.005654,-0.946518,-0.030389,-0.060298
3.690000,-0.017434,-0.089052,-0.005626,-0.947545,-0.030328,-0.059995
3.700000,-0.017347,-0.088601,-0.005598,-0.948565,-0.030267,-0.059693
3.710000,-0.017261,-0.088152,-0.005570,-0.949579,-0.030207,-0.059393
3.720000,-0.017174,-0.087706,-0.005543,-0.950587,-0.030146,-0.059095
3.730000,-0.017089,-0.087262,-0.005515,-0.951589,-0.030086,-0.058798
3.740000,-0.017003,-0.086820,-0.005487,-0.952585,-0.030025,-0.058503
3.750000,-0.016919,-0.086380,-0.005460,-0.953574,-0.029965,-0.058209
3.760000,-0.016834,-0.085943,-0.005433,-0.954558,-0.029905,-0.057917
3.770000,-0.016750,-0.085508,-0.005406,-0.955536,-0.029845,-0.057626
3.780000,-0.016667,-0.085075,-0.005379,-0.956508,-0.029786,-0.057337
3.790000,-0.016583,-0.084645,-0.005352,-0.957474,-0.029726,-0.057049
3.800000,-0.016501,-0.084217,-0.005325,-0.958434,-0.029667,-0.056763
3.810000,-0.016418,-0.083791,-0.005299,-0.959388,-0.029607,-0.056478
3.820000,-0.016336,-0.083367,-0.005272,-0.960336,-0.029548,-0.056194
3.830000,-0.016255,-0.082946,-0.005246,-0.961279,-0.029489,-0.055912
3.840000,-0.016174,-0.082526,-0.005220,-0.962216,-0.029430,-0.055632
3.850000,-0.016093,-0.082109,-0.005194,-0.963147,-0.029371,-0.055353
3.860000,-0.016013,-0.081694,-0.005168,-0.964073,-0.029312,-0.055075
3.870000,-0.015933,-0.081281,-0.005142,-0.964993,-0.029253,-0.054798
3.880000,-0.015853,-0.080871,-0.005116,-0.965907,-0.029195,-0.054524
3.890000,-0.015774,-0.080462,-0.005091,-0.966816,-0.029136,-0.054250
3.900000,-0.015696,-0.080056,-0.005065,-0.967719,-0.029078,-0.053978
3.910000,-0.015617,-0.079651,-0.005040,-0.968617,-0.029020,-0.053707
3.920000,-0.015539,-0.079249,-0.005015,-0.969509,-0.028962,-0.053438
3.930000,-0.015462,-0.078849,-0.004990,-0.970396,-0.028904,-0.053170
3.940000,-0.015385,-0.078451,-0.004965,-0.971277,-0.028846,-0.052903
3.950000,-0.015308,-0.078055,-0.004940,-0.972153,-0.028788,-0.052638
3.960000,-0.015231,-0.077661,-0.004916,-0.973024,-0.028730,-0.052374
3.970000,-0.015155,-0.077269,-0.004891,-0.973889,-0.028673,-0.052111
3.980000,-0.015080,-0.076879,-0.004867,-0.974749,-0.028615,-0.051850
3.990000,-0.015005,-0.076491,-0.004842,-0.975604,-0.028558,-0.051590
4.000000,-0.014930,-0.076105,-0.004818,-0.976453,-0.028501,-0.051331
4.010000,-0.014855,-0.075721,-0.004794,-0.977298,-0.028444,-0.051074
4.020000,-0.014781,-0.075339,-0.004770,-0.978137,-0.028387,-0.050818
4.030000,-0.014707,-0.074959,-0.004747,-0.978971,-0.028330,-0.050563
4.040000,-0.014634,-0.074581,-0.004723,-0.979800,-0.028273,-0.050309
4.050000,-0.014561,-0.074205,-0.004699,-0.980623,-0.028217,-0.050057
4.060000,-0.014488,-0.073831,-0.004676,-0.981442,-0.028160,-0.049806
4.070000,-0.014416,-0.073459,-0.004653,-0.982256,-0.028104,-0.049557
4.080000,-0.014344,-0.073088,-0.004629,-0.983065,-0.028048,-0.049308
4.090000,-0.014272,-0.072720,-0.004606,-0.983868,-0.027991,-0.049061
4.100000,-0.014201,-0.072353,-0.004583,-0.984667,-0.027935,-0.048815
4.110000,-0.014130,-0.071989,-0.004560,-0.985461,-0.027879,-0.048571
4.120000,-0.014060,-0.071626,-0.004538,-0.986250,-0.027824,-0.048327
4.130000,-0.013990,-0.071265,-0.004515,-0.987034,-0.027768,-0.048085
4.140000,-0.013920,-0.070906,-0.004493,-0.987814,-0.027712,-0.047844
4.150000,-0.013850,-0.070549,-0.004470,-0.988588,-0.027657,-0.047605
4.160000,-0.013781,-0.070194,-0.004448,-0.989358,-0.027602,-0.047366
4.170000,-0.013713,-0.069840,-0.004426,-0.990123,-0.027546,-0.047129
4.180000,-0.013644,-0.069488,-0.004404,-0.990883,-0.027491,-0.046893
4.190000,-0.013576,-0.069139,-0.004382,-0.991639,-0.027436,-0.046658
4.200000,-0.013508,-0.068790,-0.004360,-0.992390,-0.027381,-0.046424
4.210000,-0.013441,-0.068444,-0.004338,-0.993136,-0.027326,-0.046192
4.220000,-0.013374,-0.068100,-0.004316,-0.993878,-0.027272,-0.045960
4.230000,-0.013307,-0.067757,-0.004295,-0.994615,-0.027217,-0.045730
4.240000,-0.013241,-0.067416,-0.004273,-0.995348,-0.027163,-0.045501
4.250000,-0.013175,-0.067077,-0.004252,-0.996076,-0.027108,-0.045273
4.260000,-0.013109,-0.066739,-0.004231,-0.996800,-0.027054,-0.045046
4.270000,-0.013044,-0.066403,-0.004210,-0.997519,-0.027000,-0.044821
4.280000,-0.012979,-0.066069,-0.004189,-0.998234,-0.026946,-0.044596
4.290000,-0.012914,-0.065737,-0.004168,-0.998944,-0.026892,-0.044373
4.300000,-0.012849,-0.065406,-0.004147,-0.999650,-0.026838,-0.044151
4.310000,-0.012785,-0.065077,-0.004126,-1.000351,-0.026784,-0.043930
4.320000,-0.012721,-0.064750,-0.004106,-1.001048,-0.026731,-0.043710
4.330000,-0.012658,-0.064424,-0.004085,-1.001741,-0.026677,-0.043491
4.340000,-0.012595,-0.064100,-0.004065,-1.002430,-0.026624,-0.043273
4.350000,-0.012532,-0.063778,-0.004045,-1.003114,-0.026571,-0.043057
4.360000,-0.012469,-0.063457,-0.004025,-1.003794,-0.026517,-0.042841
4.370000,-0.012407,-0.063138,-0.004004,-1.004470,-0.026464,-0.042627
4.380000,-0.012345,-0.062821,-0.003984,-1.005142,-0.026411,-0.042413
4.390000,-0.012284,-0.062505,-0.003965,-1.005809,-0.026358,-0.042201
4.400000,-0.012223,-0.062191,-0.003945,-1.006472,-0.026306,-0.041990
4.410000,-0.012162,-0.061878,-0.003925,-1.007132,-0.026253,-0.041780
4.420000,-0.012101,-0.061567,-0.003906,-1.007787,-0.026200,-0.041571
4.430000,-0.012040,-0.061258,-0.003886,-1.008438,-0.026148,-0.041363
4.440000,-0.011980,-0.060950,-0.003867,-1.009085,-0.026096,-0.041156
4.450000,-0.011921,-0.060644,-0.003847,-1.009728,-0.026043,-0.040950
4.460000,-0.011861,-0.060339,-0.003828,-1.010367,-0.025991,-0.040745
4.470000,-0.011802,-0.060036,-0.003809,-1.011002,-0.025939,-0.040541
4.480000,-0.011743,-0.059735,-0.003790,-1.011633,-0.025887,-0.040338
4.490000,-0.011685,-0.059435,-0.003771,-1.012260,-0.025836,-0.040136
4.500000,-0.011626,-0.059136,-0.003752,-1.012883,-0.025784,-0.039935
4.510000,-0.011568,-0.058839,-0.003734,-1.013503,-0.025732,-0.039735
4.520000,-0.011511,-0.058544,-0.003715,-1.014118,-0.025681,-0.039537
4.530000,-0.011453,-0.058250,-0.003697,-1.014730,-0.025629,-0.039339
4.540000,-0.011396,-0.057957,-0.003678,-1.015338,-0.025578,-0.039142
4.550000,-0.011339,-0.057666,-0.003660,-1.015942,-0.025527,-0.038946
4.560000,-0.011283,-0.057377,-0.003641,-1.016542,-0.025476,-0.038751
4.570000,-0.011226,-0.057089,-0.003623,-1.017139,-0.025425,-0.038558
4.580000,-0.011170,-0.056802,-0.003605,-1.017732,-0.025374,-0.038365
4.590000,-0.011115,-0.056517,-0.003587,-1.018321,-0.025323,-0.038173
4.600000,-0.011059,-0.056233,-0.003569,-1.018906,-0.025273,-0.037982
4.610000,-0.011004,-0.055951,-0.003552,-1.019488,-0.025222,-0.037792
4.620000,-0.010949,-0.055670,-0.003534,-1.020067,-0.025171,-0.037603
4.630000,-0.010894,-0.055391,-0.003516,-1.020641,-0.025121,-0.037415
4.640000,-0.010840,-0.055113,-0.003499,-1.021212,-0.025071,-0.037228
4.650000,-0.010786,-0.054836,-0.003481,-1.021780,-0.025021,-0.037041
4.660000,-0.010732,-0.054561,-0.003464,-1.022344,-0.024971,-0.036856
4.670000,-0.010679,-0.054288,-0.003447,-1.022904,-0.024921,-0.036672
4.680000,-0.010625,-0.054015,-0.003429,-1.023461,-0.024871,-0.036489
4.690000,-0.010572,-0.053744,-0.003412,-1.024014,-0.024821,-0.036306
4.700000,-0.010520,-0.053475,-0.003395,-1.024564,-0.024771,-0.036125
4.710000,-0.010467,-0.053206,-0.003378,-1.025111,-0.024722,-0.035944
4.720000,-0.010415,-0.052940,-0.003361,-1.025654,-0.024672,-0.035764
4.730000,-0.010363,-0.052674,-0.003345,-1.026194,-0.024623,-0.035585
4.740000,-0.010311,-0.052410,-0.003328,-1.026730,-0.024574,-0.035407
4.750000,-0.010260,-0.052147,-0.003311,-1.027263,-0.024524,-0.035230
4.760000,-0.010209,-0.051886,-0.003295,-1.027792,-0.024475,-0.035054
4.770000,-0.010158,-0.051625,-0.003278,-1.028319,-0.024426,-0.034879
4.780000,-0.010107,-0.051367,-0.003262,-1.028842,-0.024378,-0.034705
4.790000,-0.010057,-0.051109,-0.003246,-1.029362,-0.024329,-0.034531
4.800000,-0.010006,-0.050853,-0.003230,-1.029878,-0.024280,-0.034358
4.810000,-0.009957,-0.050598,-0.003214,-1.030391,-0.024232,-0.034187
4.820000,-0.009907,-0.050344,-0.003198,-1.030901,-0.024183,-0.034016
4.830000,-0.009857,-0.050092,-0.003182,-1.031408,-0.024135,-0.033846
4.840000,-0.009808,-0.049841,-0.003166,-1.031912,-0.024086,-0.033677
4.850000,-0.009759,-0.049591,-0.003150,-1.032412,-0.024038,-0.033508
4.860000,-0.009711,-0.049342,-0.003134,-1.032910,-0.023990,-0.033341
4.870000,-0.009662,-0.049095,-0.003119,-1.033404,-0.023942,-0.033174
4.880000,-0.009614,-0.048849,-0.003103,-1.033895,-0.023894,-0.033008
4.890000,-0.009566,-0.048604,-0.003088,-1.034383,-0.023846,-0.032843
4.900000,-0.009518,-0.048361,-0.003072,-1.034868,-0.023799,-0.032679
4.910000,-0.009471,-0.048118,-0.003057,-1.035350,-0.023751,-0.032516
4.920000,-0.009424,-0.047877,-0.003042,-1.035829,-0.023703,-0.032353
4.930000,-0.009377,-0.047638,-0.003026,-1.036305,-0.023656,-0.032192
4.940000,-0.009330,-0.047399,-0.003011,-1.036778,-0.023609,-0.032031
4.950000,-0.009283,-0.047161,-0.002996,-1.037248,-0.023561,-0.031871
4.960000,-0.009237,-0.046925,-0.002981,-1.037715,-0.023514,-0.031711
4.970000,-0.009191,-0.046690,-0.002966,-1.038179,-0.023467,-0.031553
4.980000,-0.009145,-0.046456,-0.002952,-1.038640,-0.023420,-0.031395
4.990000,-0.009099,-0.046224,-0.002937,-1.039098,-0.023373,-0.031238
5.000000,-0.009054,-0.045992,-0.002922,-1.039553,-0.023327,-0.031082
5.010000,-0.009009,-0.045762,-0.002908,-1.040006,-0.023280,-0.030927
5.020000,-0.008964,-0.045532,-0.002893,-1.040456,-0.023233,-0.030772
5.030000,-0.008919,-0.045304,-0.002879,-1.040902,-0.023187,-0.030619
5.040000,-0.008875,-0.045078,-0.002864,-1.041346,-0.023141,-0.030466
5.050000,-0.008830,-0.044852,-0.002850,-1.041788,-0.023094,-0.030313
5.060000,-0.008786,-0.044627,-0.002836,-1.042226,-0.023048,-0.030162
5.070000,-0.008743,-0.044404,-0.002822,-1.042662,-0.023002,-0.030011
5.080000,-0.008699,-0.044181,-0.002808,-1.043095,-0.022956,-0.029861
5.090000,-0.008656,-0.043960,-0.002794,-1.043525,-0.022910,-0.029712
5.100000,-0.008612,-0.043740,-0.002780,-1.043952,-0.022864,-0.029564
5.110000,-0.008569,-0.043521,-0.002766,-1.044377,-0.022818,-0.029416
5.120000,-0.008527,-0.043303,-0.002752,-1.044799,-0.022773,-0.029269
5.130000,-0.008484,-0.043086,-0.002738,-1.045219,-0.022727,-0.029123
5.140000,-0.008442,-0.042871,-0.002725,-1.045635,-0.022682,-0.028977
5.150000,-0.008400,-0.042656,-0.002711,-1.046050,-0.022636,-0.028832
5.160000,-0.008358,-0.042443,-0.002698,-1.046461,-0.022591,-0.028688
5.170000,-0.008316,-0.042230,-0.002684,-1.046870,-0.022546,-0.028545
5.180000,-0.008275,-0.042019,-0.002671,-1.047277,-0.022501,-0.028402
5.190000,-0.008233,-0.041809,-0.002657,-1.047680,-0.022456,-0.028261
5.200000,-0.008192,-0.041599,-0.002644,-1.048082,-0.022411,-0.028119
5.210000,-0.008151,-0.041391,-0.002631,-1.048480,-0.022366,-0.027979
5.220000,-0.008111,-0.041184,-0.002618,-1.048877,-0.022321,-0.027839
5.230000,-0.008070,-0.040978,-0.002605,-1.049270,-0.022277,-0.027700
5.240000,-0.008030,-0.040773,-0.002592,-1.049662,-0.022232,-0.027562
5.250000,-0.007990,-0.040569,-0.002579,-1.050050,-0.022188,-0.027424
5.260000,-0.007950,-0.040366,-0.002566,-1.050437,-0.022143,-0.027287
5.270000,-0.007911,-0.040164,-0.002553,-1.050821,-0.022099,-0.027151
5.280000,-0.007871,-0.039963,-0.002541,-1.051202,-0.022055,-0.027015
5.290000,-0.007832,-0.039763,-0.002528,-1.051581,-0.022011,-0.026880
5.300000,-0.007793,-0.039564,-0.002515,-1.051958,-0.021967,-0.026746
5.310000,-0.007754,-0.039366,-0.002503,-1.052332,-0.021923,-0.026612
5.320000,-0.007715,-0.039169,-0.002490,-1.052704,-0.021879,-0.026479
5.330000,-0.007677,-0.038973,-0.002478,-1.053073,-0.021835,-0.026347
5.340000,-0.007638,-0.038778,-0.002465,-1.053441,-0.021791,-0.026216
5.350000,-0.007600,-0.038584,-0.002453,-1.053805,-0.021748,-0.026085
5.360000,-0.007562,-0.038391,-0.002441,-1.054168,-0.021704,-0.025954
5.370000,-0.007525,-0.038199,-0.002429,-1.054528,-0.021661,-0.025825
5.380000,-0.007487,-0.038008,-0.002417,-1.054886,-0.021618,-0.025696
5.390000,-0.007450,-0.037818,-0.002405,-1.055242,-0.021574,-0.025567
5.400000,-0.007413,-0.037629,-0.002393,-1.055595,-0.021531,-0.025440
5.410000,-0.007376,-0.037441,-0.002381,-1.055947,-0.021488,-0.025313
5.420000,-0.007339,-0.037253,-0.002369,-1.056296,-0.021445,-0.025186
5.430000,-0.007302,-0.037067,-0.002357,-1.056643,-0.021402,-0.025061
5.440000,-0.007266,-0.036882,-0.002345,-1.056987,-0.021359,-0.024935
5.450000,-0.007230,-0.036697,-0.002333,-1.057330,-0.021317,-0.024811
5.460000,-0.007194,-0.036514,-0.002322,-1.057670,-0.021274,-0.024687
5.470000,-0.007158,-0.036331,-0.002310,-1.058008,-0.021231,-0.024564
5.480000,-0.007122,-0.036149,-0.002299,-1.058344,-0.021189,-0.024441
5.490000,-0.007086,-0.035969,-0.002287,-1.058678,-0.021147,-0.024319
5.500000,-0.007051,-0.035789,-0.002276,-1.059009,-0.021104,-0.024198
5.510000,-0.007016,-0.035610,-0.002265,-1.059339,-0.021062,-0.024077
5.520000,-0.006981,-0.035432,-0.002253,-1.059667,-0.021020,-0.023957
5.530000,-0.006946,-0.035255,-0.002242,-1.059992,-0.020978,-0.023837
5.540000,-0.006911,-0.035078,-0.002231,-1.060315,-0.020936,-0.023718
5.550000,-0.006877,-0.034903,-0.002220,-1.060637,-0.020894,-0.023599
5.560000,-0.006843,-0.034729,-0.002209,-1.060956,-0.020852,-0.023482
5.570000,-0.006809,-0.034555,-0.002198,-1.061273,-0.020811,-0.023364
5.580000,-0.006775,-0.034382,-0.002187,-1.061589,-0.020769,-0.023248
5.590000,-0.006741,-0.034210,-0.002176,-1.061902,-0.020727,-0.023132
5.600000,-0.006707,-0.034039,-0.002165,-1.062213,-0.020686,-0.023016
5.610000,-0.006674,-0.033869,-0.002154,-1.062522,-0.020645,-0.022901
5.620000,-0.006640,-0.033700,-0.002143,-1.062830,-0.020603,-0.022787
5.630000,-0.006607,-0.033531,-0.002133,-1.063135,-0.020562,-0.022673
5.640000,-0.006574,-0.033364,-0.002122,-1.063438,-0.020521,-0.022560
5.650000,-0.006542,-0.033197,-0.002111,-1.063740,-0.020480,-0.022447
5.660000,-0.006509,-0.033031,-0.002101,-1.064040,-0.020439,-0.022335
5.670000,-0.006476,-0.032866,-0.002090,-1.064337,-0.020398,-0.022224
5.680000,-0.006444,-0.032702,-0.002080,-1.064633,-0.020357,-0.022113
5.690000,-0.006412,-0.032538,-0.002070,-1.064927,-0.020317,-0.022002
5.700000,-0.006380,-0.032376,-0.002059,-1.065219,-0.020276,-0.021893
5.710000,-0.006348,-0.032214,-0.002049,-1.065509,-0.020235,-0.021783
5.720000,-0.006317,-0.032053,-0.002039,-1.065798,-0.020195,-0.021675
5.730000,-0.006285,-0.031893,-0.002029,-1.066084,-0.020155,-0.021566
5.740000,-0.006254,-0.031733,-0.002019,-1.066369,-0.020114,-0.021459
5.750000,-0.006222,-0.031575,-0.002008,-1.066652,-0.020074,-0.021352
5.760000,-0.006191,-0.031417,-0.001998,-1.066933,-0.020034,-0.021245
5.770000,-0.006161,-0.031260,-0.001988,-1.067212,-0.019994,-0.021139
5.780000,-0.006130,-0.031104,-0.001979,-1.067490,-0.019954,-0.021033
5.790000,-0.006099,-0.030948,-0.001969,-1.067765,-0.019914,-0.020928
5.800000,-0.006069,-0.030794,-0.001959,-1.068039,-0.019874,-0.020824
5.810000,-0.006039,-0.030640,-0.001949,-1.068312,-0.019834,-0.020720
5.820000,-0.006008,-0.030487,-0.001939,-1.068582,-0.019795,-0.020617
5.830000,-0.005978,-0.030334,-0.001930,-1.068851,-0.019755,-0.020514
5.840000,-0.005949,-0.030183,-0.001920,-1.069118,-0.019716,-0.020411
5.850000,-0.005919,-0.030032,-0.001910,-1.069384,-0.019676,-0.020309
5.860000,-0.005889,-0.029882,-0.001901,-1.069647,-0.019637,-0.020208
5.870000,-0.005860,-0.029732,-0.001891,-1.069909,-0.019597,-0.020107
5.880000,-0.005831,-0.029584,-0.001882,-1.070170,-0.019558,-0.020007
5.890000,-0.005802,-0.029436,-0.001873,-1.070428,-0.019519,-0.019907
5.900000,-0.005773,-0.029289,-0.001863,-1.070685,-0.019480,-0.019807
5.910000,-0.005744,-0.029143,-0.001854,-1.070941,-0.019441,-0.019709
5.920000,-0.005715,-0.028997,-0.001845,-1.071195,-0.019402,-0.019610
5.930000,-0.005687,-0.028852,-0.001836,-1.071447,-0.019363,-0.019512
5.940000,-0.005659,-0.028708,-0.001826,-1.071697,-0.019325,-0.019415
5.950000,-0.005630,-0.028565,-0.001817,-1.071946,-0.019286,-0.019318
5.960000,-0.005602,-0.028422,-0.001808,-1.072194,-0.019248,-0.019222
5.970000,-0.005574,-0.028280,-0.001799,-1.072440,-0.019209,-0.019126
5.980000,-0.005546,-0.028139,-0.001790,-1.072684,-0.019171,-0.019030
5.990000,-0.005519,-0.027998,-0.001781,-1.072927,-0.019132,-0.018935
6.000000,-0.005491,-0.027858,-0.001772,-1.073168,-0.019094,-0.018841
6.010000,-0.005464,-0.027719,-0.001764,-1.073407,-0.019056,-0.018747
6.020000,-0.005437,-0.027581,-0.001755,-1.073645,-0.019018,-0.018653
6.030000,-0.005410,-0.027443,-0.001746,-1.073882,-0.018980,-0.018560
6.040000,-0.005383,-0.027306,-0.001737,-1.074117,-0.018942,-0.018467
6.050000,-0.005356,-0.027169,-0.001729,-1.074351,-0.018904,-0.018375
6.060000,-0.005329,-0.027034,-0.001720,-1.074583,-0.018866,-0.018284
6.070000,-0.005302,-0.026899,-0.001711,-1.074813,-0.018828,-0.018192
6.080000,-0.005276,-0.026764,-0.001703,-1.075042,-0.018791,-0.018102
6.090000,-0.005250,-0.026631,-0.001694,-1.075270,-0.018753,-0.018011
6.100000,-0.005223,-0.026498,-0.001686,-1.075496,-0.018716,-0.017921
6.110000,-0.005197,-0.026365,-0.001678,-1.075721,-0.018678,-0.017832
6.120000,-0.005171,-0.026234,-0.001669,-1.075944,-0.018641,-0.017743
6.130000,-0.005146,-0.026103,-0.001661,-1.076166,-0.018604,-0.017654
6.140000,-0.005120,-0.025972,-0.001653,-1.076387,-0.018566,-0.017566
6.150000,-0.005094,-0.025843,-0.001644,-1.076606,-0.018529,-0.017479
6.160000,-0.005069,-0.025714,-0.001636,-1.076824,-0.018492,-0.017391
6.170000,-0.005044,-0.025585,-0.001628,-1.077040,-0.018455,-0.017305
6.180000,-0.005019,-0.025457,-0.001620,-1.077255,-0.018418,-0.017218
6.190000,-0.004994,-0.025330,-0.001612,-1.077468,-0.018381,-0.017132
6.200000,-0.004969,-0.025204,-0.001604,-1.077680,-0.018345,-0.017047
6.210000,-0.004944,-0.025078,-0.001596,-1.077891,-0.018308,-0.016962
6.220000,-0.004919,-0.024953,-0.001588,-1.078101,-0.018271,-0.016877
6.230000,-0.004895,-0.024828,-0.001580,-1.078309,-0.018235,-0.016793
6.240000,-0.004870,-0.024704,-0.001572,-1.078516,-0.018198,-0.016709
6.250000,-0.004846,-0.024581,-0.001564,-1.078721,-0.018162,-0.016626
6.260000,-0.004822,-0.024458,-0.001556,-1.078925,-0.018126,-0.016543
6.270000,-0.004798,-0.024336,-0.001549,-1.079128,-0.018089,-0.016460
6.280000,-0.004774,-0.024214,-0.001541,-1.079330,-0.018053,-0.016378
6.290000,-0.004750,-0.024093,-0.001533,-1.079530,-0.018017,-0.016296
6.300000,-0.004726,-0.023973,-0.001526,-1.079729,-0.017981,-0.016215
6.310000,-0.004703,-0.023853,-0.001518,-1.079927,-0.017945,-0.016134
6.320000,-0.004679,-0.023734,-0.001510,-1.080123,-0.017909,-0.016053
6.330000,-0.004656,-0.023616,-0.001503,-1.080319,-0.017874,-0.015973
6.340000,-0.004633,-0.023498,-0.001495,-1.080513,-0.017838,-0.015894
6.350000,-0.004610,-0.023381,-0.001488,-1.080705,-0.017802,-0.015814
6.360000,-0.004587,-0.023264,-0.001480,-1.080897,-0.017767,-0.015735
6.370000,-0.004564,-0.023148,-0.001473,-1.081087,-0.017731,-0.015657
6.380000,-0.004541,-0.023032,-0.001466,-1.081276,-0.017696,-0.015579
6.390000,-0.004518,-0.022917,-0.001458,-1.081464,-0.017660,-0.015501
6.400000,-0.004496,-0.022803,-0.001451,-1.081651,-0.017625,-0.015424
6.410000,-0.004473,-0.022689,-0.001444,-1.081836,-0.017590,-0.015347
6.420000,-0.004451,-0.022576,-0.001437,-1.082020,-0.017554,-0.015270
6.430000,-0.004429,-0.022463,-0.001430,-1.082204,-0.017519,-0.015194
6.440000,-0.004407,-0.022351,-0.001422,-1.082385,-0.017484,-0.015118
6.450000,-0.004385,-0.022239,-0.001415,-1.082566,-0.017449,-0.015043
6.460000,-0.004363,-0.022128,-0.001408,-1.082746,-0.017414,-0.014968
6.470000,-0.004341,-0.022018,-0.001401,-1.082924,-0.017380,-0.014893
6.480000,-0.004320,-0.021908,-0.001394,-1.083102,-0.017345,-0.014819
6.490000,-0.004298,-0.021798,-0.001387,-1.083278,-0.017310,-0.014745
6.500000,-0.004277,-0.021689,-0.001380,-1.083453,-0.017276,-0.014671
6.510000,-0.004255,-0.021581,-0.001373,-1.083627,-0.017241,-0.014598
6.520000,-0.004234,-0.021473,-0.001367,-1.083800,-0.017207,-0.014525
6.530000,-0.004213,-0.021366,-0.001360,-1.083971,-0.017172,-0.014453
6.540000,-0.004192,-0.021260,-0.001353,-1.084142,-0.017138,-0.014381
6.550000,-0.004171,-0.021153,-0.001346,-1.084311,-0.017104,-0.014309
6.560000,-0.004150,-0.021048,-0.001340,-1.084480,-0.017069,-0.014237
6.570000,-0.004129,-0.020943,-0.001333,-1.084647,-0.017035,-0.014166
6.580000,-0.004109,-0.020838,-0.001326,-1.084814,-0.017001,-0.014096
6.590000,-0.004088,-0.020734,-0.001320,-1.084979,-0.016967,-0.014025
6.600000,-0.004068,-0.020631,-0.001313,-1.085143,-0.016933,-0.013955
6.610000,-0.004048,-0.020528,-0.001307,-1.085306,-0.016899,-0.013886
6.620000,-0.004027,-0.020425,-0.001300,-1.085468,-0.016866,-0.013816
6.630000,-0.004007,-0.020323,-0.001294,-1.085629,-0.016832,-0.013747
6.640000,-0.003987,-0.020222,-0.001287,-1.085789,-0.016798,-0.013679
6.650000,-0.003968,-0.020121,-0.001281,-1.085948,-0.016765,-0.013611
6.660000,-0.003948,-0.020021,-0.001274,-1.086106,-0.016731,-0.013543
6.670000,-0.003928,-0.019921,-0.001268,-1.086263,-0.016698,-0.013475
6.680000,-0.003908,-0.019821,-0.001262,-1.086419,-0.016664,-0.013408
6.690000,-0.003889,-0.019722,-0.001255,-1.086574,-0.016631,-0.013341
6.700000,-0.003870,-0.019624,-0.001249,-1.086728,-0.016598,-0.013274
6.710000,-0.003850,-0.019526,-0.001243,-1.086881,-0.016565,-0.013208
6.720000,-0.003831,-0.019428,-0.001237,-1.087033,-0.016531,-0.013142
6.730000,-0.003812,-0.019331,-0.001230,-1.087184,-0.016498,-0.013077
6.740000,-0.003793,-0.019235,-0.001224,-1.087334,-0.016465,-0.013012
6.750000,-0.003774,-0.019139,-0.001218,-1.087483,-0.016432,-0.012947
6.760000,-0.003755,-0.019043,-0.001212,-1.087631,-0.016400,-0.012882
6.770000,-0.003736,-0.018948,-0.001206,-1.087778,-0.016367,-0.012818
6.780000,-0.003718,-0.018854,-0.001200,-1.087925,-0.016334,-0.012754
6.790000,-0.003699,-0.018760,-0.001194,-1.088070,-0.016301,-0.012690
6.800000,-0.003681,-0.018666,-0.001188,-1.088214,-0.016269,-0.012627
6.810000,-0.003662,-0.018573,-0.001182,-1.088358,-0.016236,-0.012564
6.820000,-0.003644,-0.018480,-0.001176,-1.088500,-0.016204,-0.012501
6.830000,-0.003626,-0.018388,-0.001170,-1.088642,-0.016171,-0.012439
6.840000,-0.003608,-0.018296,-0.001165,-1.088783,-0.016139,-0.012377
6.850000,-0.003590,-0.018205,-0.001159,-1.088922,-0.016107,-0.012315
6.860000,-0.003572,-0.018114,-0.001153,-1.089061,-0.016075,-0.012254
6.870000,-0.003554,-0.018024,-0.001147,-1.089199,-0.016043,-0.012192
6.880000,-0.003537,-0.017934,-0.001142,-1.089337,-0.016010,-0.012132
6.890000,-0.003519,-0.017844,-0.001136,-1.089473,-0.015978,-0.012071
6.900000,-0.003501,-0.017755,-0.001130,-1.089608,-0.015946,-0.012011
6.910000,-0.003484,-0.017666,-0.001125,-1.089743,-0.015915,-0.011951
6.920000,-0.003466,-0.017578,-0.001119,-1.089876,-0.015883,-0.011891
6.930000,-0.003449,-0.017491,-0.001113,-1.090009,-0.015851,-0.011832
6.940000,-0.003432,-0.017403,-0.001108,-1.090141,-0.015819,-0.011773
6.950000,-0.003415,-0.017316,-0.001102,-1.090272,-0.015788,-0.011714
6.960000,-0.003398,-0.017230,-0.001097,-1.090402,-0.015756,-0.011656
6.970000,-0.003381,-0.017144,-0.001091,-1.090532,-0.015725,-0.011598
6.980000,-0.003364,-0.017058,-0.001086,-1.090660,-0.015693,-0.011540
6.990000,-0.003347,-0.016973,-0.001080,-1.090788,-0.015662,-0.011482
7.000000,-0.003331,-0.016889,-0.001075,-1.090915,-0.015631,-0.011425
7.010000,-0.003314,-0.016804,-0.001070,-1.091041,-0.015599,-0.011368
7.020000,-0.003297,-0.016721,-0.001064,-1.091167,-0.015568,-0.011311
7.030000,-0.003281,-0.016637,-0.001059,-1.091291,-0.015537,-0.011255
7.040000,-0.003265,-0.016554,-0.001054,-1.091415,-0.015506,-0.011199
7.050000,-0.003248,-0.016471,-0.001048,-1.091538,-0.015475,-0.011143
7.060000,-0.003232,-0.016389,-0.001043,-1.091660,-0.015444,-0.011087
7.070000,-0.003216,-0.016307,-0.001038,-1.091781,-0.015413,-0.011032
7.080000,-0.003200,-0.016226,-0.001033,-1.091902,-0.015382,-0.010977
7.090000,-0.003184,-0.016145,-0.001028,-1.092022,-0.015352,-0.010922
7.100000,-0.003168,-0.016065,-0.001023,-1.092141,-0.015321,-0.010868
7.110000,-0.003152,-0.015984,-0.001018,-1.092259,-0.015290,-0.010813
7.120000,-0.003137,-0.015905,-0.001012,-1.092376,-0.015260,-0.010759
7.130000,-0.003121,-0.015825,-0.001007,-1.092493,-0.015229,-0.010706
7.140000,-0.003105,-0.015746,-0.001002,-1.092609,-0.015199,-0.010652
7.150000,-0.003090,-0.015668,-0.000997,-1.092724,-0.015168,-0.010599
7.160000,-0.003074,-0.015590,-0.000992,-1.092839,-0.015138,-0.010546
7.170000,-0.003059,-0.015512,-0.000987,-1.092953,-0.015108,-0.010494
7.180000,-0.003044,-0.015434,-0.000983,-1.093066,-0.015078,-0.010441
7.190000,-0.003029,-0.015357,-0.000978,-1.093178,-0.015047,-0.010389
7.200000,-0.003014,-0.015281,-0.000973,-1.093290,-0.015017,-0.010337
7.210000,-0.002999,-0.015204,-0.000968,-1.093401,-0.014987,-0.010286
7.220000,-0.002984,-0.015129,-0.000963,-1.093511,-0.014957,-0.010235
7.230000,-0.002969,-0.015053,-0.000958,-1.093620,-0.014927,-0.010184
7.240000,-0.002954,-0.014978,-0.000953,-1.093729,-0.014898,-0.010133
7.250000,-0.002939,-0.014903,-0.000949,-1.093837,-0.014868,-0.010082
7.260000,-0.002925,-0.014829,-0.000944,-1.093945,-0.014838,-0.010032
7.270000,-0.002910,-0.014755,-0.000939,-1.094051,-0.014808,-0.009982
7.280000,-0.002895,-0.014681,-0.000935,-1.094157,-0.014779,-0.009932
7.290000,-0.002881,-0.014608,-0.000930,-1.094263,-0.014749,-0.009883
7.300000,-0.002867,-0.014535,-0.000925,-1.094367,-0.014720,-0.009833
7.310000,-0.002852,-0.014463,-0.000921,-1.094471,-0.014690,-0.009784
7.320000,-0.002838,-0.014390,-0.000916,-1.094575,-0.014661,-0.009735
7.330000,-0.002824,-0.014319,-0.000912,-1.094677,-0.014632,-0.009687
7.340000,-0.002810,-0.014247,-0.000907,-1.094779,-0.014602,-0.009638
7.350000,-0.002796,-0.014176,-0.000902,-1.094880,-0.014573,-0.009590
7.360000,-0.002782,-0.014105,-0.000898,-1.094981,-0.014544,-0.009543
7.370000,-0.002768,-0.014035,-0.000893,-1.095081,-0.014515,-0.009495
7.380000,-0.002754,-0.013965,-0.000889,-1.095181,-0.014486,-0.009448
7.390000,-0.002740,-0.013895,-0.000885,-1.095279,-0.014457,-0.009400
7.400000,-0.002727,-0.013826,-0.000880,-1.095377,-0.014428,-0.009354
7.410000,-0.002713,-0.013757,-0.000876,-1.095475,-0.014399,-0.009307
7.420000,-0.002700,-0.013688,-0.000871,-1.095572,-0.014371,-0.009260
7.430000,-0.002686,-0.013620,-0.000867,-1.095668,-0.014342,-0.009214
7.440000,-0.002673,-0.013552,-0.000863,-1.095764,-0.014313,-0.009168
7.450000,-0.002659,-0.013484,-0.000858,-1.095859,-0.014285,-0.009123
7.460000,-0.002646,-0.013417,-0.000854,-1.095953,-0.014256,-0.009077
7.470000,-0.002633,-0.013350,-0.000850,-1.096047,-0.014227,-0.009032
7.480000,-0.002620,-0.013284,-0.000846,-1.096140,-0.014199,-0.008987
7.490000,-0.002607,-0.013217,-0.000841,-1.096233,-0.014171,-0.008942
7.500000,-0.002594,-0.013151,-0.000837,-1.096325,-0.014142,-0.008897
7.510000,-0.002581,-0.013086,-0.000833,-1.096416,-0.014114,-0.008853
7.520000,-0.002568,-0.013021,-0.000829,-1.096507,-0.014086,-0.008809
7.530000,-0.002555,-0.012956,-0.000825,-1.096597,-0.014058,-0.008765
7.540000,-0.002542,-0.012891,-0.000821,-1.096687,-0.014030,-0.008721
7.550000,-0.002530,-0.012827,-0.000817,-1.096776,-0.014002,-0.008678
7.560000,-0.002517,-0.012763,-0.000812,-1.096864,-0.013974,-0.008634
7.570000,-0.002505,-0.012699,-0.000808,-1.096952,-0.013946,-0.008591
7.580000,-0.002492,-0.012636,-0.000804,-1.097040,-0.013918,-0.008548
7.590000,-0.002480,-0.012573,-0.000800,-1.097126,-0.013890,-0.008506
7.600000,-0.002467,-0.012510,-0.000796,-1.097213,-0.013862,-0.008463
7.610000,-0.002455,-0.012447,-0.000792,-1.097298,-0.013834,-0.008421
7.620000,-0.002443,-0.012385,-0.000788,-1.097383,-0.013807,-0.008379
7.630000,-0.002431,-0.012324,-0.000785,-1.097468,-0.013779,-0.008337
7.640000,-0.002418,-0.012262,-0.000781,-1.097552,-0.013752,-0.008296
7.650000,-0.002406,-0.012201,-0.000777,-1.097636,-0.013724,-0.008254
7.660000,-0.002394,-0.012140,-0.000773,-1.097719,-0.013697,-0.008213
7.670000,-0.002382,-0.012079,-0.000769,-1.097801,-0.013669,-0.008172
7.680000,-0.002371,-0.012019,-0.000765,-1.097883,-0.013642,-0.008131
7.690000,-0.002359,-0.011959,-0.000761,-1.097964,-0.013615,-0.008091
7.700000,-0.002347,-0.011900,-0.000758,-1.098045,-0.013588,-0.008050
7.710000,-0.002335,-0.011840,-0.000754,-1.098125,-0.013560,-0.008010
7.720000,-0.002324,-0.011781,-0.000750,-1.098205,-0.013533,-0.007970
7.730000,-0.002312,-0.011722,-0.000746,-1.098285,-0.013506,-0.007931
7.740000,-0.002301,-0.011664,-0.000743,-1.098363,-0.013479,-0.007891
7.750000,-0.002289,-0.011606,-0.000739,-1.098442,-0.013452,-0.007852
7.760000,-0.002278,-0.011548,-0.000735,-1.098519,-0.013425,-0.007813
7.770000,-0.002266,-0.011490,-0.000732,-1.098597,-0.013399,-0.007774
7.780000,-0.002255,-0.011433,-0.000728,-1.098674,-0.013372,-0.007735
7.790000,-0.002244,-0.011376,-0.000724,-1.098750,-0.013345,-0.007696
7.800000,-0.002233,-0.011319,-0.000721,-1.098826,-0.013318,-0.007658
7.810000,-0.002221,-0.011263,-0.000717,-1.098901,-0.013292,-0.007620
7.820000,-0.002210,-0.011206,-0.000713,-1.098976,-0.013265,-0.007582
7.830000,-0.002199,-0.011150,-0.000710,-1.099050,-0.013239,-0.007544
7.840000,-0.002188,-0.011095,-0.000706,-1.099124,-0.013212,-0.007506
7.850000,-0.002177,-0.011039,-0.000703,-1.099197,-0.013186,-0.007469
7.860000,-0.002167,-0.010984,-0.000699,-1.099270,-0.013159,-0.007431
7.870000,-0.002156,-0.010930,-0.000696,-1.099343,-0.013133,-0.007394
7.880000,-0.002145,-0.010875,-0.000692,-1.099415,-0.013107,-0.007358
7.890000,-0.002134,-0.010821,-0.000689,-1.099486,-0.013081,-0.007321
7.900000,-0.002124,-0.010767,-0.000685,-1.099557,-0.013055,-0.007284
7.910000,-0.002113,-0.010713,-0.000682,-1.099628,-0.013028,-0.007248
7.920000,-0.002103,-0.010660,-0.000679,-1.099698,-0.013002,-0.007212
7.930000,-0.002092,-0.010607,-0.000675,-1.099768,-0.012976,-0.007176
7.940000,-0.002082,-0.010554,-0.000672,-1.099837,-0.012950,-0.007140
7.950000,-0.002071,-0.010501,-0.000669,-1.099906,-0.012925,-0.007104
7.960000,-0.002061,-0.010449,-0.000665,-1.099974,-0.012899,-0.007069
7.970000,-0.002051,-0.010396,-0.000662,-1.100042,-0.012873,-0.007034
7.980000,-0.002040,-0.010345,-0.000659,-1.100110,-0.012847,-0.006999
7.990000,-0.002030,-0.010293,-0.000655,-1.100177,-0.012822,-0.006964
8.000000,-0.002020,-0.010242,-0.000652,-1.100243,-0.012796,-0.006929
8.010000,-0.002010,-0.010191,-0.000649,-1.100310,-0.012770,-0.006894
8.020000,-0.002000,-0.010140,-0.000646,-1.100375,-0.012745,-0.006860
8.030000,-0.001990,-0.010089,-0.000642,-1.100441,-0.012719,-0.006826
8.040000,-0.001980,-0.010039,-0.000639,-1.100506,-0.012694,-0.006792
8.050000,-0.001970,-0.009989,-0.000636,-1.100570,-0.012669,-0.006758
8.060000,-0.001960,-0.009939,-0.000633,-1.100634,-0.012643,-0.006724
8.070000,-0.001951,-0.009889,-0.000630,-1.100698,-0.012618,-0.006691
8.080000,-0.001941,-0.009840,-0.000626,-1.100761,-0.012593,-0.006657
8.090000,-0.001931,-0.009791,-0.000623,-1.100824,-0.012568,-0.006624
8.100000,-0.001922,-0.009742,-0.000620,-1.100886,-0.012542,-0.006591
8.110000,-0.001912,-0.009693,-0.000617,-1.100949,-0.012517,-0.006558
8.120000,-0.001902,-0.009645,-0.000614,-1.101010,-0.012492,-0.006525
8.130000,-0.001893,-0.009597,-0.000611,-1.101071,-0.012467,-0.006493
8.140000,-0.001884,-0.009549,-0.000608,-1.101132,-0.012442,-0.006461
8.150000,-0.001874,-0.009501,-0.000605,-1.101193,-0.012418,-0.006428
8.160000,-0.001865,-0.009454,-0.000602,-1.101253,-0.012393,-0.006396
8.170000,-0.001855,-0.009407,-0.000599,-1.101313,-0.012368,-0.006364
8.180000,-0.001846,-0.009360,-0.000596,-1.101372,-0.012343,-0.006333
8.190000,-0.001837,-0.009313,-0.000593,-1.101431,-0.012319,-0.006301
8.200000,-0.001828,-0.009267,-0.000590,-1.101489,-0.012294,-0.006270
8.210000,-0.001819,-0.009221,-0.000587,-1.101548,-0.012269,-0.006238
8.220000,-0.001810,-0.009175,-0.000584,-1.101605,-0.012245,-0.006207
8.230000,-0.001801,-0.009129,-0.000581,-1.101663,-0.012220,-0.006176
8.240000,-0.001792,-0.009083,-0.000578,-1.101720,-0.012196,-0.006145
8.250000,-0.001783,-0.009038,-0.000575,-1.101777,-0.012172,-0.006115
8.260000,-0.001774,-0.008993,-0.000573,-1.101833,-0.012147,-0.006084
8.270000,-0.001765,-0.008948,-0.000570,-1.101889,-0.012123,-0.006054
8.280000,-0.001756,-0.008903,-0.000567,-1.101944,-0.012099,-0.006024
8.290000,-0.001747,-0.008859,-0.000564,-1.102000,-0.012075,-0.005994
8.300000,-0.001739,-0.008815,-0.000561,-1.102055,-0.012050,-0.005964
8.310000,-0.001730,-0.008771,-0.000558,-1.102109,-0.012026,-0.005934
8.320000,-0.001721,-0.008727,-0.000556,-1.102163,-0.012002,-0.005904
8.330000,-0.001713,-0.008684,-0.000553,-1.102217,-0.011978,-0.005875
8.340000,-0.001704,-0.008640,-0.000550,-1.102271,-0.011954,-0.005846
8.350000,-0.001696,-0.008597,-0.000547,-1.102324,-0.011931,-0.005817
8.360000,-0.001687,-0.008554,-0.000545,-1.102377,-0.011907,-0.005788
8.370000,-0.001679,-0.008512,-0.000542,-1.102429,-0.011883,-0.005759
8.380000,-0.001671,-0.008469,-0.000539,-1.102481,-0.011859,-0.005730
8.390000,-0.001662,-0.008427,-0.000537,-1.102533,-0.011835,-0.005701
8.400000,-0.001654,-0.008385,-0.000534,-1.102584,-0.011812,-0.005673
8.410000,-0.001646,-0.008343,-0.000531,-1.102635,-0.011788,-0.005645
8.420000,-0.001637,-0.008301,-0.000529,-1.102686,-0.011765,-0.005616
8.430000,-0.001629,-0.008260,-0.000526,-1.102737,-0.011741,-0.005588
8.440000,-0.001621,-0.008219,-0.000523,-1.102787,-0.011718,-0.005561
8.450000,-0.001613,-0.008178,-0.000521,-1.102837,-0.011694,-0.005533
8.460000,-0.001605,-0.008137,-0.000518,-1.102886,-0.011671,-0.005505
8.470000,-0.001597,-0.008096,-0.000515,-1.102935,-0.011647,-0.005478
8.480000,-0.001589,-0.008056,-0.000513,-1.102984,-0.011624,-0.005450
8.490000,-0.001581,-0.008016,-0.000510,-1.103033,-0.011601,-0.005423
8.500000,-0.001573,-0.007976,-0.000508,-1.103081,-0.011578,-0.005396
8.510000,-0.001565,-0.007936,-0.000505,-1.103129,-0.011555,-0.005369
8.520000,-0.001558,-0.007896,-0.000503,-1.103177,-0.011532,-0.005343
8.530000,-0.001550,-0.007857,-0.000500,-1.103224,-0.011509,-0.005316
8.540000,-0.001542,-0.007818,-0.000498,-1.103271,-0.011485,-0.005289
8.550000,-0.001534,-0.007779,-0.000495,-1.103318,-0.011463,-0.005263
8.560000,-0.001527,-0.007740,-0.000493,-1.103364,-0.011440,-0.005237
8.570000,-0.001519,-0.007702,-0.000490,-1.103410,-0.011417,-0.005211
8.580000,-0.001512,-0.007663,-0.000488,-1.103456,-0.011394,-0.005185
8.590000,-0.001504,-0.007625,-0.000485,-1.103501,-0.011371,-0.005159
8.600000,-0.001497,-0.007587,-0.000483,-1.103547,-0.011348,-0.005133
8.610000,-0.001489,-0.007549,-0.000481,-1.103592,-0.011326,-0.005107
8.620000,-0.001482,-0.007511,-0.000478,-1.103636,-0.011303,-0.005082
8.630000,-0.001474,-0.007474,-0.000476,-1.103681,-0.011281,-0.005057
8.640000,-0.001467,-0.007437,-0.000473,-1.103725,-0.011258,-0.005031
8.650000,-0.001460,-0.007399,-0.000471,-1.103768,-0.011235,-0.005006
8.660000,-0.001452,-0.007363,-0.000469,-1.103812,-0.011213,-0.004981
8.670000,-0.001445,-0.007326,-0.000466,-1.103855,-0.011191,-0.004956
8.680000,-0.001438,-0.007289,-0.000464,-1.103898,-0.011168,-0.004932
8.690000,-0.001431,-0.007253,-0.000462,-1.103941,-0.011146,-0.004907
8.700000,-0.001424,-0.007217,-0.000459,-1.103983,-0.011124,-0.004883
8.710000,-0.001416,-0.007181,-0.000457,-1.104025,-0.011101,-0.004858
8.720000,-0.001409,-0.007145,-0.000455,-1.104067,-0.011079,-0.004834
8.730000,-0.001402,-0.007109,-0.000453,-1.104109,-0.011057,-0.004810
8.740000,-0.001395,-0.007074,-0.000450,-1.104150,-0.011035,-0.004786
8.750000,-0.001388,-0.007039,-0.000448,-1.104191,-0.011013,-0.004762
8.760000,-0.001381,-0.007003,-0.000446,-1.104232,-0.010991,-0.004738
8.770000,-0.001375,-0.006969,-0.000444,-1.104272,-0.010969,-0.004715
8.780000,-0.001368,-0.006934,-0.000441,-1.104312,-0.010947,-0.004691
8.790000,-0.001361,-0.006899,-0.000439,-1.104352,-0.010925,-0.004668
8.800000,-0.001354,-0.006865,-0.000437,-1.104392,-0.010903,-0.004645
8.810000,-0.001347,-0.006831,-0.000435,-1.104432,-0.010882,-0.004621
8.820000,-0.001341,-0.006796,-0.000433,-1.104471,-0.010860,-0.004598
8.830000,-0.001334,-0.006763,-0.000431,-1.104510,-0.010838,-0.004575
8.840000,-0.001327,-0.006729,-0.000428,-1.104549,-0.010816,-0.004553
8.850000,-0.001321,-0.006695,-0.000426,-1.104587,-0.010795,-0.004530
8.860000,-0.001314,-0.006662,-0.000424,-1.104625,-0.010773,-0.004507
8.870000,-0.001308,-0.006629,-0.000422,-1.104663,-0.010752,-0.004485
8.880000,-0.001301,-0.006596,-0.000420,-1.104701,-0.010730,-0.004462
8.890000,-0.001295,-0.006563,-0.000418,-1.104738,-0.010709,-0.004440
8.900000,-0.001288,-0.006530,-0.000416,-1.104776,-0.010687,-0.004418
8.910000,-0.001282,-0.006497,-0.000414,-1.104813,-0.010666,-0.004396
8.920000,-0.001275,-0.006465,-0.000412,-1.104849,-0.010645,-0.004374
8.930000,-0.001269,-0.006433,-0.000410,-1.104886,-0.010623,-0.004352
8.940000,-0.001263,-0.006401,-0.000408,-1.104922,-0.010602,-0.004331
8.950000,-0.001256,-0.006369,-0.000405,-1.104958,-0.010581,-0.004309
8.960000,-0.001250,-0.006337,-0.000403,-1.104994,-0.010560,-0.004287
8.970000,-0.001244,-0.006305,-0.000401,-1.105030,-0.010539,-0.004266
8.980000,-0.001238,-0.006274,-0.000399,-1.105065,-0.010518,-0.004245
8.990000,-0.001231,-0.006243,-0.000397,-1.105100,-0.010497,-0.004224
9.000000,-0.001225,-0.006211,-0.000395,-1.105135,-0.010476,-0.004203
9.010000,-0.001219,-0.006180,-0.000394,-1.105170,-0.010455,-0.004182
9.020000,-0.001213,-0.006150,-0.000392,-1.105204,-0.010434,-0.004161
9.030000,-0.001207,-0.006119,-0.000390,-1.105239,-0.010413,-0.004140
9.040000,-0.001201,-0.006088,-0.000388,-1.105273,-0.010392,-0.004119
9.050000,-0.001195,-0.006058,-0.000386,-1.105306,-0.010371,-0.004099
9.060000,-0.001189,-0.006028,-0.000384,-1.105340,-0.010351,-0.004078
9.070000,-0.001183,-0.005998,-0.000382,-1.105373,-0.010330,-0.004058
9.080000,-0.001177,-0.005968,-0.000380,-1.105406,-0.010309,-0.004038
9.090000,-0.001171,-0.005938,-0.000378,-1.105439,-0.010289,-0.004018
9.100000,-0.001165,-0.005908,-0.000376,-1.105472,-0.010268,-0.003998
9.110000,-0.001160,-0.005879,-0.000374,-1.105505,-0.010248,-0.003978
9.120000,-0.001154,-0.005850,-0.000372,-1.105537,-0.010227,-0.003958
9.130000,-0.001148,-0.005821,-0.000371,-1.105569,-0.010207,-0.003938
9.140000,-0.001142,-0.005791,-0.000369,-1.105601,-0.010186,-0.003918
9.150000,-0.001137,-0.005763,-0.000367,-1.105633,-0.010166,-0.003899
9.160000,-0.001131,-0.005734,-0.000365,-1.105664,-0.010146,-0.003879
9.170000,-0.001125,-0.005705,-0.000363,-1.105695,-0.010125,-0.003860
9.180000,-0.001120,-0.005677,-0.000361,-1.105726,-0.010105,-0.003841
9.190000,-0.001114,-0.005648,-0.000360,-1.105757,-0.010085,-0.003822
9.200000,-0.001109,-0.005620,-0.000358,-1.105788,-0.010065,-0.003803
9.210000,-0.001103,-0.005592,-0.000356,-1.105818,-0.010045,-0.003784
9.220000,-0.001098,-0.005564,-0.000354,-1.105849,-0.010025,-0.003765
9.230000,-0.001092,-0.005537,-0.000353,-1.105879,-0.010005,-0.003746
9.240000,-0.001087,-0.005509,-0.000351,-1.105909,-0.009985,-0.003727
9.250000,-0.001081,-0.005482,-0.000349,-1.105938,-0.009965,-0.003709
9.260000,-0.001076,-0.005454,-0.000347,-1.105968,-0.009945,-0.003690
9.270000,-0.001071,-0.005427,-0.000346,-1.105997,-0.009925,-0.003672
9.280000,-0.001065,-0.005400,-0.000344,-1.106026,-0.009905,-0.003653
9.290000,-0.001060,-0.005373,-0.000342,-1.106055,-0.009885,-0.003635
9.300000,-0.001055,-0.005346,-0.000340,-1.106084,-0.009865,-0.003617
9.310000,-0.001049,-0.005320,-0.000339,-1.106113,-0.009846,-0.003599
9.320000,-0.001044,-0.005293,-0.000337,-1.106141,-0.009826,-0.003581
9.330000,-0.001039,-0.005267,-0.000335,-1.106169,-0.009806,-0.003563
9.340000,-0.001034,-0.005240,-0.000334,-1.106197,-0.009787,-0.003546
9.350000,-0.001029,-0.005214,-0.000332,-1.106225,-0.009767,-0.003528
9.360000,-0.001023,-0.005188,-0.000330,-1.106253,-0.009748,-0.003510
9.370000,-0.001018,-0.005162,-0.000329,-1.106280,-0.009728,-0.003493
9.380000,-0.001013,-0.005137,-0.000327,-1.106307,-0.009709,-0.003475
9.390000,-0.001008,-0.005111,-0.000325,-1.106335,-0.009689,-0.003458
9.400000,-0.001003,-0.005085,-0.000324,-1.106362,-0.009670,-0.003441
9.410000,-0.000998,-0.005060,-0.000322,-1.106388,-0.009651,-0.003424
9.420000,-0.000993,-0.005035,-0.000321,-1.106415,-0.009631,-0.003406
9.430000,-0.000988,-0.005010,-0.000319,-1.106441,-0.009612,-0.003389
9.440000,-0.000983,-0.004985,-0.000317,-1.106468,-0.009593,-0.003373
9.450000,-0.000978,-0.004960,-0.000316,-1.106494,-0.009574,-0.003356
9.460000,-0.000973,-0.004935,-0.000314,-1.106520,-0.009555,-0.003339
9.470000,-0.000969,-0.004911,-0.000313,-1.106545,-0.009536,-0.003322
9.480000,-0.000964,-0.004886,-0.000311,-1.106571,-0.009517,-0.003306
9.490000,-0.000959,-0.004862,-0.000310,-1.106596,-0.009498,-0.003289
9.500000,-0.000954,-0.004837,-0.000308,-1.106622,-0.009479,-0.003273
9.510000,-0.000949,-0.004813,-0.000306,-1.106647,-0.009460,-0.003257
9.520000,-0.000945,-0.004789,-0.000305,-1.106672,-0.009441,-0.003240
9.530000,-0.000940,-0.004765,-0.000303,-1.106697,-0.009422,-0.003224
9.540000,-0.000935,-0.004742,-0.000302,-1.106721,-0.009403,-0.003208
9.550000,-0.000931,-0.004718,-0.000300,-1.106746,-0.009384,-0.003192
9.560000,-0.000926,-0.004694,-0.000299,-1.106770,-0.009365,-0.003176
9.570000,-0.000921,-0.004671,-0.000297,-1.106794,-0.009347,-0.003160
9.580000,-0.000917,-0.004648,-0.000296,-1.106818,-0.009328,-0.003145
9.590000,-0.000912,-0.004625,-0.000294,-1.106842,-0.009309,-0.003129
9.600000,-0.000908,-0.004601,-0.000293,-1.106866,-0.009291,-0.003113
9.610000,-0.000903,-0.004579,-0.000292,-1.106889,-0.009272,-0.003098
9.620000,-0.000899,-0.004556,-0.000290,-1.106912,-0.009254,-0.003082
9.630000,-0.000894,-0.004533,-0.000289,-1.106936,-0.009235,-0.003067
9.640000,-0.000890,-0.004510,-0.000287,-1.106959,-0.009217,-0.003052
9.650000,-0.000885,-0.004488,-0.000286,-1.106982,-0.009198,-0.003036
9.660000,-0.000881,-0.004465,-0.000284,-1.107004,-0.009180,-0.003021
9.670000,-0.000876,-0.004443,-0.000283,-1.107027,-0.009162,-0.003006
9.680000,-0.000872,-0.004421,-0.000281,-1.107050,-0.009143,-0.002991
9.690000,-0.000868,-0.004399,-0.000280,-1.107072,-0.009125,-0.002976
9.700000,-0.000863,-0.004377,-0.000279,-1.107094,-0.009107,-0.002961
9.710000,-0.000859,-0.004355,-0.000277,-1.107116,-0.009089,-0.002947
9.720000,-0.000855,-0.004333,-0.000276,-1.107138,-0.009070,-0.002932
9.730000,-0.000851,-0.004312,-0.000275,-1.107160,-0.009052,-0.002917
9.740000,-0.000846,-0.004290,-0.000273,-1.107181,-0.009034,-0.002903
9.750000,-0.000842,-0.004269,-0.000272,-1.107203,-0.009016,-0.002888
9.760000,-0.000838,-0.004248,-0.000270,-1.107224,-0.008998,-0.002874
9.770000,-0.000834,-0.004226,-0.000269,-1.107246,-0.008980,-0.002860
9.780000,-0.000830,-0.004205,-0.000268,-1.107267,-0.008962,-0.002845
9.790000,-0.000825,-0.004184,-0.000266,-1.107288,-0.008944,-0.002831
9.800000,-0.000821,-0.004164,-0.000265,-1.107308,-0.008926,-0.002817
9.810000,-0.000817,-0.004143,-0.000264,-1.107329,-0.008909,-0.002803
9.820000,-0.000813,-0.004122,-0.000262,-1.107350,-0.008891,-0.002789
9.830000,-0.000809,-0.004102,-0.000261,-1.107370,-0.008873,-0.002775
9.840000,-0.000805,-0.004081,-0.000260,-1.107390,-0.008855,-0.002761
9.850000,-0.000801,-0.004061,-0.000259,-1.107410,-0.008838,-0.002747
9.860000,-0.000797,-0.004041,-0.000257,-1.107430,-0.008820,-0.002734
9.870000,-0.000793,-0.004020,-0.000256,-1.107450,-0.008802,-0.002720
9.880000,-0.000789,-0.004000,-0.000255,-1.107470,-0.008785,-0.002707
9.890000,-0.000785,-0.003980,-0.000253,-1.107490,-0.008767,-0.002693
9.900000,-0.000781,-0.003961,-0.000252,-1.107509,-0.008750,-0.002680
9.910000,-0.000777,-0.003941,-0.000251,-1.107529,-0.008732,-0.002666
9.920000,-0.000773,-0.003921,-0.000250,-1.107548,-0.008715,-0.002653
9.930000,-0.000770,-0.003902,-0.000248,-1.107567,-0.008697,-0.002640
9.940000,-0.000766,-0.003882,-0.000247,-1.107586,-0.008680,-0.002627
9.950000,-0.000762,-0.003863,-0.000246,-1.107605,-0.008663,-0.002613
9.960000,-0.000758,-0.003843,-0.000245,-1.107624,-0.008645,-0.002600
9.970000,-0.000754,-0.003824,-0.000243,-1.107642,-0.008628,-0.002587
9.980000,-0.000751,-0.003805,-0.000242,-1.107661,-0.008611,-0.002575
9.990000,-0.000747,-0.003786,-0.000241,-1.107679,-0.008594,-0.002562
10.000000,-0.000743,-0.003767,-0.000240,-1.107697,-0.008576,-0.002549
