0.000000,-0.991909,0.040826,0.243245,0.344024,-0.346996,0.340092
0.010000,-0.977439,0.040622,0.242611,0.338630,-0.346099,0.338007
0.020000,-0.963449,0.040418,0.241969,0.333237,-0.345205,0.335940
0.030000,-0.949910,0.040216,0.241320,0.327847,-0.344315,0.333890
0.040000,-0.936799,0.040015,0.240663,0.322458,-0.343428,0.331856
0.050000,-0.924092,0.039815,0.239998,0.317072,-0.342544,0.329840
0.060000,-0.911769,0.039615,0.239327,0.311689,-0.341663,0.327840
0.070000,-0.899809,0.039417,0.238650,0.306307,-0.340786,0.325857
0.080000,-0.888194,0.039220,0.237966,0.300929,-0.339912,0.323890
0.090000,-0.876908,0.039024,0.237276,0.295553,-0.339041,0.321938
0.100000,-0.865934,0.038829,0.236581,0.290180,-0.338174,0.320003
0.110000,-0.855257,0.038634,0.235880,0.284811,-0.337309,0.318083
0.120000,-0.844865,0.038441,0.235174,0.279444,-0.336448,0.316178
0.130000,-0.834743,0.038249,0.234463,0.274081,-0.335590,0.314289
0.140000,-0.824881,0.038057,0.233747,0.268721,-0.334735,0.312414
0.150000,-0.815265,0.037867,0.233027,0.263365,-0.333883,0.310555
0.160000,-0.805887,0.037678,0.232302,0.258012,-0.333034,0.308710
0.170000,-0.796736,0.037489,0.231573,0.252664,-0.332188,0.306879
0.180000,-0.787802,0.037302,0.230841,0.247319,-0.331345,0.305063
0.190000,-0.779076,0.037115,0.230105,0.241979,-0.330505,0.303261
0.200000,-0.770551,0.036930,0.229365,0.236643,-0.329669,0.301472
0.210000,-0.762218,0.036745,0.228622,0.231311,-0.328835,0.299698
0.220000,-0.754070,0.036561,0.227875,0.225984,-0.328004,0.297937
0.230000,-0.746099,0.036378,0.227126,0.220661,-0.327176,0.296190
0.240000,-0.738300,0.036196,0.226374,0.215344,-0.326351,0.294455
0.250000,-0.730665,0.036015,0.225619,0.210031,-0.325529,0.292734
0.260000,-0.723190,0.035835,0.224862,0.204723,-0.324710,0.291026
0.270000,-0.715867,0.035656,0.224102,0.199421,-0.323894,0.289331
0.280000,-0.708692,0.035478,0.223340,0.194124,-0.323081,0.287649
0.290000,-0.701660,0.035300,0.222576,0.188832,-0.322270,0.285979
0.300000,-0.694765,0.035124,0.221809,0.183546,-0.321463,0.284321
0.310000,-0.688003,0.034948,0.221041,0.178266,-0.320658,0.282676
0.320000,-0.681370,0.034774,0.220271,0.172992,-0.319856,0.281042
0.330000,-0.674861,0.034600,0.219500,0.167724,-0.319057,0.279421
0.340000,-0.668473,0.034427,0.218727,0.162461,-0.318261,0.277812
0.350000,-0.662201,0.034255,0.217952,0.157205,-0.317467,0.276214
0.360000,-0.656042,0.034083,0.217176,0.151956,-0.316676,0.274628
0.370000,-0.649993,0.033913,0.216399,0.146713,-0.315888,0.273054
0.380000,-0.644049,0.033744,0.215621,0.141477,-0.315102,0.271490
0.390000,-0.638208,0.033575,0.214842,0.136247,-0.314320,0.269938
0.400000,-0.632467,0.033407,0.214062,0.131024,-0.313540,0.268398
0.410000,-0.626822,0.033240,0.213281,0.125809,-0.312762,0.266868
0.420000,-0.621272,0.033074,0.212499,0.120600,-0.311988,0.265349
0.430000,-0.615813,0.032909,0.211717,0.115399,-0.311216,0.263841
0.440000,-0.610442,0.032744,0.210934,0.110205,-0.310446,0.262343
0.450000,-0.605158,0.032580,0.210151,0.105019,-0.309679,0.260856
0.460000,-0.599958,0.032418,0.209367,0.099840,-0.308915,0.259379
0.470000,-0.594839,0.032256,0.208583,0.094669,-0.308154,0.257913
0.480000,-0.589799,0.032094,0.207799,0.089506,-0.307395,0.256457
0.490000,-0.584837,0.031934,0.207015,0.084351,-0.306638,0.255011
0.500000,-0.579949,0.031774,0.206230,0.079204,-0.305884,0.253575
0.510000,-0.575135,0.031616,0.205446,0.074066,-0.305133,0.252149
0.520000,-0.570393,0.031458,0.204661,0.068936,-0.304384,0.250733
0.530000,-0.565719,0.031300,0.203877,0.063814,-0.303638,0.249327
0.540000,-0.561114,0.031144,0.203093,0.058701,-0.302894,0.247930
0.550000,-0.556574,0.030988,0.202309,0.053596,-0.302152,0.246543
0.560000,-0.552099,0.030833,0.201525,0.048501,-0.301414,0.245165
0.570000,-0.547687,0.030679,0.200742,0.043414,-0.300677,0.243796
0.580000,-0.543336,0.030526,0.199959,0.038337,-0.299943,0.242437
0.590000,-0.539045,0.030374,0.199177,0.033268,-0.299211,0.241087
0.600000,-0.534813,0.030222,0.198395,0.028209,-0.298482,0.239746
0.610000,-0.530637,0.030071,0.197614,0.023159,-0.297756,0.238414
0.620000,-0.526518,0.029921,0.196834,0.018119,-0.297031,0.237091
0.630000,-0.522452,0.029771,0.196054,0.013089,-0.296309,0.235776
0.640000,-0.518440,0.029622,0.195275,0.008068,-0.295590,0.234471
0.650000,-0.514481,0.029474,0.194496,0.003057,-0.294872,0.233174
0.660000,-0.510572,0.029327,0.193719,-0.001944,-0.294157,0.231885
0.670000,-0.506713,0.029181,0.192942,-0.006936,-0.293445,0.230605
0.680000,-0.502902,0.029035,0.192167,-0.011916,-0.292735,0.229334
0.690000,-0.499139,0.028890,0.191392,-0.016887,-0.292027,0.228071
0.700000,-0.495423,0.028745,0.190619,-0.021847,-0.291321,0.226816
0.710000,-0.491753,0.028602,0.189846,-0.026797,-0.290618,0.225569
0.720000,-0.488127,0.028459,0.189075,-0.031737,-0.289916,0.224331
0.730000,-0.484545,0.028317,0.188304,-0.036665,-0.289218,0.223100
0.740000,-0.481006,0.028175,0.187535,-0.041583,-0.288521,0.221878
0.750000,-0.477509,0.028035,0.186767,-0.046490,-0.287827,0.220663
0.760000,-0.474053,0.027894,0.186001,-0.051386,-0.287134,0.219456
0.770000,-0.470638,0.027755,0.185235,-0.056271,-0.286445,0.218257
0.780000,-0.467262,0.027617,0.184471,-0.061145,-0.285757,0.217065
0.790000,-0.463924,0.027479,0.183709,-0.066008,-0.285071,0.215882
0.800000,-0.460625,0.027341,0.182947,-0.070860,-0.284388,0.214705
0.810000,-0.457363,0.027205,0.182188,-0.075700,-0.283707,0.213537
0.820000,-0.454138,0.027069,0.181429,-0.080528,-0.283028,0.212375
0.830000,-0.450948,0.026934,0.180672,-0.085345,-0.282351,0.211221
0.840000,-0.447794,0.026799,0.179917,-0.090150,-0.281676,0.210075
0.850000,-0.444674,0.026665,0.179163,-0.094944,-0.281004,0.208935
0.860000,-0.441589,0.026532,0.178411,-0.099725,-0.280333,0.207803
0.870000,-0.438536,0.026400,0.177660,-0.104495,-0.279665,0.206678
0.880000,-0.435516,0.026268,0.176911,-0.109253,-0.278999,0.205559
0.890000,-0.432529,0.026137,0.176164,-0.113999,-0.278335,0.204448
0.900000,-0.429572,0.026006,0.175418,-0.118732,-0.277673,0.203344
0.910000,-0.426647,0.025876,0.174674,-0.123453,-0.277013,0.202247
0.920000,-0.423753,0.025747,0.173931,-0.128162,-0.276355,0.201156
0.930000,-0.420888,0.025618,0.173191,-0.132859,-0.275699,0.200072
0.940000,-0.418052,0.025490,0.172452,-0.137542,-0.275045,0.198995
0.950000,-0.415246,0.025363,0.171715,-0.142214,-0.274393,0.197925
0.960000,-0.412468,0.025236,0.170980,-0.146873,-0.273743,0.196861
0.970000,-0.409718,0.025110,0.170246,-0.151519,-0.273096,0.195804
0.980000,-0.406995,0.024985,0.169515,-0.156152,-0.272450,0.194753
0.990000,-0.404299,0.024860,0.168785,-0.160772,-0.271806,0.193708
1.000000,-0.401630,0.024736,0.168057,-0.165380,-0.271164,0.192670
1.010000,-0.398987,0.024613,0.167331,-0.169974,-0.270524,0.191638
1.020000,-0.396370,0.024490,0.166607,-0.174556,-0.269887,0.190613
1.030000,-0.393778,0.024367,0.165885,-0.179124,-0.269251,0.189594
1.040000,-0.391211,0.024246,0.165165,-0.183679,-0.268617,0.188581
1.050000,-0.388668,0.024125,0.164447,-0.188221,-0.267985,0.187574
1.060000,-0.386150,0.024004,0.163731,-0.192750,-0.267355,0.186573
1.070000,-0.383655,0.023884,0.163017,-0.197265,-0.266727,0.185578
1.080000,-0.381183,0.023765,0.162305,-0.201767,-0.266100,0.184589
1.090000,-0.378735,0.023646,0.161595,-0.206255,-0.265476,0.183607
1.100000,-0.376309,0.023528,0.160887,-0.210730,-0.264853,0.182630
1.110000,-0.373906,0.023411,0.160181,-0.215191,-0.264233,0.181658
1.120000,-0.371525,0.023294,0.159477,-0.219638,-0.263614,0.180693
1.130000,-0.369165,0.023178,0.158775,-0.224072,-0.262997,0.179733
1.140000,-0.366827,0.023062,0.158075,-0.228492,-0.262382,0.178780
1.150000,-0.364510,0.022947,0.157377,-0.232898,-0.261769,0.177831
1.160000,-0.362213,0.022832,0.156682,-0.237291,-0.261158,0.176889
1.170000,-0.359937,0.022718,0.155988,-0.241669,-0.260548,0.175952
1.180000,-0.357681,0.022605,0.155297,-0.246033,-0.259941,0.175020
1.190000,-0.355445,0.022492,0.154608,-0.250384,-0.259335,0.174094
1.200000,-0.353228,0.022380,0.153921,-0.254720,-0.258731,0.173174
1.210000,-0.351031,0.022268,0.153236,-0.259042,-0.258129,0.172259
1.220000,-0.348853,0.022157,0.152553,-0.263350,-0.257528,0.171349
1.230000,-0.346693,0.022046,0.151873,-0.267644,-0.256930,0.170445
1.240000,-0.344552,0.021936,0.151195,-0.271923,-0.256333,0.169545
1.250000,-0.342430,0.021827,0.150519,-0.276189,-0.255738,0.168652
1.260000,-0.340325,0.021718,0.149845,-0.280440,-0.255145,0.167763
1.270000,-0.338238,0.021609,0.149173,-0.284676,-0.254553,0.166880
1.280000,-0.336168,0.021501,0.148503,-0.288898,-0.253963,0.166001
1.290000,-0.334116,0.021394,0.147836,-0.293106,-0.253375,0.165128
1.300000,-0.332081,0.021287,0.147171,-0.297300,-0.252789,0.164260
1.310000,-0.330063,0.021181,0.146508,-0.301478,-0.252204,0.163397
1.320000,-0.328061,0.021075,0.145848,-0.305643,-0.251621,0.162539
1.330000,-0.326076,0.020970,0.145189,-0.309792,-0.251040,0.161686
1.340000,-0.324107,0.020865,0.144533,-0.313927,-0.250461,0.160837
1.350000,-0.322154,0.020761,0.143880,-0.318048,-0.249883,0.159994
1.360000,-0.320217,0.020657,0.143228,-0.322154,-0.249307,0.159155
1.370000,-0.318295,0.020554,0.142579,-0.326245,-0.248732,0.158322
1.380000,-0.316389,0.020452,0.141932,-0.330321,-0.248159,0.157493
1.390000,-0.314498,0.020350,0.141287,-0.334383,-0.247588,0.156669
1.400000,-0.312622,0.020248,0.140644,-0.338430,-0.247019,0.155849
1.410000,-0.310760,0.020147,0.140004,-0.342462,-0.246451,0.155034
1.420000,-0.308914,0.020046,0.139366,-0.346479,-0.245885,0.154224
1.430000,-0.307082,0.019946,0.138730,-0.350482,-0.245320,0.153419
1.440000,-0.305264,0.019847,0.138097,-0.354469,-0.244757,0.152618
1.450000,-0.303460,0.019748,0.137466,-0.358442,-0.244196,0.151822
1.460000,-0.301670,0.019649,0.136837,-0.362400,-0.243636,0.151030
1.470000,-0.299894,0.019551,0.136210,-0.366343,-0.243078,0.150242
1.480000,-0.298132,0.019454,0.135586,-0.370271,-0.242522,0.149459
1.490000,-0.296383,0.019356,0.134964,-0.374184,-0.241967,0.148681
1.500000,-0.294647,0.019260,0.134344,-0.378082,-0.241414,0.147907
1.510000,-0.292925,0.019164,0.133727,-0.381966,-0.240862,0.147137
1.520000,-0.291215,0.019068,0.133112,-0.385834,-0.240312,0.146372
1.530000,-0.289519,0.018973,0.132499,-0.389687,-0.239763,0.145611
1.540000,-0.287835,0.018878,0.131889,-0.393525,-0.239216,0.144854
1.550000,-0.286163,0.018784,0.131280,-0.397349,-0.238671,0.144101
1.560000,-0.284504,0.018690,0.130674,-0.401157,-0.238127,0.143353
1.570000,-0.282858,0.018597,0.130071,-0.404950,-0.237585,0.142609
1.580000,-0.281223,0.018504,0.129469,-0.408728,-0.237044,0.141869
1.590000,-0.279601,0.018412,0.128870,-0.412492,-0.236504,0.141133
1.600000,-0.277990,0.018320,0.128274,-0.416240,-0.235967,0.140401
1.610000,-0.276391,0.018228,0.127679,-0.419973,-0.235430,0.139674
1.620000,-0.274804,0.018137,0.127087,-0.423691,-0.234896,0.138950
1.630000,-0.273228,0.018047,0.126497,-0.427394,-0.234362,0.138231
1.640000,-0.271663,0.017957,0.125909,-0.431082,-0.233831,0.137515
1.650000,-0.270110,0.017867,0.125324,-0.434755,-0.233300,0.136803
1.660000,-0.268568,0.017778,0.124741,-0.438412,-0.232772,0.136096
1.670000,-0.267037,0.017689,0.124160,-0.442055,-0.232244,0.135392
1.680000,-0.265517,0.017601,0.123582,-0.445683,-0.231718,0.134692
1.690000,-0.264007,0.017513,0.123006,-0.449296,-0.231194,0.133996
1.700000,-0.262509,0.017426,0.122432,-0.452893,-0.230671,0.133304
1.710000,-0.261021,0.017339,0.121860,-0.456476,-0.230150,0.132616
1.720000,-0.259543,0.017252,0.121291,-0.460043,-0.229630,0.131931
1.730000,-0.258075,0.017166,0.120723,-0.463596,-0.229111,0.131251
1.740000,-0.256618,0.017081,0.120159,-0.467134,-0.228594,0.130574
1.750000,-0.255171,0.016995,0.119596,-0.470656,-0.228078,0.129900
1.760000,-0.253734,0.016911,0.119036,-0.474164,-0.227564,0.129231
1.770000,-0.252307,0.016826,0.118477,-0.477656,-0.227051,0.128565
1.780000,-0.250890,0.016742,0.117922,-0.481134,-0.226540,0.127903
1.790000,-0.249482,0.016659,0.117368,-0.484596,-0.226030,0.127244
1.800000,-0.248084,0.016576,0.116817,-0.488044,-0.225521,0.126589
1.810000,-0.246696,0.016493,0.116268,-0.491477,-0.225014,0.125937
1.820000,-0.245317,0.016410,0.115721,-0.494895,-0.224508,0.125290
1.830000,-0.243948,0.016329,0.115176,-0.498297,-0.224004,0.124645
1.840000,-0.242587,0.016247,0.114634,-0.501685,-0.223501,0.124004
1.850000,-0.241236,0.016166,0.114093,-0.505058,-0.222999,0.123367
1.860000,-0.239894,0.016085,0.113556,-0.508417,-0.222499,0.122733
1.870000,-0.238561,0.016005,0.113020,-0.511760,-0.222000,0.122103
1.880000,-0.237237,0.015925,0.112486,-0.515088,-0.221502,0.121476
1.890000,-0.235922,0.015846,0.111955,-0.518402,-0.221006,0.120852
1.900000,-0.234615,0.015767,0.111426,-0.521701,-0.220511,0.120232
1.910000,-0.233317,0.015688,0.110899,-0.524985,-0.220018,0.119615
1.920000,-0.232028,0.015610,0.110374,-0.528254,-0.219525,0.119001
1.930000,-0.230747,0.015532,0.109852,-0.531509,-0.219035,0.118391
1.940000,-0.229475,0.015454,0.109331,-0.534749,-0.218545,0.117784
1.950000,-0.228211,0.015377,0.108813,-0.537974,-0.218057,0.117181
1.960000,-0.226955,0.015301,0.108297,-0.541184,-0.217570,0.116580
1.970000,-0.225707,0.015224,0.107784,-0.544380,-0.217084,0.115983
1.980000,-0.224468,0.015148,0.107272,-0.547561,-0.216600,0.115389
1.990000,-0.223236,0.015073,0.106762,-0.550728,-0.216117,0.114799
2.000000,-0.222013,0.014997,0.106255,-0.553880,-0.215636,0.114211
2.010000,-0.220797,0.014923,0.105750,-0.557017,-0.215155,0.113627
2.020000,-0.219590,0.014848,0.105247,-0.560140,-0.214676,0.113045
2.030000,-0.218390,0.014774,0.104746,-0.563248,-0.214198,0.112467
2.040000,-0.217197,0.014700,0.104248,-0.566342,-0.213722,0.111892
2.050000,-0.216013,0.014627,0.103751,-0.569422,-0.213247,0.111320
2.060000,-0.214836,0.014554,0.103257,-0.572487,-0.212773,0.110752
2.070000,-0.213666,0.014481,0.102764,-0.575537,-0.212300,0.110186
2.080000,-0.212504,0.014409,0.102274,-0.578574,-0.211828,0.109623
2.090000,-0.211349,0.014337,0.101786,-0.581596,-0.211358,0.109063
2.100000,-0.210202,0.014266,0.101300,-0.584603,-0.210889,0.108506
2.110000,-0.209061,0.014194,0.100816,-0.587596,-0.210422,0.107953
2.120000,-0.207928,0.014124,0.100334,-0.590576,-0.209955,0.107402
2.130000,-0.206802,0.014053,0.099855,-0.593540,-0.209490,0.106854
2.140000,-0.205683,0.013983,0.099377,-0.596491,-0.209026,0.106309
2.150000,-0.204571,0.013913,0.098901,-0.599428,-0.208563,0.105767
2.160000,-0.203466,0.013844,0.098428,-0.602350,-0.208102,0.105227
2.170000,-0.202368,0.013775,0.097957,-0.605258,-0.207641,0.104691
2.180000,-0.201277,0.013706,0.097487,-0.608152,-0.207182,0.104158
2.190000,-0.200192,0.013638,0.097020,-0.611033,-0.206724,0.103627
2.200000,-0.199114,0.013570,0.096555,-0.613899,-0.206267,0.103099
2.210000,-0.198043,0.013502,0.096092,-0.616751,-0.205812,0.102574
2.220000,-0.196979,0.013435,0.095630,-0.619590,-0.205358,0.102052
2.230000,-0.195921,0.013368,0.095171,-0.622414,-0.204905,0.101532
2.240000,-0.194869,0.013301,0.094714,-0.625225,-0.204453,0.101015
2.250000,-0.193824,0.013234,0.094259,-0.628021,-0.204002,0.100501
2.260000,-0.192785,0.013168,0.093806,-0.630804,-0.203552,0.099990
2.270000,-0.191753,0.013103,0.093355,-0.633574,-0.203104,0.099481
2.280000,-0.190727,0.013037,0.092906,-0.636329,-0.202657,0.098976
2.290000,-0.189707,0.012972,0.092459,-0.639071,-0.202211,0.098472
2.300000,-0.188693,0.012908,0.092014,-0.641800,-0.201766,0.097972
2.310000,-0.187685,0.012843,0.091571,-0.644514,-0.201322,0.097474
2.320000,-0.186684,0.012779,0.091130,-0.647215,-0.200879,0.096978
2.330000,-0.185688,0.012715,0.090690,-0.649903,-0.200438,0.096486
2.340000,-0.184699,0.012652,0.090253,-0.652577,-0.199998,0.095996
2.350000,-0.183715,0.012589,0.089818,-0.655238,-0.199558,0.095508
2.360000,-0.182738,0.012526,0.089385,-0.657885,-0.199120,0.095023
2.370000,-0.181766,0.012464,0.088953,-0.660519,-0.198684,0.094541
2.380000,-0.180800,0.012401,0.088524,-0.663140,-0.198248,0.094061
2.390000,-0.179840,0.012339,0.088096,-0.665747,-0.197813,0.093583
2.400000,-0.178885,0.012278,0.087671,-0.668342,-0.197380,0.093109
2.410000,-0.177936,0.012217,0.087247,-0.670923,-0.196947,0.092636
2.420000,-0.176993,0.012156,0.086825,-0.673490,-0.196516,0.092166
2.430000,-0.176055,0.012095,0.086406,-0.676045,-0.196086,0.091699
2.440000,-0.175123,0.012035,0.085988,-0.678587,-0.195657,0.091234
2.450000,-0.174197,0.011975,0.085572,-0.681115,-0.195229,0.090771
2.460000,-0.173276,0.011915,0.085157,-0.683631,-0.194802,0.090311
2.470000,-0.172360,0.011856,0.084745,-0.686134,-0.194376,0.089854
2.480000,-0.171450,0.011796,0.084335,-0.688624,-0.193951,0.089398
2.490000,-0.170545,0.011738,0.083926,-0.691100,-0.193528,0.088945
2.500000,-0.169645,0.011679,0.083519,-0.693565,-0.193105,0.088495
2.510000,-0.168751,0.011621,0.083115,-0.696016,-0.192684,0.088046
2.520000,-0.167861,0.011563,0.082712,-0.698455,-0.192263,0.087601
2.530000,-0.166977,0.011505,0.082310,-0.700881,-0.191844,0.087157
2.540000,-0.166098,0.011448,0.081911,-0.703294,-0.191426,0.086716
2.550000,-0.165225,0.011391,0.081514,-0.705695,-0.191009,0.086277
2.560000,-0.164356,0.011334,0.081118,-0.708083,-0.190592,0.085840
2.570000,-0.163492,0.011277,0.080724,-0.710458,-0.190177,0.085406
2.580000,-0.162634,0.011221,0.080332,-0.712821,-0.189763,0.084974
2.590000,-0.161780,0.011165,0.079942,-0.715172,-0.189350,0.084544
2.600000,-0.160931,0.011109,0.079553,-0.717511,-0.188939,0.084116
2.610000,-0.160087,0.011054,0.079167,-0.719837,-0.188528,0.083691
2.620000,-0.159248,0.010999,0.078782,-0.722150,-0.188118,0.083267
2.630000,-0.158414,0.010944,0.078399,-0.724452,-0.187709,0.082846
2.640000,-0.157585,0.010889,0.078017,-0.726741,-0.187301,0.082428
2.650000,-0.156760,0.010835,0.077638,-0.729018,-0.186894,0.082011
2.660000,-0.155940,0.010781,0.077260,-0.731283,-0.186489,0.081596
2.670000,-0.155125,0.010727,0.076884,-0.733536,-0.186084,0.081184
2.680000,-0.154314,0.010674,0.076509,-0.735777,-0.185680,0.080774
2.690000,-0.153508,0.010620,0.076137,-0.738006,-0.185278,0.080366
2.700000,-0.152707,0.010567,0.075766,-0.740224,-0.184876,0.079960
2.710000,-0.151910,0.010515,0.075396,-0.742429,-0.184475,0.079556
2.720000,-0.151117,0.010462,0.075029,-0.744622,-0.184076,0.079154
2.730000,-0.150329,0.010410,0.074663,-0.746804,-0.183677,0.078755
2.740000,-0.149546,0.010358,0.074299,-0.748974,-0.183279,0.078357
2.750000,-0.148767,0.010306,0.073937,-0.751132,-0.182883,0.077961
2.760000,-0.147993,0.010255,0.073576,-0.753278,-0.182487,0.077568
2.770000,-0.147222,0.010204,0.073217,-0.755413,-0.182092,0.077176
2.780000,-0.146457,0.010153,0.072860,-0.757536,-0.181699,0.076787
2.790000,-0.145695,0.010102,0.072504,-0.759648,-0.181306,0.076399
2.800000,-0.144938,0.010052,0.072150,-0.761749,-0.180914,0.076014
2.810000,-0.144185,0.010002,0.071797,-0.763838,-0.180523,0.075630
2.820000,-0.143436,0.009952,0.071447,-0.765915,-0.180133,0.075249
2.830000,-0.142691,0.009902,0.071098,-0.767981,-0.179745,0.074869
2.840000,-0.141951,0.009853,0.070750,-0.770036,-0.179357,0.074492
2.850000,-0.141215,0.009804,0.070404,-0.772080,-0.178970,0.074116
2.860000,-0.140482,0.009755,0.070060,-0.774113,-0.178584,0.073743
2.870000,-0.139754,0.009706,0.069718,-0.776134,-0.178199,0.073371
2.880000,-0.139030,0.009658,0.069377,-0.778145,-0.177815,0.073001
2.890000,-0.138310,0.009609,0.069037,-0.780144,-0.177432,0.072633
2.900000,-0.137594,0.009561,0.068699,-0.782132,-0.177049,0.072267
2.910000,-0.136882,0.009514,0.068363,-0.784109,-0.176668,0.071903
2.920000,-0.136174,0.009466,0.068029,-0.786076,-0.176288,0.071540
2.930000,-0.135470,0.009419,0.067695,-0.788031,-0.175909,0.071180
2.940000,-0.134770,0.009372,0.067364,-0.789976,-0.175530,0.070821
2.950000,-0.134073,0.009325,0.067034,-0.791910,-0.175153,0.070465
2.960000,-0.133381,0.009279,0.066706,-0.793833,-0.174776,0.070110
2.970000,-0.132692,0.009233,0.066379,-0.795746,-0.174400,0.069757
2.980000,-0.132007,0.009187,0.066054,-0.797648,-0.174026,0.069405
2.990000,-0.131326,0.009141,0.065730,-0.799539,-0.173652,0.069056
3.000000,-0.130648,0.009095,0.065408,-0.801420,-0.173279,0.068708
3.010000,-0.129975,0.009050,0.065087,-0.803291,-0.172907,0.068362
3.020000,-0.129305,0.009005,0.064768,-0.805150,-0.172536,0.068018
3.030000,-0.128639,0.008960,0.064450,-0.807000,-0.172166,0.067676
3.040000,-0.127976,0.008915,0.064134,-0.808839,-0.171796,0.067335
3.050000,-0.127317,0.008870,0.063819,-0.810668,-0.171428,0.066996
3.060000,-0.126661,0.008826,0.063506,-0.812487,-0.171061,0.066659
3.070000,-0.126010,0.008782,0.063194,-0.814295,-0.170694,0.066324
3.080000,-0.125361,0.008738,0.062884,-0.816093,-0.170328,0.065990
3.090000,-0.124717,0.008695,0.062576,-0.817881,-0.169964,0.065658
3.100000,-0.124075,0.008651,0.062268,-0.819659,-0.169600,0.065328
3.110000,-0.123438,0.008608,0.061962,-0.821427,-0.169237,0.064999
3.120000,-0.122803,0.008565,0.061658,-0.823186,-0.168874,0.064673
3.130000,-0.122173,0.008523,0.061355,-0.824934,-0.168513,0.064347
3.140000,-0.121545,0.008480,0.061054,-0.826672,-0.168153,0.064024
3.150000,-0.120921,0.008438,0.060754,-0.828400,-0.167793,0.063702
3.160000,-0.120301,0.008396,0.060455,-0.830119,-0.167435,0.063382
3.170000,-0.119683,0.008354,0.060158,-0.831828,-0.167077,0.063063
3.180000,-0.119069,0.008312,0.059862,-0.833527,-0.166720,0.062746
3.190000,-0.118459,0.008271,0.059568,-0.835216,-0.166364,0.062430
3.200000,-0.117852,0.008229,0.059275,-0.836896,-0.166009,0.062117
3.210000,-0.117248,0.008188,0.058983,-0.838566,-0.165654,0.061805
3.220000,-0.116647,0.008148,0.058693,-0.840227,-0.165301,0.061494
3.230000,-0.116049,0.008107,0.058405,-0.841878,-0.164948,0.061185
3.240000,-0.115455,0.008066,0.058117,-0.843520,-0.164596,0.060878
3.250000,-0.114864,0.008026,0.057831,-0.845153,-0.164245,0.060572
3.260000,-0.114276,0.007986,0.057547,-0.846776,-0.163895,0.060267
3.270000,-0.113691,0.007946,0.057263,-0.848390,-0.163546,0.059965
3.280000,-0.113110,0.007907,0.056981,-0.849994,-0.163197,0.059663
3.290000,-0.112531,0.007867,0.056701,-0.851590,-0.162850,0.059364
3.300000,-0.111956,0.007828,0.056422,-0.853176,-0.162503,0.059066
3.310000,-0.111384,0.007789,0.056144,-0.854753,-0.162157,0.058769
3.320000,-0.110815,0.007750,0.055867,-0.856321,-0.161812,0.058474
3.330000,-0.110248,0.007711,0.055592,-0.857880,-0.161468,0.058180
3.340000,-0.109685,0.007673,0.055318,-0.859430,-0.161124,0.057888
3.350000,-0.109125,0.007635,0.055045,-0.860971,-0.160781,0.057597
3.360000,-0.108568,0.007597,0.054774,-0.862503,-0.160440,0.057308
3.370000,-0.108014,0.007559,0.054504,-0.864026,-0.160099,0.057021
3.380000,-0.107463,0.007521,0.054236,-0.865541,-0.159758,0.056734
3.390000,-0.106914,0.007484,0.053968,-0.867046,-0.159419,0.056450
3.400000,-0.106369,0.007446,0.053702,-0.868543,-0.159080,0.056166
3.410000,-0.105827,0.007409,0.053437,-0.870032,-0.158743,0.055884
3.420000,-0.105287,0.007372,0.053174,-0.871511,-0.158406,0.055604
3.430000,-0.104750,0.007335,0.052912,-0.872982,-0.158069,0.055325
3.440000,-0.104217,0.007299,0.052651,-0.874445,-0.157734,0.055047
3.450000,-0.103686,0.007262,0.052391,-0.875899,-0.157399,0.054771
3.460000,-0.103157,0.007226,0.052132,-0.877344,-0.157065,0.054496
3.470000,-0.102632,0.007190,0.051875,-0.878781,-0.156732,0.054223
3.480000,-0.102109,0.007154,0.051619,-0.880210,-0.156400,0.053951
3.490000,-0.101590,0.007119,0.051364,-0.881630,-0.156069,0.053680
3.500000,-0.101073,0.007083,0.051111,-0.883042,-0.155738,0.053411
3.510000,-0.100558,0.007048,0.050859,-0.884446,-0.155408,0.053143
3.520000,-0.100047,0.007013,0.050607,-0.885842,-0.155079,0.052877
3.530000,-0.099538,0.006978,0.050358,-0.887229,-0.154751,0.052611
3.540000,-0.099032,0.006943,0.050109,-0.888609,-0.154423,0.052348
3.550000,-0.098528,0.006908,0.049861,-0.889980,-0.154096,0.052085
3.560000,-0.098027,0.006874,0.049615,-0.891343,-0.153770,0.051824
3.570000,-0.097529,0.006839,0.049370,-0.892698,-0.153445,0.051564
3.580000,-0.097033,0.006805,0.049126,-0.894045,-0.153121,0.051305
3.590000,-0.096540,0.006771,0.048884,-0.895385,-0.152797,0.051048
3.600000,-0.096050,0.006738,0.048642,-0.896716,-0.152474,0.050792
3.610000,-0.095562,0.006704,0.048402,-0.898039,-0.152152,0.050538
3.620000,-0.095077,0.006671,0.048162,-0.899355,-0.151830,0.050284
3.630000,-0.094594,0.006637,0.047924,-0.900663,-0.151509,0.050032
3.640000,-0.094114,0.006604,0.047688,-0.901963,-0.151189,0.049782
3.650000,-0.093636,0.006571,0.047452,-0.903256,-0.150870,0.049532
3.660000,-0.093161,0.006538,0.047217,-0.904541,-0.150552,0.049284
3.670000,-0.092689,0.006506,0.046984,-0.905818,-0.150234,0.049037
3.680000,-0.092218,0.006473,0.046752,-0.907088,-0.149917,0.048791
3.690000,-0.091751,0.006441,0.046520,-0.908350,-0.149601,0.048547
3.700000,-0.091285,0.006409,0.046290,-0.909605,-0.149285,0.048303
3.710000,-0.090823,0.006377,0.046061,-0.910853,-0.148970,0.048061
3.720000,-0.090362,0.006345,0.045834,-0.912093,-0.148656,0.047820
3.730000,-0.089904,0.006314,0.045607,-0.913325,-0.148343,0.047581
3.740000,-0.089449,0.006282,0.045381,-0.914550,-0.148031,0.047342
3.750000,-0.088995,0.006251,0.045157,-0.915768,-0.147719,0.047105
3.760000,-0.088545,0.006220,0.044933,-0.916979,-0.147408,0.046869
3.770000,-0.088096,0.006188,0.044711,-0.918183,-0.147097,0.046635
3.780000,-0.087650,0.006158,0.044490,-0.919379,-0.146787,0.046401
3.790000,-0.087206,0.006127,0.044269,-0.920568,-0.146478,0.046169
3.800000,-0.086765,0.006096,0.044050,-0.921751,-0.146170,0.045937
3.810000,-0.086325,0.006066,0.043832,-0.922926,-0.145863,0.045707
3.820000,-0.085888,0.006036,0.043615,-0.924094,-0.145556,0.045478
3.830000,-0.085454,0.006006,0.043399,-0.925255,-0.145250,0.045251
3.840000,-0.085021,0.005976,0.043185,-0.926409,-0.144944,0.045024
3.850000,-0.084591,0.005946,0.042971,-0.927556,-0.144640,0.044798
3.860000,-0.084163,0.005916,0.042758,-0.928697,-0.144336,0.044574
3.870000,-0.083738,0.005887,0.042546,-0.929830,-0.144032,0.044351
3.880000,-0.083314,0.005857,0.042336,-0.930957,-0.143730,0.044129
3.890000,-0.082893,0.005828,0.042126,-0.932077,-0.143428,0.043908
3.900000,-0.082474,0.005799,0.041917,-0.933191,-0.143127,0.043688
3.910000,-0.082057,0.005770,0.041710,-0.934297,-0.142826,0.043469
3.920000,-0.081642,0.005741,0.041503,-0.935397,-0.142526,0.043252
3.930000,-0.081230,0.005713,0.041297,-0.936491,-0.142227,0.043035
3.940000,-0.080819,0.005684,0.041093,-0.937577,-0.141929,0.042820
3.950000,-0.080411,0.005656,0.040889,-0.938658,-0.141631,0.042606
3.960000,-0.080005,0.005628,0.040687,-0.939732,-0.141334,0.042392
3.970000,-0.079601,0.005600,0.040485,-0.940799,-0.141037,0.042180
3.980000,-0.079199,0.005572,0.040284,-0.941860,-0.140742,0.041969
3.990000,-0.078799,0.005544,0.040085,-0.942914,-0.140447,0.041759
4.000000,-0.078401,0.005516,0.039886,-0.943962,-0.140152,0.041550
4.010000,-0.078005,0.005489,0.039688,-0.945004,-0.139859,0.041342
4.020000,-0.077611,0.005461,0.039492,-0.946040,-0.139566,0.041135
4.030000,-0.077220,0.005434,0.039296,-0.947069,-0.139273,0.040929
4.040000,-0.076830,0.005407,0.039101,-0.948092,-0.138982,0.040724
4.050000,-0.076442,0.005380,0.038907,-0.949109,-0.138691,0.040521
4.060000,-0.076057,0.005353,0.038714,-0.950120,-0.138400,0.040318
4.070000,-0.075673,0.005326,0.038522,-0.951125,-0.138111,0.040116
4.080000,-0.075291,0.005300,0.038331,-0.952123,-0.137822,0.039915
4.090000,-0.074911,0.005273,0.038141,-0.953116,-0.137533,0.039716
4.100000,-0.074534,0.005247,0.037952,-0.954102,-0.137245,0.039517
4.110000,-0.074158,0.005221,0.037764,-0.955083,-0.136958,0.039319
4.120000,-0.073784,0.005195,0.037577,-0.956057,-0.136672,0.039123
4.130000,-0.073412,0.005169,0.037390,-0.957026,-0.136386,0.038927
4.140000,-0.073042,0.005143,0.037205,-0.957989,-0.136101,0.038732
4.150000,-0.072674,0.005118,0.037020,-0.958946,-0.135817,0.038538
4.160000,-0.072307,0.005092,0.036836,-0.959897,-0.135533,0.038346
4.170000,-0.071943,0.005067,0.036654,-0.960842,-0.135250,0.038154
4.180000,-0.071581,0.005041,0.036472,-0.961782,-0.134967,0.037963
4.190000,-0.071220,0.005016,0.036291,-0.962716,-0.134685,0.037773
4.200000,-0.070861,0.004991,0.036111,-0.963644,-0.134404,0.037584
4.210000,-0.070504,0.004966,0.035932,-0.964566,-0.134124,0.037396
4.220000,-0.070149,0.004942,0.035753,-0.965483,-0.133844,0.037209
4.230000,-0.069796,0.004917,0.035576,-0.966395,-0.133564,0.037023
4.240000,-0.069444,0.004892,0.035399,-0.967300,-0.133286,0.036838
4.250000,-0.069095,0.004868,0.035224,-0.968201,-0.133008,0.036654
4.260000,-0.068747,0.004844,0.035049,-0.969095,-0.132730,0.036470
4.270000,-0.068401,0.004820,0.034875,-0.969985,-0.132453,0.036288
4.280000,-0.068056,0.004795,0.034702,-0.970869,-0.132177,0.036107
4.290000,-0.067714,0.004772,0.034529,-0.971747,-0.131902,0.035926
4.300000,-0.067373,0.004748,0.034358,-0.972620,-0.131627,0.035746
4.310000,-0.067034,0.004724,0.034187,-0.973488,-0.131352,0.035568
4.320000,-0.066697,0.004701,0.034018,-0.974350,-0.131079,0.035390
4.330000,-0.066361,0.004677,0.033849,-0.975208,-0.130806,0.035213
4.340000,-0.066027,0.004654,0.033681,-0.976060,-0.130533,0.035037
4.350000,-0.065695,0.004631,0.033514,-0.976906,-0.130261,0.034862
4.360000,-0.065365,0.004607,0.033347,-0.977748,-0.129990,0.034687
4.370000,-0.065036,0.004584,0.033182,-0.978584,-0.129719,0.034514
4.380000,-0.064709,0.004562,0.033017,-0.979415,-0.129449,0.034341
4.390000,-0.064383,0.004539,0.032853,-0.980242,-0.129180,0.034170
4.400000,-0.064060,0.004516,0.032690,-0.981063,-0.128911,0.033999
4.410000,-0.063737,0.004494,0.032527,-0.981879,-0.128643,0.033829
4.420000,-0.063417,0.004471,0.032366,-0.982690,-0.128375,0.033660
4.430000,-0.063098,0.004449,0.032205,-0.983496,-0.128108,0.033492
4.440000,-0.062781,0.004427,0.032045,-0.984297,-0.127842,0.033324
4.450000,-0.062465,0.004405,0.031886,-0.985093,-0.127576,0.033158
4.460000,-0.062151,0.004383,0.031727,-0.985885,-0.127311,0.032992
4.470000,-0.061839,0.004361,0.031570,-0.986671,-0.127046,0.032827
4.480000,-0.061528,0.004339,0.031413,-0.987453,-0.126782,0.032663
4.490000,-0.061219,0.004317,0.031257,-0.988229,-0.126519,0.032500
4.500000,-0.060912,0.004296,0.031102,-0.989001,-0.126256,0.032337
4.510000,-0.060606,0.004275,0.030947,-0.989769,-0.125994,0.032176
4.520000,-0.060301,0.004253,0.030793,-0.990531,-0.125732,0.032015
4.530000,-0.059998,0.004232,0.030640,-0.991289,-0.125471,0.031855
4.540000,-0.059697,0.004211,0.030488,-0.992042,-0.125211,0.031696
4.550000,-0.059397,0.004190,0.030336,-0.992791,-0.124951,0.031537
4.560000,-0.059099,0.004169,0.030186,-0.993534,-0.124691,0.031380
4.570000,-0.058802,0.004148,0.030036,-0.994274,-0.124432,0.031223
4.580000,-0.058506,0.004127,0.029886,-0.995008,-0.124174,0.031067
4.590000,-0.058213,0.004107,0.029738,-0.995739,-0.123917,0.030911
4.600000,-0.057920,0.004086,0.029590,-0.996464,-0.123660,0.030757
4.610000,-0.057630,0.004066,0.029443,-0.997186,-0.123403,0.030603
4.620000,-0.057340,0.004046,0.029297,-0.997902,-0.123147,0.030450
4.630000,-0.057052,0.004026,0.029151,-0.998615,-0.122892,0.030298
4.640000,-0.056766,0.004005,0.029006,-0.999323,-0.122637,0.030147
4.650000,-0.056481,0.003986,0.028862,-1.000026,-0.122383,0.029996
4.660000,-0.056198,0.003966,0.028718,-1.000725,-0.122129,0.029846
4.670000,-0.055916,0.003946,0.028576,-1.001420,-0.121876,0.029697
4.680000,-0.055635,0.003926,0.028434,-1.002111,-0.121624,0.029549
4.690000,-0.055356,0.003907,0.028292,-1.002797,-0.121372,0.029401
4.700000,-0.055078,0.003887,0.028151,-1.003479,-0.121121,0.029254
4.710000,-0.054802,0.003868,0.028011,-1.004157,-0.120870,0.029108
4.720000,-0.054527,0.003848,0.027872,-1.004830,-0.120619,0.028963
4.730000,-0.054253,0.003829,0.027734,-1.005500,-0.120370,0.028818
4.740000,-0.053981,0.003810,0.027596,-1.006165,-0.120121,0.028674
4.750000,-0.053710,0.003791,0.027458,-1.006826,-0.119872,0.028531
4.760000,-0.053441,0.003772,0.027322,-1.007483,-0.119624,0.028388
4.770000,-0.053173,0.003753,0.027186,-1.008136,-0.119376,0.028246
4.780000,-0.052906,0.003735,0.027051,-1.008785,-0.119129,0.028105
4.790000,-0.052641,0.003716,0.026916,-1.009430,-0.118883,0.027965
4.800000,-0.052377,0.003698,0.026782,-1.010071,-0.118637,0.027825
4.810000,-0.052114,0.003679,0.026649,-1.010708,-0.118392,0.027686
4.820000,-0.051853,0.003661,0.026517,-1.011341,-0.118147,0.027548
4.830000,-0.051593,0.003642,0.026385,-1.011969,-0.117903,0.027410
4.840000,-0.051334,0.003624,0.026254,-1.012595,-0.117659,0.027273
4.850000,-0.051077,0.003606,0.026123,-1.013216,-0.117416,0.027137
4.860000,-0.050821,0.003588,0.025993,-1.013833,-0.117173,0.027002
4.870000,-0.050566,0.003570,0.025864,-1.014447,-0.116931,0.026867
4.880000,-0.050312,0.003553,0.025735,-1.015056,-0.116690,0.026733
4.890000,-0.050060,0.003535,0.025607,-1.015662,-0.116448,0.026599
4.900000,-0.049809,0.003517,0.025480,-1.016264,-0.116208,0.026466
4.910000,-0.049560,0.003500,0.025353,-1.016862,-0.115968,0.026334
4.920000,-0.049311,0.003482,0.025227,-1.017457,-0.115729,0.026203
4.930000,-0.049064,0.003465,0.025101,-1.018048,-0.115490,0.026072
4.940000,-0.048818,0.003448,0.024976,-1.018635,-0.115251,0.025941
4.950000,-0.048574,0.003430,0.024852,-1.019219,-0.115013,0.025812
4.960000,-0.048330,0.003413,0.024728,-1.019799,-0.114776,0.025683
4.970000,-0.048088,0.003396,0.024605,-1.020375,-0.114539,0.025555
4.980000,-0.047847,0.003379,0.024483,-1.020948,-0.114303,0.025427
4.990000,-0.047607,0.003362,0.024361,-1.021517,-0.114067,0.025300
5.000000,-0.047369,0.003346,0.024240,-1.022082,-0.113832,0.025174
5.010000,-0.047132,0.003329,0.024119,-1.022644,-0.113597,0.025048
5.020000,-0.046895,0.003312,0.023999,-1.023203,-0.113363,0.024923
5.030000,-0.046661,0.003296,0.023880,-1.023758,-0.113129,0.024799
5.040000,-0.046427,0.003279,0.023761,-1.024309,-0.112896,0.024675
5.050000,-0.046194,0.003263,0.023643,-1.024857,-0.112663,0.024552
5.060000,-0.045963,0.003247,0.023525,-1.025402,-0.112431,0.024429
5.070000,-0.045733,0.003231,0.023408,-1.025943,-0.112199,0.024307
5.080000,-0.045504,0.003214,0.023292,-1.026481,-0.111968,0.024186
5.090000,-0.045276,0.003198,0.023176,-1.027016,-0.111737,0.024065
5.100000,-0.045049,0.003182,0.023060,-1.027547,-0.111507,0.023945
5.110000,-0.044823,0.003167,0.022945,-1.028075,-0.111277,0.023825
5.120000,-0.044599,0.003151,0.022831,-1.028599,-0.111048,0.023706
5.130000,-0.044376,0.003135,0.022718,-1.029121,-0.110820,0.023588
5.140000,-0.044153,0.003119,0.022605,-1.029639,-0.110591,0.023470
5.150000,-0.043932,0.003104,0.022492,-1.030153,-0.110364,0.023353
5.160000,-0.043712,0.003088,0.022380,-1.030665,-0.110136,0.023236
5.170000,-0.043494,0.003073,0.022269,-1.031173,-0.109910,0.023120
5.180000,-0.043276,0.003058,0.022158,-1.031678,-0.109684,0.023005
5.190000,-0.043059,0.003042,0.022048,-1.032180,-0.109458,0.022890
5.200000,-0.042844,0.003027,0.021938,-1.032679,-0.109233,0.022776
5.210000,-0.042629,0.003012,0.021829,-1.033175,-0.109008,0.022662
5.220000,-0.042416,0.002997,0.021720,-1.033667,-0.108784,0.022549
5.230000,-0.042204,0.002982,0.021612,-1.034157,-0.108560,0.022436
5.240000,-0.041992,0.002967,0.021504,-1.034643,-0.108337,0.022324
5.250000,-0.041782,0.002953,0.021397,-1.035127,-0.108114,0.022213
5.260000,-0.041573,0.002938,0.021291,-1.035607,-0.107892,0.022102
5.270000,-0.041365,0.002923,0.021185,-1.036084,-0.107670,0.021991
5.280000,-0.041158,0.002909,0.021079,-1.036559,-0.107448,0.021882
5.290000,-0.040952,0.002894,0.020974,-1.037030,-0.107228,0.021772
5.300000,-0.040747,0.002880,0.020870,-1.037498,-0.107007,0.021664
5.310000,-0.040543,0.002865,0.020766,-1.037964,-0.106787,0.021556
5.320000,-0.040340,0.002851,0.020662,-1.038426,-0.106568,0.021448
5.330000,-0.040138,0.002837,0.020560,-1.038886,-0.106349,0.021341
5.340000,-0.039938,0.002823,0.020457,-1.039342,-0.106131,0.021234
5.350000,-0.039738,0.002809,0.020355,-1.039796,-0.105913,0.021128
5.360000,-0.039539,0.002795,0.020254,-1.040247,-0.105695,0.021023
5.370000,-0.039341,0.002781,0.020153,-1.040695,-0.105478,0.020918
5.380000,-0.039144,0.002767,0.020053,-1.041141,-0.105261,0.020814
5.390000,-0.038949,0.002753,0.019953,-1.041583,-0.105045,0.020710
5.400000,-0.038754,0.002739,0.019853,-1.042023,-0.104830,0.020606
5.410000,-0.038560,0.002726,0.019755,-1.042460,-0.104615,0.020503
5.420000,-0.038367,0.002712,0.019656,-1.042894,-0.104400,0.020401
5.430000,-0.038175,0.002698,0.019558,-1.043325,-0.104186,0.020299
5.440000,-0.037984,0.002685,0.019461,-1.043754,-0.103972,0.020198
5.450000,-0.037794,0.002672,0.019364,-1.044180,-0.103758,0.020097
5.460000,-0.037605,0.002658,0.019268,-1.044604,-0.103546,0.019997
5.470000,-0.037417,0.002645,0.019172,-1.045024,-0.103333,0.019897
5.480000,-0.037230,0.002632,0.019076,-1.045442,-0.103121,0.019798
5.490000,-0.037044,0.002619,0.018981,-1.045858,-0.102910,0.019699
5.500000,-0.036858,0.002606,0.018887,-1.046270,-0.102699,0.019601
5.510000,-0.036674,0.002593,0.018793,-1.046681,-0.102488,0.019503
5.520000,-0.036491,0.002580,0.018699,-1.047088,-0.102278,0.019405
5.530000,-0.036308,0.002567,0.018606,-1.047493,-0.102068,0.019308
5.540000,-0.036127,0.002554,0.018513,-1.047896,-0.101859,0.019212
5.550000,-0.035946,0.002541,0.018421,-1.048296,-0.101650,0.019116
5.560000,-0.035766,0.002529,0.018329,-1.048693,-0.101442,0.019021
5.570000,-0.035587,0.002516,0.018238,-1.049088,-0.101234,0.018926
5.580000,-0.035409,0.002503,0.018147,-1.049480,-0.101027,0.018831
5.590000,-0.035232,0.002491,0.018057,-1.049870,-0.100820,0.018737
5.600000,-0.035056,0.002479,0.017967,-1.050258,-0.100613,0.018644
5.610000,-0.034881,0.002466,0.017877,-1.050643,-0.100407,0.018551
5.620000,-0.034707,0.002454,0.017788,-1.051025,-0.100202,0.018458
5.630000,-0.034533,0.002442,0.017700,-1.051405,-0.099996,0.018366
5.640000,-0.034360,0.002429,0.017611,-1.051783,-0.099792,0.018274
5.650000,-0.034189,0.002417,0.017524,-1.052158,-0.099587,0.018183
5.660000,-0.034018,0.002405,0.017436,-1.052531,-0.099383,0.018093
5.670000,-0.033848,0.002393,0.017349,-1.052902,-0.099180,0.018002
5.680000,-0.033678,0.002381,0.017263,-1.053270,-0.098977,0.017912
5.690000,-0.033510,0.002369,0.017177,-1.053636,-0.098774,0.017823
5.700000,-0.033343,0.002358,0.017091,-1.054000,-0.098572,0.017734
5.710000,-0.033176,0.002346,0.017006,-1.054361,-0.098370,0.017646
5.720000,-0.033010,0.002334,0.016922,-1.054720,-0.098169,0.017557
5.730000,-0.032845,0.002323,0.016837,-1.055077,-0.097968,0.017470
5.740000,-0.032681,0.002311,0.016753,-1.055432,-0.097768,0.017383
5.750000,-0.032518,0.002299,0.016670,-1.055784,-0.097568,0.017296
5.760000,-0.032355,0.002288,0.016587,-1.056134,-0.097368,0.017210
5.770000,-0.032193,0.002277,0.016504,-1.056482,-0.097169,0.017124
5.780000,-0.032033,0.002265,0.016422,-1.056827,-0.096971,0.017038
5.790000,-0.031872,0.002254,0.016340,-1.057171,-0.096772,0.016953
5.800000,-0.031713,0.002243,0.016259,-1.057512,-0.096574,0.016869
5.810000,-0.031555,0.002231,0.016178,-1.057851,-0.096377,0.016784
5.820000,-0.031397,0.002220,0.016097,-1.058188,-0.096180,0.016701
5.830000,-0.031240,0.002209,0.016017,-1.058523,-0.095983,0.016617
5.840000,-0.031084,0.002198,0.015937,-1.058856,-0.095787,0.016534
5.850000,-0.030929,0.002187,0.015858,-1.059186,-0.095591,0.016452
5.860000,-0.030774,0.002176,0.015779,-1.059515,-0.095396,0.016370
5.870000,-0.030620,0.002166,0.015700,-1.059841,-0.095201,0.016288
5.880000,-0.030467,0.002155,0.015622,-1.060165,-0.095007,0.016207
5.890000,-0.030315,0.002144,0.015544,-1.060488,-0.094813,0.016126
5.900000,-0.030164,0.002133,0.015467,-1.060808,-0.094619,0.016046
5.910000,-0.030013,0.002123,0.015390,-1.061126,-0.094426,0.015965
5.920000,-0.029863,0.002112,0.015313,-1.061442,-0.094233,0.015886
5.930000,-0.029714,0.002102,0.015237,-1.061757,-0.094040,0.015806
5.940000,-0.029565,0.002091,0.015161,-1.062069,-0.093848,0.015728
5.950000,-0.029418,0.002081,0.015085,-1.062379,-0.093657,0.015649
5.960000,-0.029271,0.002070,0.015010,-1.062687,-0.093465,0.015571
5.970000,-0.029124,0.002060,0.014935,-1.062993,-0.093275,0.015493
5.980000,-0.028979,0.002050,0.014861,-1.063298,-0.093084,0.015416
5.990000,-0.028834,0.002039,0.014787,-1.063600,-0.092894,0.015339
6.000000,-0.028690,0.002029,0.014713,-1.063901,-0.092705,0.015263
6.010000,-0.028547,0.002019,0.014640,-1.064199,-0.092516,0.015186
6.020000,-0.028404,0.002009,0.014567,-1.064496,-0.092327,0.015111
6.030000,-0.028262,0.001999,0.014494,-1.064791,-0.092138,0.015035
6.040000,-0.028121,0.001989,0.014422,-1.065084,-0.091950,0.014960
6.050000,-0.027981,0.001979,0.014350,-1.065375,-0.091763,0.014886
6.060000,-0.027841,0.001969,0.014278,-1.065664,-0.091576,0.014811
6.070000,-0.027702,0.001959,0.014207,-1.065951,-0.091389,0.014737
6.080000,-0.027563,0.001950,0.014136,-1.066237,-0.091202,0.014664
6.090000,-0.027426,0.001940,0.014066,-1.066521,-0.091016,0.014591
6.100000,-0.027289,0.001930,0.013996,-1.066803,-0.090831,0.014518
6.110000,-0.027152,0.001921,0.013926,-1.067083,-0.090646,0.014445
6.120000,-0.027017,0.001911,0.013857,-1.067361,-0.090461,0.014373
6.130000,-0.026882,0.001902,0.013788,-1.067638,-0.090276,0.014302
6.140000,-0.026747,0.001892,0.013719,-1.067912,-0.090092,0.014230
6.150000,-0.026614,0.001883,0.013651,-1.068185,-0.089909,0.014159
6.160000,-0.026481,0.001873,0.013583,-1.068457,-0.089725,0.014089
6.170000,-0.026349,0.001864,0.013515,-1.068726,-0.089543,0.014018
6.180000,-0.026217,0.001855,0.013448,-1.068994,-0.089360,0.013948
6.190000,-0.026086,0.001845,0.013381,-1.069261,-0.089178,0.013879
6.200000,-0.025956,0.001836,0.013314,-1.069525,-0.088996,0.013810
6.210000,-0.025826,0.001827,0.013247,-1.069788,-0.088815,0.013741
6.220000,-0.025697,0.001818,0.013181,-1.070049,-0.088634,0.013672
6.230000,-0.025569,0.001809,0.013116,-1.070308,-0.088454,0.013604
6.240000,-0.025441,0.001800,0.013050,-1.070566,-0.088273,0.013536
6.250000,-0.025314,0.001791,0.012985,-1.070822,-0.088094,0.013468
6.260000,-0.025188,0.001782,0.012921,-1.071077,-0.087914,0.013401
6.270000,-0.025062,0.001773,0.012856,-1.071330,-0.087735,0.013334
6.280000,-0.024937,0.001764,0.012792,-1.071581,-0.087556,0.013268
6.290000,-0.024812,0.001755,0.012728,-1.071831,-0.087378,0.013202
6.300000,-0.024688,0.001747,0.012665,-1.072079,-0.087200,0.013136
6.310000,-0.024565,0.001738,0.012602,-1.072326,-0.087023,0.013070
6.320000,-0.024442,0.001729,0.012539,-1.072571,-0.086846,0.013005
6.330000,-0.024320,0.001721,0.012476,-1.072814,-0.086669,0.012940
6.340000,-0.024199,0.001712,0.012414,-1.073056,-0.086492,0.012876
6.350000,-0.024078,0.001703,0.012352,-1.073296,-0.086316,0.012811
6.360000,-0.023958,0.001695,0.012291,-1.073535,-0.086141,0.012747
6.370000,-0.023838,0.001686,0.012230,-1.073772,-0.085965,0.012684
6.380000,-0.023719,0.001678,0.012169,-1.074008,-0.085791,0.012621
6.390000,-0.023601,0.001670,0.012108,-1.074242,-0.085616,0.012558
6.400000,-0.023483,0.001661,0.012048,-1.074475,-0.085442,0.012495
6.410000,-0.023366,0.001653,0.011988,-1.074706,-0.085268,0.012433
6.420000,-0.023249,0.001645,0.011928,-1.074936,-0.085095,0.012371
6.430000,-0.023133,0.001637,0.011868,-1.075165,-0.084921,0.012309
6.440000,-0.023018,0.001628,0.011809,-1.075391,-0.084749,0.012247
6.450000,-0.022903,0.001620,0.011750,-1.075617,-0.084576,0.012186
6.460000,-0.022788,0.001612,0.011692,-1.075841,-0.084404,0.012126
6.470000,-0.022674,0.001604,0.011633,-1.076063,-0.084233,0.012065
6.480000,-0.022561,0.001596,0.011575,-1.076285,-0.084061,0.012005
6.490000,-0.022449,0.001588,0.011518,-1.076504,-0.083891,0.011945
6.500000,-0.022337,0.001580,0.011460,-1.076723,-0.083720,0.011885
6.510000,-0.022225,0.001572,0.011403,-1.076940,-0.083550,0.011826
6.520000,-0.022114,0.001565,0.011346,-1.077155,-0.083380,0.011767
6.530000,-0.022004,0.001557,0.011290,-1.077369,-0.083211,0.011708
6.540000,-0.021894,0.001549,0.011234,-1.077582,-0.083041,0.011650
6.550000,-0.021785,0.001541,0.011178,-1.077794,-0.082873,0.011592
6.560000,-0.021676,0.001534,0.011122,-1.078004,-0.082704,0.011534
6.570000,-0.021568,0.001526,0.011066,-1.078212,-0.082536,0.011477
6.580000,-0.021460,0.001518,0.011011,-1.078420,-0.082368,0.011419
6.590000,-0.021353,0.001511,0.010956,-1.078626,-0.082201,0.011362
6.600000,-0.021246,0.001503,0.010902,-1.078831,-0.082034,0.011306
6.610000,-0.021140,0.001496,0.010847,-1.079034,-0.081867,0.011249
6.620000,-0.021035,0.001488,0.010793,-1.079236,-0.081701,0.011193
6.630000,-0.020930,0.001481,0.010739,-1.079437,-0.081535,0.011137
6.640000,-0.020825,0.001474,0.010686,-1.079637,-0.081370,0.011082
6.650000,-0.020721,0.001466,0.010633,-1.079835,-0.081204,0.011026
6.660000,-0.020618,0.001459,0.010580,-1.080032,-0.081039,0.010971
6.670000,-0.020515,0.001452,0.010527,-1.080228,-0.080875,0.010917
6.680000,-0.020412,0.001444,0.010474,-1.080423,-0.080711,0.010862
6.690000,-0.020311,0.001437,0.010422,-1.080616,-0.080547,0.010808
6.700000,-0.020209,0.001430,0.010370,-1.080808,-0.080383,0.010754
6.710000,-0.020108,0.001423,0.010319,-1.080999,-0.080220,0.010700
6.720000,-0.020008,0.001416,0.010267,-1.081189,-0.080057,0.010647
6.730000,-0.019908,0.001409,0.010216,-1.081377,-0.079895,0.010594
6.740000,-0.019809,0.001402,0.010165,-1.081564,-0.079733,0.010541
6.750000,-0.019710,0.001395,0.010114,-1.081750,-0.079571,0.010489
6.760000,-0.019611,0.001388,0.010064,-1.081935,-0.079409,0.010436
6.770000,-0.019513,0.001381,0.010014,-1.082119,-0.079248,0.010384
6.780000,-0.019416,0.001374,0.009964,-1.082301,-0.079087,0.010332
6.790000,-0.019319,0.001367,0.009914,-1.082482,-0.078927,0.010281
6.800000,-0.019223,0.001360,0.009865,-1.082663,-0.078767,0.010230
6.810000,-0.019127,0.001353,0.009815,-1.082842,-0.078607,0.010178
6.820000,-0.019031,0.001347,0.009767,-1.083019,-0.078447,0.010128
6.830000,-0.018936,0.001340,0.009718,-1.083196,-0.078288,0.010077
6.840000,-0.018842,0.001333,0.009669,-1.083372,-0.078129,0.010027
6.850000,-0.018748,0.001327,0.009621,-1.083546,-0.077971,0.009977
6.860000,-0.018654,0.001320,0.009573,-1.083720,-0.077813,0.009927
6.870000,-0.018561,0.001313,0.009525,-1.083892,-0.077655,0.009878
6.880000,-0.018469,0.001307,0.009478,-1.084063,-0.077498,0.009828
6.890000,-0.018376,0.001300,0.009431,-1.084233,-0.077340,0.009779
6.900000,-0.018285,0.001294,0.009384,-1.084402,-0.077184,0.009731
6.910000,-0.018193,0.001287,0.009337,-1.084570,-0.077027,0.009682
6.920000,-0.018103,0.001281,0.009290,-1.084737,-0.076871,0.009634
6.930000,-0.018012,0.001275,0.009244,-1.084902,-0.076715,0.009586
6.940000,-0.017922,0.001268,0.009198,-1.085067,-0.076559,0.009538
6.950000,-0.017833,0.001262,0.009152,-1.085231,-0.076404,0.009490
6.960000,-0.017744,0.001256,0.009106,-1.085393,-0.076249,0.009443
6.970000,-0.017655,0.001249,0.009061,-1.085555,-0.076095,0.009396
6.980000,-0.017567,0.001243,0.009016,-1.085715,-0.075941,0.009349
6.990000,-0.017480,0.001237,0.008971,-1.085875,-0.075787,0.009302
7.000000,-0.017392,0.001231,0.008926,-1.086033,-0.075633,0.009256
7.010000,-0.017306,0.001225,0.008882,-1.086190,-0.075480,0.009210
7.020000,-0.017219,0.001219,0.008837,-1.086347,-0.075327,0.009164
7.030000,-0.017133,0.001212,0.008793,-1.086502,-0.075174,0.009118
7.040000,-0.017048,0.001206,0.008750,-1.086657,-0.075022,0.009073
7.050000,-0.016963,0.001200,0.008706,-1.086810,-0.074870,0.009027
7.060000,-0.016878,0.001194,0.008662,-1.086963,-0.074718,0.008982
7.070000,-0.016794,0.001188,0.008619,-1.087114,-0.074567,0.008937
7.080000,-0.016710,0.001183,0.008576,-1.087264,-0.074416,0.008893
7.090000,-0.016627,0.001177,0.008534,-1.087414,-0.074265,0.008849
7.100000,-0.016544,0.001171,0.008491,-1.087563,-0.074115,0.008804
7.110000,-0.016461,0.001165,0.008449,-1.087710,-0.073965,0.008760
7.120000,-0.016379,0.001159,0.008407,-1.087857,-0.073815,0.008717
7.130000,-0.016297,0.001153,0.008365,-1.088003,-0.073665,0.008673
7.140000,-0.016216,0.001148,0.008323,-1.088147,-0.073516,0.008630
7.150000,-0.016135,0.001142,0.008281,-1.088291,-0.073367,0.008587
7.160000,-0.016054,0.001136,0.008240,-1.088434,-0.073219,0.008544
7.170000,-0.015974,0.001130,0.008199,-1.088576,-0.073071,0.008502
7.180000,-0.015895,0.001125,0.008158,-1.088717,-0.072923,0.008459
7.190000,-0.015815,0.001119,0.008117,-1.088858,-0.072775,0.008417
7.200000,-0.015736,0.001114,0.008077,-1.088997,-0.072628,0.008375
7.210000,-0.015658,0.001108,0.008037,-1.089135,-0.072481,0.008333
7.220000,-0.015580,0.001103,0.007997,-1.089273,-0.072334,0.008292
7.230000,-0.015502,0.001097,0.007957,-1.089410,-0.072187,0.008250
7.240000,-0.015425,0.001092,0.007917,-1.089545,-0.072041,0.008209
7.250000,-0.015348,0.001086,0.007878,-1.089680,-0.071896,0.008168
7.260000,-0.015271,0.001081,0.007838,-1.089814,-0.071750,0.008127
7.270000,-0.015195,0.001075,0.007799,-1.089948,-0.071605,0.008087
7.280000,-0.015119,0.001070,0.007760,-1.090080,-0.071460,0.008046
7.290000,-0.015044,0.001065,0.007722,-1.090211,-0.071315,0.008006
7.300000,-0.014969,0.001059,0.007683,-1.090342,-0.071171,0.007966
7.310000,-0.014894,0.001054,0.007645,-1.090472,-0.071027,0.007927
7.320000,-0.014820,0.001049,0.007607,-1.090601,-0.070883,0.007887
7.330000,-0.014746,0.001044,0.007569,-1.090729,-0.070740,0.007848
7.340000,-0.014672,0.001038,0.007531,-1.090856,-0.070597,0.007809
7.350000,-0.014599,0.001033,0.007494,-1.090983,-0.070454,0.007770
7.360000,-0.014526,0.001028,0.007456,-1.091109,-0.070312,0.007731
7.370000,-0.014453,0.001023,0.007419,-1.091233,-0.070169,0.007692
7.380000,-0.014381,0.001018,0.007382,-1.091358,-0.070027,0.007654
7.390000,-0.014310,0.001013,0.007345,-1.091481,-0.069886,0.007616
7.400000,-0.014238,0.001008,0.007309,-1.091603,-0.069745,0.007578
7.410000,-0.014167,0.001003,0.007272,-1.091725,-0.069604,0.007540
7.420000,-0.014096,0.000998,0.007236,-1.091846,-0.069463,0.007502
7.430000,-0.014026,0.000993,0.007200,-1.091966,-0.069322,0.007465
7.440000,-0.013956,0.000988,0.007164,-1.092086,-0.069182,0.007428
7.450000,-0.013887,0.000983,0.007128,-1.092204,-0.069042,0.007391
7.460000,-0.013817,0.000978,0.007093,-1.092322,-0.068903,0.007354
7.470000,-0.013748,0.000973,0.007057,-1.092439,-0.068763,0.007317
7.480000,-0.013680,0.000968,0.007022,-1.092555,-0.068624,0.007281
7.490000,-0.013611,0.000963,0.006987,-1.092671,-0.068486,0.007244
7.500000,-0.013544,0.000959,0.006952,-1.092786,-0.068347,0.007208
7.510000,-0.013476,0.000954,0.006918,-1.092900,-0.068209,0.007172
7.520000,-0.013409,0.000949,0.006883,-1.093013,-0.068071,0.007136
7.530000,-0.013342,0.000944,0.006849,-1.093126,-0.067934,0.007101
7.540000,-0.013275,0.000940,0.006815,-1.093238,-0.067796,0.007065
7.550000,-0.013209,0.000935,0.006781,-1.093349,-0.067659,0.007030
7.560000,-0.013143,0.000930,0.006747,-1.093460,-0.067523,0.006995
7.570000,-0.013078,0.000926,0.006713,-1.093570,-0.067386,0.006960
7.580000,-0.013012,0.000921,0.006680,-1.093679,-0.067250,0.006926
7.590000,-0.012947,0.000916,0.006646,-1.093787,-0.067114,0.006891
7.600000,-0.012883,0.000912,0.006613,-1.093895,-0.066979,0.006857
7.610000,-0.012819,0.000907,0.006580,-1.094002,-0.066843,0.006822
7.620000,-0.012755,0.000903,0.006547,-1.094108,-0.066708,0.006788
7.630000,-0.012691,0.000898,0.006515,-1.094214,-0.066573,0.006755
7.640000,-0.012628,0.000894,0.006482,-1.094319,-0.066439,0.006721
7.650000,-0.012565,0.000889,0.006450,-1.094423,-0.066305,0.006687
7.660000,-0.012502,0.000885,0.006418,-1.094527,-0.066171,0.006654
7.670000,-0.012440,0.000880,0.006386,-1.094630,-0.066037,0.006621
7.680000,-0.012377,0.000876,0.006354,-1.094732,-0.065904,0.006588
7.690000,-0.012316,0.000872,0.006322,-1.094833,-0.065771,0.006555
7.700000,-0.012254,0.000867,0.006291,-1.094934,-0.065638,0.006522
7.710000,-0.012193,0.000863,0.006259,-1.095035,-0.065505,0.006490
7.720000,-0.012132,0.000859,0.006228,-1.095134,-0.065373,0.006457
7.730000,-0.012072,0.000854,0.006197,-1.095234,-0.065241,0.006425
7.740000,-0.012012,0.000850,0.006166,-1.095332,-0.065109,0.006393
7.750000,-0.011952,0.000846,0.006135,-1.095430,-0.064978,0.006361
7.760000,-0.011892,0.000842,0.006105,-1.095527,-0.064847,0.006329
7.770000,-0.011833,0.000837,0.006074,-1.095623,-0.064716,0.006298
7.780000,-0.011774,0.000833,0.006044,-1.095719,-0.064585,0.006266
7.790000,-0.011715,0.000829,0.006014,-1.095815,-0.064455,0.006235
7.800000,-0.011656,0.000825,0.005984,-1.095909,-0.064325,0.006204
7.810000,-0.011598,0.000821,0.005954,-1.096003,-0.064195,0.006173
7.820000,-0.011540,0.000817,0.005924,-1.096097,-0.064065,0.006142
7.830000,-0.011483,0.000813,0.005895,-1.096190,-0.063936,0.006112
7.840000,-0.011426,0.000809,0.005865,-1.096282,-0.063807,0.006081
7.850000,-0.011369,0.000805,0.005836,-1.096374,-0.063678,0.006051
7.860000,-0.011312,0.000801,0.005807,-1.096465,-0.063549,0.006021
7.870000,-0.011255,0.000797,0.005778,-1.096555,-0.063421,0.005991
7.880000,-0.011199,0.000793,0.005749,-1.096645,-0.063293,0.005961
7.890000,-0.011143,0.000789,0.005721,-1.096734,-0.063166,0.005931
7.900000,-0.011088,0.000785,0.005692,-1.096823,-0.063038,0.005901
7.910000,-0.011033,0.000781,0.005664,-1.096911,-0.062911,0.005872
7.920000,-0.010977,0.000777,0.005636,-1.096999,-0.062784,0.005843
7.930000,-0.010923,0.000773,0.005607,-1.097086,-0.062657,0.005814
7.940000,-0.010868,0.000769,0.005579,-1.097173,-0.062531,0.005785
7.950000,-0.010814,0.000765,0.005552,-1.097259,-0.062405,0.005756
7.960000,-0.010760,0.000762,0.005524,-1.097344,-0.062279,0.005727
7.970000,-0.010706,0.000758,0.005496,-1.097429,-0.062153,0.005699
7.980000,-0.010653,0.000754,0.005469,-1.097513,-0.062028,0.005670
7.990000,-0.010600,0.000750,0.005442,-1.097597,-0.061903,0.005642
8.000000,-0.010547,0.000747,0.005415,-1.097680,-0.061778,0.005614
8.010000,-0.010494,0.000743,0.005388,-1.097763,-0.061653,0.005586
8.020000,-0.010442,0.000739,0.005361,-1.097845,-0.061529,0.005558
8.030000,-0.010390,0.000735,0.005334,-1.097927,-0.061405,0.005530
8.040000,-0.010338,0.000732,0.005307,-1.098008,-0.061281,0.005502
8.050000,-0.010286,0.000728,0.005281,-1.098088,-0.061157,0.005475
8.060000,-0.010235,0.000724,0.005255,-1.098168,-0.061034,0.005448
8.070000,-0.010184,0.000721,0.005228,-1.098248,-0.060911,0.005421
8.080000,-0.010133,0.000717,0.005202,-1.098327,-0.060788,0.005394
8.090000,-0.010083,0.000714,0.005176,-1.098405,-0.060666,0.005367
8.100000,-0.010032,0.000710,0.005151,-1.098483,-0.060543,0.005340
8.110000,-0.009982,0.000707,0.005125,-1.098561,-0.060421,0.005313
8.120000,-0.009933,0.000703,0.005099,-1.098638,-0.060299,0.005287
8.130000,-0.009883,0.000700,0.005074,-1.098714,-0.060178,0.005260
8.140000,-0.009834,0.000696,0.005049,-1.098790,-0.060056,0.005234
8.150000,-0.009785,0.000693,0.005023,-1.098866,-0.059935,0.005208
8.160000,-0.009736,0.000689,0.004998,-1.098941,-0.059815,0.005182
8.170000,-0.009687,0.000686,0.004973,-1.099016,-0.059694,0.005156
8.180000,-0.009639,0.000682,0.004949,-1.099090,-0.059574,0.005130
8.190000,-0.009591,0.000679,0.004924,-1.099163,-0.059454,0.005105
8.200000,-0.009543,0.000675,0.004899,-1.099237,-0.059334,0.005079
8.210000,-0.009495,0.000672,0.004875,-1.099309,-0.059214,0.005054
8.220000,-0.009448,0.000669,0.004851,-1.099381,-0.059095,0.005029
8.230000,-0.009401,0.000665,0.004826,-1.099453,-0.058976,0.005004
8.240000,-0.009354,0.000662,0.004802,-1.099524,-0.058857,0.004979
8.250000,-0.009307,0.000659,0.004778,-1.099595,-0.058738,0.004954
8.260000,-0.009261,0.000656,0.004755,-1.099666,-0.058620,0.004929
8.270000,-0.009215,0.000652,0.004731,-1.099736,-0.058502,0.004905
8.280000,-0.009169,0.000649,0.004707,-1.099805,-0.058384,0.004880
8.290000,-0.009123,0.000646,0.004684,-1.099874,-0.058266,0.004856
8.300000,-0.009078,0.000643,0.004660,-1.099943,-0.058149,0.004832
8.310000,-0.009032,0.000639,0.004637,-1.100011,-0.058032,0.004808
8.320000,-0.008987,0.000636,0.004614,-1.100078,-0.057915,0.004784
8.330000,-0.008942,0.000633,0.004591,-1.100146,-0.057798,0.004760
8.340000,-0.008898,0.000630,0.004568,-1.100212,-0.057682,0.004736
8.350000,-0.008853,0.000627,0.004545,-1.100279,-0.057565,0.004712
8.360000,-0.008809,0.000624,0.004523,-1.100345,-0.057449,0.004689
8.370000,-0.008765,0.000620,0.004500,-1.100410,-0.057334,0.004665
8.380000,-0.008722,0.000617,0.004478,-1.100476,-0.057218,0.004642
8.390000,-0.008678,0.000614,0.004455,-1.100540,-0.057103,0.004619
8.400000,-0.008635,0.000611,0.004433,-1.100605,-0.056988,0.004596
8.410000,-0.008592,0.000608,0.004411,-1.100668,-0.056873,0.004573
8.420000,-0.008549,0.000605,0.004389,-1.100732,-0.056759,0.004550
8.430000,-0.008506,0.000602,0.004367,-1.100795,-0.056644,0.004528
8.440000,-0.008464,0.000599,0.004345,-1.100858,-0.056530,0.004505
8.450000,-0.008422,0.000596,0.004324,-1.100920,-0.056416,0.004483
8.460000,-0.008380,0.000593,0.004302,-1.100982,-0.056303,0.004460
8.470000,-0.008338,0.000590,0.004281,-1.101043,-0.056189,0.004438
8.480000,-0.008296,0.000587,0.004259,-1.101104,-0.056076,0.004416
8.490000,-0.008255,0.000584,0.004238,-1.101165,-0.055963,0.004394
8.500000,-0.008214,0.000581,0.004217,-1.101225,-0.055851,0.004372
8.510000,-0.008173,0.000578,0.004196,-1.101285,-0.055738,0.004350
8.520000,-0.008132,0.000576,0.004175,-1.101344,-0.055626,0.004328
8.530000,-0.008091,0.000573,0.004154,-1.101404,-0.055514,0.004307
8.540000,-0.008051,0.000570,0.004133,-1.101462,-0.055402,0.004285
8.550000,-0.008011,0.000567,0.004113,-1.101521,-0.055291,0.004264
8.560000,-0.007971,0.000564,0.004092,-1.101579,-0.055179,0.004243
8.570000,-0.007931,0.000561,0.004072,-1.101636,-0.055068,0.004221
8.580000,-0.007892,0.000559,0.004052,-1.101693,-0.054957,0.004200
8.590000,-0.007852,0.000556,0.004031,-1.101750,-0.054847,0.004179
8.600000,-0.007813,0.000553,0.004011,-1.101807,-0.054736,0.004159
8.610000,-0.007774,0.000550,0.003991,-1.101863,-0.054626,0.004138
8.620000,-0.007735,0.000548,0.003971,-1.101919,-0.054516,0.004117
8.630000,-0.007697,0.000545,0.003952,-1.101974,-0.054406,0.004097
8.640000,-0.007658,0.000542,0.003932,-1.102029,-0.054297,0.004076
8.650000,-0.007620,0.000539,0.003912,-1.102084,-0.054188,0.004056
8.660000,-0.007582,0.000537,0.003893,-1.102138,-0.054079,0.004036
8.670000,-0.007544,0.000534,0.003873,-1.102192,-0.053970,0.004016
8.680000,-0.007507,0.000531,0.003854,-1.102246,-0.053861,0.003996
8.690000,-0.007469,0.000529,0.003835,-1.102299,-0.053753,0.003976
8.700000,-0.007432,0.000526,0.003816,-1.102352,-0.053645,0.003956
8.710000,-0.007395,0.000523,0.003797,-1.102405,-0.053537,0.003936
8.720000,-0.007358,0.000521,0.003778,-1.102457,-0.053429,0.003916
8.730000,-0.007321,0.000518,0.003759,-1.102509,-0.053321,0.003897
8.740000,-0.007285,0.000516,0.003740,-1.102561,-0.053214,0.003877
8.750000,-0.007248,0.000513,0.003721,-1.102612,-0.053107,0.003858
8.760000,-0.007212,0.000511,0.003703,-1.102663,-0.053000,0.003839
8.770000,-0.007176,0.000508,0.003684,-1.102713,-0.052894,0.003820
8.780000,-0.007140,0.000505,0.003666,-1.102764,-0.052787,0.003801
8.790000,-0.007105,0.000503,0.003648,-1.102814,-0.052681,0.003782
8.800000,-0.007069,0.000500,0.003630,-1.102863,-0.052575,0.003763
8.810000,-0.007034,0.000498,0.003612,-1.102913,-0.052469,0.003744
8.820000,-0.006999,0.000495,0.003593,-1.102962,-0.052364,0.003725
8.830000,-0.006964,0.000493,0.003576,-1.103010,-0.052258,0.003707
8.840000,-0.006929,0.000490,0.003558,-1.103059,-0.052153,0.003688
8.850000,-0.006895,0.000488,0.003540,-1.103107,-0.052048,0.003670
8.860000,-0.006860,0.000486,0.003522,-1.103154,-0.051944,0.003652
8.870000,-0.006826,0.000483,0.003505,-1.103202,-0.051839,0.003633
8.880000,-0.006792,0.000481,0.003487,-1.103249,-0.051735,0.003615
8.890000,-0.006758,0.000478,0.003470,-1.103296,-0.051631,0.003597
8.900000,-0.006725,0.000476,0.003453,-1.103342,-0.051527,0.003579
8.910000,-0.006691,0.000474,0.003435,-1.103389,-0.051423,0.003562
8.920000,-0.006658,0.000471,0.003418,-1.103435,-0.051320,0.003544
8.930000,-0.006624,0.000469,0.003401,-1.103480,-0.051217,0.003526
8.940000,-0.006591,0.000467,0.003384,-1.103526,-0.051114,0.003508
8.950000,-0.006559,0.000464,0.003367,-1.103571,-0.051011,0.003491
8.960000,-0.006526,0.000462,0.003351,-1.103615,-0.050908,0.003474
8.970000,-0.006493,0.000460,0.003334,-1.103660,-0.050806,0.003456
8.980000,-0.006461,0.000457,0.003317,-1.103704,-0.050704,0.003439
8.990000,-0.006429,0.000455,0.003301,-1.103748,-0.050602,0.003422
9.000000,-0.006397,0.000453,0.003284,-1.103792,-0.050500,0.003405
9.010000,-0.006365,0.000451,0.003268,-1.103835,-0.050399,0.003388
9.020000,-0.006333,0.000448,0.003252,-1.103878,-0.050297,0.003371
9.030000,-0.006301,0.000446,0.003235,-1.103921,-0.050196,0.003354
9.040000,-0.006270,0.000444,0.003219,-1.103963,-0.050095,0.003337
9.050000,-0.006239,0.000442,0.003203,-1.104006,-0.049994,0.003321
9.060000,-0.006208,0.000439,0.003187,-1.104048,-0.049894,0.003304
9.070000,-0.006177,0.000437,0.003171,-1.104089,-0.049794,0.003288
9.080000,-0.006146,0.000435,0.003155,-1.104131,-0.049694,0.003271
9.090000,-0.006115,0.000433,0.003140,-1.104172,-0.049594,0.003255
9.100000,-0.006085,0.000431,0.003124,-1.104213,-0.049494,0.003239
9.110000,-0.006054,0.000429,0.003108,-1.104253,-0.049394,0.003223
9.120000,-0.006024,0.000426,0.003093,-1.104294,-0.049295,0.003207
9.130000,-0.005994,0.000424,0.003078,-1.104334,-0.049196,0.003191
9.140000,-0.005964,0.000422,0.003062,-1.104374,-0.049097,0.003175
9.150000,-0.005934,0.000420,0.003047,-1.104413,-0.048998,0.003159
9.160000,-0.005905,0.000418,0.003032,-1.104453,-0.048900,0.003143
9.170000,-0.005875,0.000416,0.003017,-1.104492,-0.048802,0.003127
9.180000,-0.005846,0.000414,0.003002,-1.104531,-0.048704,0.003112
9.190000,-0.005817,0.000412,0.002987,-1.104569,-0.048606,0.003096
9.200000,-0.005788,0.000410,0.002972,-1.104608,-0.048508,0.003081
9.210000,-0.005759,0.000408,0.002957,-1.104646,-0.048411,0.003065
9.220000,-0.005730,0.000406,0.002942,-1.104683,-0.048313,0.003050
9.230000,-0.005702,0.000404,0.002927,-1.104721,-0.048216,0.003035
9.240000,-0.005673,0.000402,0.002913,-1.104758,-0.048119,0.003020
9.250000,-0.005645,0.000400,0.002898,-1.104796,-0.048023,0.003005
9.260000,-0.005617,0.000398,0.002884,-1.104832,-0.047926,0.002990
9.270000,-0.005589,0.000396,0.002869,-1.104869,-0.047830,0.002975
9.280000,-0.005561,0.000394,0.002855,-1.104905,-0.047734,0.002960
9.290000,-0.005533,0.000392,0.002841,-1.104942,-0.047638,0.002945
9.300000,-0.005506,0.000390,0.002827,-1.104978,-0.047542,0.002931
9.310000,-0.005478,0.000388,0.002813,-1.105013,-0.047447,0.002916
9.320000,-0.005451,0.000386,0.002799,-1.105049,-0.047351,0.002901
9.330000,-0.005424,0.000384,0.002785,-1.105084,-0.047256,0.002887
9.340000,-0.005397,0.000382,0.002771,-1.105119,-0.047161,0.002872
9.350000,-0.005370,0.000380,0.002757,-1.105154,-0.047066,0.002858
9.360000,-0.005343,0.000378,0.002743,-1.105188,-0.046972,0.002844
9.370000,-0.005316,0.000376,0.002730,-1.105223,-0.046877,0.002830
9.380000,-0.005290,0.000374,0.002716,-1.105257,-0.046783,0.002816
9.390000,-0.005263,0.000373,0.002702,-1.105291,-0.046689,0.002802
9.400000,-0.005237,0.000371,0.002689,-1.105324,-0.046595,0.002788
9.410000,-0.005211,0.000369,0.002675,-1.105358,-0.046502,0.002774
9.420000,-0.005185,0.000367,0.002662,-1.105391,-0.046408,0.002760
9.430000,-0.005159,0.000365,0.002649,-1.105424,-0.046315,0.002746
9.440000,-0.005133,0.000363,0.002636,-1.105457,-0.046222,0.002732
9.450000,-0.005108,0.000362,0.002623,-1.105490,-0.046129,0.002719
9.460000,-0.005082,0.000360,0.002609,-1.105522,-0.046037,0.002705
9.470000,-0.005057,0.000358,0.002596,-1.105554,-0.045944,0.002692
9.480000,-0.005032,0.000356,0.002583,-1.105586,-0.045852,0.002678
9.490000,-0.005007,0.000354,0.002571,-1.105618,-0.045760,0.002665
9.500000,-0.004982,0.000353,0.002558,-1.105649,-0.045668,0.002652
9.510000,-0.004957,0.000351,0.002545,-1.105681,-0.045576,0.002638
9.520000,-0.004932,0.000349,0.002532,-1.105712,-0.045485,0.002625
9.530000,-0.004907,0.000347,0.002520,-1.105743,-0.045393,0.002612
9.540000,-0.004883,0.000346,0.002507,-1.105774,-0.045302,0.002599
9.550000,-0.004859,0.000344,0.002495,-1.105804,-0.045211,0.002586
9.560000,-0.004834,0.000342,0.002482,-1.105835,-0.045120,0.002573
9.570000,-0.004810,0.000340,0.002470,-1.105865,-0.045030,0.002560
9.580000,-0.004786,0.000339,0.002457,-1.105895,-0.044939,0.002548
9.590000,-0.004762,0.000337,0.002445,-1.105925,-0.044849,0.002535
9.600000,-0.004739,0.000335,0.002433,-1.105954,-0.044759,0.002522
9.610000,-0.004715,0.000334,0.002421,-1.105984,-0.044669,0.002510
9.620000,-0.004691,0.000332,0.002409,-1.106013,-0.044580,0.002497
9.630000,-0.004668,0.000330,0.002397,-1.106042,-0.044490,0.002485
9.640000,-0.004645,0.000329,0.002385,-1.106071,-0.044401,0.002472
9.650000,-0.004622,0.000327,0.002373,-1.106099,-0.044312,0.002460
9.660000,-0.004599,0.000326,0.002361,-1.106128,-0.044223,0.002448
9.670000,-0.004576,0.000324,0.002349,-1.106156,-0.044134,0.002436
9.680000,-0.004553,0.000322,0.002338,-1.106184,-0.044045,0.002423
9.690000,-0.004530,0.000321,0.002326,-1.106212,-0.043957,0.002411
9.700000,-0.004508,0.000319,0.002314,-1.106240,-0.043869,0.002399
9.710000,-0.004485,0.000317,0.002303,-1.106267,-0.043780,0.002387
9.720000,-0.004463,0.000316,0.002291,-1.106295,-0.043693,0.002375
9.730000,-0.004440,0.000314,0.002280,-1.106322,-0.043605,0.002364
9.740000,-0.004418,0.000313,0.002269,-1.106349,-0.043517,0.002352
9.750000,-0.004396,0.000311,0.002257,-1.106376,-0.043430,0.002340
9.760000,-0.004374,0.000310,0.002246,-1.106403,-0.043343,0.002328
9.770000,-0.004352,0.000308,0.002235,-1.106429,-0.043256,0.002317
9.780000,-0.004331,0.000307,0.002224,-1.106455,-0.043169,0.002305
9.790000,-0.004309,0.000305,0.002213,-1.106482,-0.043082,0.002294
9.800000,-0.004288,0.000304,0.002202,-1.106508,-0.042996,0.002282
9.810000,-0.004266,0.000302,0.002191,-1.106533,-0.042910,0.002271
9.820000,-0.004245,0.000300,0.002180,-1.106559,-0.042823,0.002260
9.830000,-0.004224,0.000299,0.002169,-1.106585,-0.042737,0.002248
9.840000,-0.004203,0.000297,0.002158,-1.106610,-0.042652,0.002237
9.850000,-0.004182,0.000296,0.002147,-1.106635,-0.042566,0.002226
9.860000,-0.004161,0.000295,0.002136,-1.106660,-0.042481,0.002215
9.870000,-0.004140,0.000293,0.002126,-1.106685,-0.042395,0.002204
9.880000,-0.004120,0.000292,0.002115,-1.106710,-0.042310,0.002193
9.890000,-0.004099,0.000290,0.002105,-1.106734,-0.042225,0.002182
9.900000,-0.004079,0.000289,0.002094,-1.106759,-0.042141,0.002171
9.910000,-0.004058,0.000287,0.002084,-1.106783,-0.042056,0.002160
9.920000,-0.004038,0.000286,0.002073,-1.106807,-0.041972,0.002149
9.930000,-0.004018,0.000284,0.002063,-1.106831,-0.041887,0.002139
9.940000,-0.003998,0.000283,0.002053,-1.106855,-0.041803,0.002128
9.950000,-0.003978,0.000282,0.002042,-1.106878,-0.041719,0.002117
9.960000,-0.003958,0.000280,0.002032,-1.106902,-0.041636,0.002107
9.970000,-0.003938,0.000279,0.002022,-1.106925,-0.041552,0.002096
9.980000,-0.003919,0.000277,0.002012,-1.106948,-0.041469,0.002086
9.990000,-0.003899,0.000276,0.002002,-1.106971,-0.041386,0.002075
10.000000,-0.003880,0.000275,0.001992,-1.106994,-0.041303,0.002065
