0.000000,-0.644176,-0.043587,-0.493862,-0.928639,0.767408,0.724913
0.010000,-0.638333,-0.043369,-0.489851,-0.929773,0.763846,0.717555
0.020000,-0.632589,-0.043152,-0.485899,-0.930900,0.760317,0.710346
0.030000,-0.626943,-0.042936,-0.482005,-0.932021,0.756820,0.703281
0.040000,-0.621391,-0.042721,-0.478166,-0.933134,0.753356,0.696355
0.050000,-0.615930,-0.042507,-0.474381,-0.934241,0.749924,0.689563
0.060000,-0.610557,-0.042294,-0.470649,-0.935342,0.746523,0.682900
0.070000,-0.605271,-0.042082,-0.466969,-0.936435,0.743153,0.676363
0.080000,-0.600069,-0.041872,-0.463339,-0.937522,0.739814,0.669947
0.090000,-0.594948,-0.041662,-0.459759,-0.938603,0.736504,0.663648
0.100000,-0.589907,-0.041454,-0.456226,-0.939677,0.733224,0.657463
0.110000,-0.584943,-0.041246,-0.452740,-0.940745,0.729973,0.651389
0.120000,-0.580054,-0.041040,-0.449300,-0.941806,0.726751,0.645421
0.130000,-0.575238,-0.040835,-0.445905,-0.942861,0.723557,0.639556
0.140000,-0.570494,-0.040630,-0.442554,-0.943909,0.720390,0.633792
0.150000,-0.565819,-0.040427,-0.439245,-0.944952,0.717251,0.628125
0.160000,-0.561212,-0.040225,-0.435977,-0.945987,0.714140,0.622553
0.170000,-0.556671,-0.040023,-0.432751,-0.947017,0.711054,0.617073
0.180000,-0.552195,-0.039823,-0.429565,-0.948040,0.707996,0.611682
0.190000,-0.547781,-0.039624,-0.426417,-0.949058,0.704963,0.606378
0.200000,-0.543429,-0.039426,-0.423308,-0.950069,0.701955,0.601159
0.210000,-0.539137,-0.039228,-0.420236,-0.951074,0.698973,0.596021
0.220000,-0.534903,-0.039032,-0.417201,-0.952073,0.696016,0.590963
0.230000,-0.530727,-0.038837,-0.414202,-0.953065,0.693083,0.585983
0.240000,-0.526606,-0.038643,-0.411238,-0.954052,0.690174,0.581078
0.250000,-0.522539,-0.038449,-0.408308,-0.955033,0.687289,0.576247
0.260000,-0.518526,-0.038257,-0.405412,-0.956008,0.684428,0.571488
0.270000,-0.514565,-0.038066,-0.402549,-0.956977,0.681590,0.566799
0.280000,-0.510655,-0.037875,-0.399719,-0.957940,0.678775,0.562178
0.290000,-0.506795,-0.037686,-0.396920,-0.958897,0.675982,0.557623
0.300000,-0.502984,-0.037497,-0.394153,-0.959849,0.673212,0.553133
0.310000,-0.499220,-0.037310,-0.391416,-0.960794,0.670463,0.548707
0.320000,-0.495503,-0.037123,-0.388709,-0.961734,0.667736,0.544342
0.330000,-0.491831,-0.036937,-0.386031,-0.962668,0.665031,0.540037
0.340000,-0.488205,-0.036753,-0.383382,-0.963597,0.662347,0.535791
0.350000,-0.484622,-0.036569,-0.380762,-0.964520,0.659684,0.531602
0.360000,-0.481082,-0.036386,-0.378169,-0.965437,0.657041,0.527470
0.370000,-0.477584,-0.036204,-0.375604,-0.966348,0.654419,0.523392
0.380000,-0.474127,-0.036023,-0.373066,-0.967254,0.651817,0.519368
0.390000,-0.470711,-0.035843,-0.370553,-0.968155,0.649234,0.515396
0.400000,-0.467334,-0.035664,-0.368067,-0.969050,0.646671,0.511475
0.410000,-0.463996,-0.035485,-0.365606,-0.969940,0.644128,0.507605
0.420000,-0.460696,-0.035308,-0.363171,-0.970824,0.641603,0.503783
0.430000,-0.457433,-0.035131,-0.360759,-0.971703,0.639098,0.500009
0.440000,-0.454207,-0.034956,-0.358372,-0.972576,0.636610,0.496283
0.450000,-0.451017,-0.034781,-0.356009,-0.973444,0.634142,0.492602
0.460000,-0.447862,-0.034607,-0.353669,-0.974307,0.631691,0.488966
0.470000,-0.444741,-0.034434,-0.351352,-0.975164,0.629259,0.485374
0.480000,-0.441655,-0.034262,-0.349057,-0.976016,0.626844,0.481825
0.490000,-0.438602,-0.034091,-0.346785,-0.976863,0.624446,0.478318
0.500000,-0.435581,-0.033920,-0.344534,-0.977705,0.622066,0.474853
0.510000,-0.432593,-0.033751,-0.342305,-0.978542,0.619703,0.471428
0.520000,-0.429636,-0.033582,-0.340097,-0.979373,0.617357,0.468043
0.530000,-0.426710,-0.033414,-0.337910,-0.980200,0.615027,0.464696
0.540000,-0.423815,-0.033247,-0.335744,-0.981021,0.612714,0.461388
0.550000,-0.420949,-0.033081,-0.333597,-0.981837,0.610417,0.458118
0.560000,-0.418113,-0.032916,-0.331471,-0.982649,0.608137,0.454884
0.570000,-0.415306,-0.032751,-0.329364,-0.983455,0.605872,0.451686
0.580000,-0.412527,-0.032587,-0.327276,-0.984256,0.603623,0.448524
0.590000,-0.409777,-0.032424,-0.325207,-0.985053,0.601389,0.445396
0.600000,-0.407053,-0.032262,-0.323157,-0.985844,0.599171,0.442303
0.610000,-0.404357,-0.032101,-0.321125,-0.986631,0.596968,0.439242
0.620000,-0.401687,-0.031941,-0.319112,-0.987413,0.594779,0.436215
0.630000,-0.399044,-0.031781,-0.317116,-0.988190,0.592606,0.433220
0.640000,-0.396426,-0.031622,-0.315138,-0.988962,0.590448,0.430257
0.650000,-0.393833,-0.031464,-0.313177,-0.989730,0.588303,0.427324
0.660000,-0.391266,-0.031307,-0.311233,-0.990492,0.586174,0.424422
0.670000,-0.388722,-0.031151,-0.309307,-0.991251,0.584058,0.421551
0.680000,-0.386204,-0.030995,-0.307396,-0.992004,0.581956,0.418709
0.690000,-0.383708,-0.030840,-0.305503,-0.992753,0.579868,0.415895
0.700000,-0.381236,-0.030686,-0.303625,-0.993497,0.577794,0.413111
0.710000,-0.378788,-0.030533,-0.301763,-0.994236,0.575734,0.410354
0.720000,-0.376361,-0.030380,-0.299918,-0.994971,0.573687,0.407625
0.730000,-0.373958,-0.030228,-0.298087,-0.995702,0.571653,0.404923
0.740000,-0.371576,-0.030077,-0.296272,-0.996428,0.569632,0.402248
0.750000,-0.369216,-0.029927,-0.294472,-0.997149,0.567624,0.399599
0.760000,-0.366877,-0.029777,-0.292687,-0.997866,0.565629,0.396976
0.770000,-0.364559,-0.029629,-0.290916,-0.998579,0.563647,0.394378
0.780000,-0.362262,-0.029481,-0.289161,-0.999287,0.561677,0.391805
0.790000,-0.359986,-0.029333,-0.287419,-0.999990,0.559720,0.389257
0.800000,-0.357729,-0.029187,-0.285692,-1.000690,0.557775,0.386733
0.810000,-0.355493,-0.029041,-0.283978,-1.001385,0.555842,0.384232
0.820000,-0.353276,-0.028896,-0.282278,-1.002076,0.553921,0.381756
0.830000,-0.351078,-0.028751,-0.280592,-1.002762,0.552012,0.379302
0.840000,-0.348899,-0.028608,-0.278920,-1.003444,0.550115,0.376871
0.850000,-0.346740,-0.028465,-0.277260,-1.004122,0.548230,0.374463
0.860000,-0.344598,-0.028323,-0.275614,-1.004796,0.546356,0.372076
0.870000,-0.342475,-0.028181,-0.273980,-1.005466,0.544493,0.369711
0.880000,-0.340370,-0.028040,-0.272360,-1.006131,0.542642,0.367368
0.890000,-0.338283,-0.027900,-0.270752,-1.006793,0.540802,0.365046
0.900000,-0.336213,-0.027761,-0.269156,-1.007450,0.538973,0.362745
0.910000,-0.334160,-0.027622,-0.267573,-1.008103,0.537155,0.360464
0.920000,-0.332125,-0.027484,-0.266002,-1.008752,0.535348,0.358203
0.930000,-0.330106,-0.027347,-0.264443,-1.009397,0.533552,0.355963
0.940000,-0.328104,-0.027211,-0.262896,-1.010038,0.531766,0.353741
0.950000,-0.326119,-0.027075,-0.261360,-1.010675,0.529991,0.351540
0.960000,-0.324149,-0.026939,-0.259837,-1.011308,0.528226,0.349357
0.970000,-0.322196,-0.026805,-0.258324,-1.011938,0.526472,0.347193
0.980000,-0.320258,-0.026671,-0.256823,-1.012563,0.524727,0.345048
0.990000,-0.318336,-0.026538,-0.255334,-1.013184,0.522993,0.342921
1.000000,-0.316430,-0.026405,-0.253855,-1.013802,0.521269,0.340812
1.010000,-0.314538,-0.026273,-0.252387,-1.014415,0.519555,0.338721
1.020000,-0.312662,-0.026142,-0.250930,-1.015025,0.517851,0.336648
1.030000,-0.310800,-0.026012,-0.249484,-1.015631,0.516156,0.334592
1.040000,-0.308953,-0.025882,-0.248048,-1.016234,0.514471,0.332553
1.050000,-0.307121,-0.025752,-0.246623,-1.016832,0.512796,0.330530
1.060000,-0.305303,-0.025624,-0.245209,-1.017427,0.511130,0.328525
1.070000,-0.303499,-0.025496,-0.243804,-1.018018,0.509473,0.326536
1.080000,-0.301709,-0.025368,-0.242410,-1.018605,0.507826,0.324563
1.090000,-0.299932,-0.025242,-0.241025,-1.019189,0.506188,0.322606
1.100000,-0.298170,-0.025116,-0.239651,-1.019769,0.504559,0.320666
1.110000,-0.296420,-0.024990,-0.238286,-1.020346,0.502939,0.318740
1.120000,-0.294685,-0.024865,-0.236931,-1.020919,0.501328,0.316830
1.130000,-0.292962,-0.024741,-0.235586,-1.021488,0.499726,0.314936
1.140000,-0.291252,-0.024618,-0.234250,-1.022054,0.498132,0.313056
1.150000,-0.289555,-0.024495,-0.232924,-1.022616,0.496548,0.311192
1.160000,-0.287871,-0.024373,-0.231607,-1.023174,0.494972,0.309342
1.170000,-0.286199,-0.024251,-0.230299,-1.023730,0.493404,0.307506
1.180000,-0.284540,-0.024130,-0.229000,-1.024281,0.491845,0.305685
1.190000,-0.282893,-0.024009,-0.227711,-1.024830,0.490294,0.303878
1.200000,-0.281258,-0.023889,-0.226430,-1.025375,0.488752,0.302085
1.210000,-0.279635,-0.023770,-0.225158,-1.025916,0.487218,0.300306
1.220000,-0.278024,-0.023651,-0.223895,-1.026454,0.485692,0.298540
1.230000,-0.276425,-0.023533,-0.222640,-1.026989,0.484174,0.296788
1.240000,-0.274838,-0.023416,-0.221394,-1.027520,0.482664,0.295049
1.250000,-0.273262,-0.023299,-0.220157,-1.028048,0.481162,0.293324
1.260000,-0.271697,-0.023183,-0.218928,-1.028573,0.479667,0.291611
1.270000,-0.270144,-0.023067,-0.217707,-1.029094,0.478181,0.289912
1.280000,-0.268601,-0.022952,-0.216495,-1.029612,0.476703,0.288225
1.290000,-0.267070,-0.022837,-0.215290,-1.030127,0.475232,0.286551
1.300000,-0.265549,-0.022723,-0.214094,-1.030639,0.473768,0.284889
1.310000,-0.264040,-0.022610,-0.212906,-1.031147,0.472312,0.283239
1.320000,-0.262541,-0.022497,-0.211726,-1.031653,0.470864,0.281602
1.330000,-0.261052,-0.022384,-0.210553,-1.032155,0.469423,0.279976
1.340000,-0.259575,-0.022273,-0.209389,-1.032654,0.467990,0.278363
1.350000,-0.258107,-0.022161,-0.208232,-1.033150,0.466563,0.276761
1.360000,-0.256650,-0.022051,-0.207082,-1.033642,0.465144,0.275171
1.370000,-0.255202,-0.021941,-0.205941,-1.034132,0.463732,0.273593
1.380000,-0.253765,-0.021831,-0.204806,-1.034619,0.462327,0.272026
1.390000,-0.252338,-0.021722,-0.203680,-1.035102,0.460929,0.270470
1.400000,-0.250920,-0.021614,-0.202560,-1.035583,0.459539,0.268925
1.410000,-0.249513,-0.021506,-0.201448,-1.036060,0.458155,0.267392
1.420000,-0.248114,-0.021398,-0.200343,-1.036534,0.456777,0.265869
1.430000,-0.246726,-0.021292,-0.199246,-1.037006,0.455407,0.264357
1.440000,-0.245347,-0.021185,-0.198155,-1.037474,0.454044,0.262856
1.450000,-0.243977,-0.021080,-0.197071,-1.037940,0.452687,0.261365
1.460000,-0.242617,-0.020974,-0.195995,-1.038403,0.451337,0.259885
1.470000,-0.241265,-0.020870,-0.194925,-1.038862,0.449993,0.258415
1.480000,-0.239923,-0.020766,-0.193862,-1.039319,0.448656,0.256956
1.490000,-0.238590,-0.020662,-0.192806,-1.039773,0.447325,0.255506
1.500000,-0.237265,-0.020559,-0.191757,-1.040224,0.446001,0.254067
1.510000,-0.235950,-0.020456,-0.190714,-1.040673,0.444683,0.252638
1.520000,-0.234643,-0.020354,-0.189678,-1.041118,0.443372,0.251218
1.530000,-0.233345,-0.020252,-0.188648,-1.041561,0.442066,0.249808
1.540000,-0.232056,-0.020151,-0.187625,-1.042001,0.440767,0.248408
1.550000,-0.230775,-0.020051,-0.186609,-1.042438,0.439474,0.247018
1.560000,-0.229502,-0.019951,-0.185598,-1.042872,0.438188,0.245637
1.570000,-0.228238,-0.019851,-0.184594,-1.043304,0.436907,0.244265
1.580000,-0.226982,-0.019752,-0.183597,-1.043732,0.435632,0.242903
1.590000,-0.225734,-0.019653,-0.182605,-1.044159,0.434364,0.241549
1.600000,-0.224494,-0.019555,-0.181620,-1.044582,0.433101,0.240205
1.610000,-0.223263,-0.019458,-0.180641,-1.045003,0.431844,0.238870
1.620000,-0.222039,-0.019361,-0.179668,-1.045421,0.430593,0.237544
1.630000,-0.220823,-0.019264,-0.178701,-1.045837,0.429348,0.236226
1.640000,-0.219616,-0.019168,-0.177740,-1.046250,0.428108,0.234918
1.650000,-0.218415,-0.019072,-0.176785,-1.046660,0.426874,0.233618
1.660000,-0.217223,-0.018977,-0.175836,-1.047068,0.425646,0.232327
1.670000,-0.216038,-0.018882,-0.174892,-1.047473,0.424424,0.231044
1.680000,-0.214861,-0.018788,-0.173955,-1.047875,0.423207,0.229770
1.690000,-0.213691,-0.018694,-0.173023,-1.048275,0.421995,0.228504
1.700000,-0.212529,-0.018601,-0.172096,-1.048673,0.420789,0.227246
1.710000,-0.211374,-0.018508,-0.171176,-1.049068,0.419589,0.225996
1.720000,-0.210226,-0.018416,-0.170261,-1.049460,0.418394,0.224755
1.730000,-0.209086,-0.018324,-0.169351,-1.049850,0.417204,0.223522
1.740000,-0.207952,-0.018232,-0.168447,-1.050238,0.416020,0.222296
1.750000,-0.206826,-0.018141,-0.167549,-1.050623,0.414840,0.221079
1.760000,-0.205707,-0.018051,-0.166656,-1.051006,0.413667,0.219869
1.770000,-0.204595,-0.017961,-0.165768,-1.051386,0.412498,0.218668
1.780000,-0.203490,-0.017871,-0.164886,-1.051764,0.411334,0.217474
1.790000,-0.202392,-0.017782,-0.164008,-1.052139,0.410176,0.216287
1.800000,-0.201300,-0.017693,-0.163137,-1.052513,0.409023,0.215108
1.810000,-0.200216,-0.017605,-0.162270,-1.052883,0.407875,0.213937
1.820000,-0.199138,-0.017517,-0.161408,-1.053252,0.406731,0.212773
1.830000,-0.198066,-0.017430,-0.160552,-1.053618,0.405593,0.211617
1.840000,-0.197001,-0.017343,-0.159701,-1.053982,0.404460,0.210467
1.850000,-0.195943,-0.017256,-0.158855,-1.054343,0.403332,0.209326
1.860000,-0.194892,-0.017170,-0.158013,-1.054702,0.402208,0.208191
1.870000,-0.193846,-0.017084,-0.157177,-1.055059,0.401089,0.207063
1.880000,-0.192807,-0.016999,-0.156346,-1.055414,0.399976,0.205943
1.890000,-0.191775,-0.016914,-0.155519,-1.055766,0.398867,0.204829
1.900000,-0.190749,-0.016830,-0.154698,-1.056116,0.397762,0.203722
1.910000,-0.189729,-0.016746,-0.153881,-1.056464,0.396663,0.202623
1.920000,-0.188715,-0.016662,-0.153069,-1.056810,0.395568,0.201530
1.930000,-0.187707,-0.016579,-0.152262,-1.057153,0.394477,0.200444
1.940000,-0.186705,-0.016496,-0.151459,-1.057495,0.393392,0.199364
1.950000,-0.185710,-0.016414,-0.150662,-1.057834,0.392311,0.198291
1.960000,-0.184720,-0.016332,-0.149868,-1.058171,0.391234,0.197225
1.970000,-0.183736,-0.016251,-0.149080,-1.058506,0.390162,0.196166
1.980000,-0.182759,-0.016169,-0.148296,-1.058839,0.389094,0.195113
1.990000,-0.181787,-0.016089,-0.147517,-1.059170,0.388031,0.194066
2.000000,-0.180821,-0.016008,-0.146742,-1.059498,0.386973,0.193026
2.010000,-0.179860,-0.015929,-0.145971,-1.059825,0.385918,0.191992
2.020000,-0.178906,-0.015849,-0.145205,-1.060149,0.384868,0.190964
2.030000,-0.177957,-0.015770,-0.144444,-1.060471,0.383823,0.189943
2.040000,-0.177013,-0.015691,-0.143687,-1.060792,0.382781,0.188928
2.050000,-0.176076,-0.015613,-0.142934,-1.061110,0.381744,0.187919
2.060000,-0.175143,-0.015535,-0.142185,-1.061426,0.380711,0.186916
2.070000,-0.174217,-0.015458,-0.141441,-1.061741,0.379683,0.185919
2.080000,-0.173295,-0.015380,-0.140701,-1.062053,0.378658,0.184928
2.090000,-0.172380,-0.015304,-0.139965,-1.062363,0.377638,0.183943
2.100000,-0.171469,-0.015227,-0.139234,-1.062672,0.376622,0.182964
2.110000,-0.170564,-0.015151,-0.138507,-1.062978,0.375610,0.181991
2.120000,-0.169664,-0.015076,-0.137783,-1.063282,0.374602,0.181024
2.130000,-0.168770,-0.015001,-0.137064,-1.063585,0.373598,0.180062
2.140000,-0.167880,-0.014926,-0.136349,-1.063886,0.372598,0.179106
2.150000,-0.166996,-0.014851,-0.135638,-1.064184,0.371602,0.178156
2.160000,-0.166117,-0.014777,-0.134932,-1.064481,0.370610,0.177212
2.170000,-0.165243,-0.014703,-0.134229,-1.064776,0.369622,0.176273
2.180000,-0.164375,-0.014630,-0.133530,-1.065069,0.368638,0.175339
2.190000,-0.163511,-0.014557,-0.132835,-1.065360,0.367658,0.174412
2.200000,-0.162652,-0.014484,-0.132144,-1.065649,0.366682,0.173489
2.210000,-0.161798,-0.014412,-0.131456,-1.065937,0.365709,0.172572
2.220000,-0.160949,-0.014340,-0.130773,-1.066222,0.364741,0.171661
2.230000,-0.160105,-0.014269,-0.130094,-1.066506,0.363776,0.170754
2.240000,-0.159266,-0.014197,-0.129418,-1.066788,0.362815,0.169854
2.250000,-0.158432,-0.014127,-0.128746,-1.067068,0.361857,0.168958
2.260000,-0.157602,-0.014056,-0.128078,-1.067347,0.360904,0.168067
2.270000,-0.156778,-0.013986,-0.127414,-1.067624,0.359954,0.167182
2.280000,-0.155958,-0.013916,-0.126753,-1.067899,0.359008,0.166302
2.290000,-0.155142,-0.013847,-0.126096,-1.068172,0.358065,0.165427
2.300000,-0.154331,-0.013778,-0.125443,-1.068443,0.357126,0.164557
2.310000,-0.153525,-0.013709,-0.124793,-1.068713,0.356191,0.163693
2.320000,-0.152724,-0.013641,-0.124147,-1.068981,0.355259,0.162833
2.330000,-0.151927,-0.013573,-0.123504,-1.069247,0.354331,0.161978
2.340000,-0.151134,-0.013505,-0.122866,-1.069512,0.353406,0.161128
2.350000,-0.150346,-0.013437,-0.122230,-1.069775,0.352485,0.160283
2.360000,-0.149563,-0.013370,-0.121598,-1.070036,0.351567,0.159443
2.370000,-0.148784,-0.013304,-0.120970,-1.070295,0.350653,0.158607
2.380000,-0.148009,-0.013237,-0.120345,-1.070553,0.349742,0.157777
2.390000,-0.147239,-0.013171,-0.119724,-1.070810,0.348835,0.156951
2.400000,-0.146473,-0.013106,-0.119106,-1.071064,0.347931,0.156130
2.410000,-0.145711,-0.013040,-0.118491,-1.071317,0.347030,0.155314
2.420000,-0.144954,-0.012975,-0.117880,-1.071569,0.346133,0.154502
2.430000,-0.144201,-0.012910,-0.117272,-1.071818,0.345239,0.153695
2.440000,-0.143452,-0.012846,-0.116667,-1.072067,0.344349,0.152892
2.450000,-0.142707,-0.012782,-0.116066,-1.072313,0.343462,0.152094
2.460000,-0.141967,-0.012718,-0.115468,-1.072558,0.342578,0.151301
2.470000,-0.141230,-0.012655,-0.114874,-1.072802,0.341697,0.150512
2.480000,-0.140498,-0.012591,-0.114282,-1.073044,0.340820,0.149728
2.490000,-0.139770,-0.012529,-0.113694,-1.073284,0.339945,0.148948
2.500000,-0.139046,-0.012466,-0.113109,-1.073523,0.339074,0.148172
2.510000,-0.138326,-0.012404,-0.112527,-1.073760,0.338207,0.147401
2.520000,-0.137610,-0.012342,-0.111949,-1.073996,0.337342,0.146634
2.530000,-0.136897,-0.012281,-0.111373,-1.074230,0.336481,0.145872
2.540000,-0.136189,-0.012219,-0.110801,-1.074463,0.335622,0.145113
2.550000,-0.135485,-0.012158,-0.110232,-1.074695,0.334767,0.144359
2.560000,-0.134785,-0.012098,-0.109666,-1.074925,0.333915,0.143609
2.570000,-0.134088,-0.012037,-0.109103,-1.075153,0.333066,0.142864
2.580000,-0.133396,-0.011977,-0.108543,-1.075380,0.332220,0.142123
2.590000,-0.132707,-0.011917,-0.107986,-1.075605,0.331377,0.141385
2.600000,-0.132022,-0.011858,-0.107432,-1.075830,0.330537,0.140652
2.610000,-0.131341,-0.011799,-0.106881,-1.076052,0.329700,0.139923
2.620000,-0.130663,-0.011740,-0.106333,-1.076273,0.328867,0.139198
2.630000,-0.129989,-0.011681,-0.105788,-1.076493,0.328036,0.138477
2.640000,-0.129319,-0.011623,-0.105246,-1.076712,0.327208,0.137760
2.650000,-0.128653,-0.011565,-0.104707,-1.076929,0.326383,0.137047
2.660000,-0.127990,-0.011507,-0.104171,-1.077144,0.325561,0.136338
2.670000,-0.127331,-0.011450,-0.103638,-1.077358,0.324742,0.135633
2.680000,-0.126675,-0.011393,-0.103107,-1.077571,0.323925,0.134932
2.690000,-0.126024,-0.011336,-0.102580,-1.077783,0.323112,0.134235
2.700000,-0.125375,-0.011280,-0.102055,-1.077993,0.322301,0.133541
2.710000,-0.124730,-0.011223,-0.101533,-1.078202,0.321494,0.132852
2.720000,-0.124089,-0.011167,-0.101014,-1.078409,0.320689,0.132166
2.730000,-0.123451,-0.011112,-0.100498,-1.078616,0.319887,0.131484
2.740000,-0.122817,-0.011056,-0.099984,-1.078820,0.319087,0.130806
2.750000,-0.122186,-0.011001,-0.099473,-1.079024,0.318291,0.130131
2.760000,-0.121559,-0.010946,-0.098965,-1.079226,0.317497,0.129460
2.770000,-0.120935,-0.010891,-0.098460,-1.079427,0.316706,0.128793
2.780000,-0.120314,-0.010837,-0.097957,-1.079627,0.315918,0.128129
2.790000,-0.119697,-0.010783,-0.097457,-1.079825,0.315132,0.127470
2.800000,-0.119083,-0.010729,-0.096960,-1.080022,0.314350,0.126813
2.810000,-0.118472,-0.010676,-0.096465,-1.080218,0.313569,0.126161
2.820000,-0.117865,-0.010623,-0.095973,-1.080413,0.312792,0.125512
2.830000,-0.117261,-0.010570,-0.095484,-1.080606,0.312017,0.124866
2.840000,-0.116660,-0.010517,-0.094997,-1.080798,0.311245,0.124224
2.850000,-0.116062,-0.010464,-0.094513,-1.080989,0.310476,0.123585
2.860000,-0.115468,-0.010412,-0.094031,-1.081179,0.309709,0.122950
2.870000,-0.114877,-0.010360,-0.093552,-1.081367,0.308944,0.122319
2.880000,-0.114289,-0.010309,-0.093075,-1.081555,0.308183,0.121691
2.890000,-0.113704,-0.010257,-0.092601,-1.081741,0.307424,0.121066
2.900000,-0.113122,-0.010206,-0.092130,-1.081926,0.306667,0.120444
2.910000,-0.112544,-0.010155,-0.091661,-1.082109,0.305913,0.119826
2.920000,-0.111968,-0.010104,-0.091194,-1.082292,0.305162,0.119212
2.930000,-0.111396,-0.010054,-0.090730,-1.082473,0.304413,0.118600
2.940000,-0.110827,-0.010004,-0.090269,-1.082653,0.303666,0.117992
2.950000,-0.110261,-0.009954,-0.089809,-1.082833,0.302922,0.117388
2.960000,-0.109697,-0.009904,-0.089353,-1.083010,0.302181,0.116786
2.970000,-0.109137,-0.009855,-0.088898,-1.083187,0.301442,0.116188
2.980000,-0.108580,-0.009806,-0.088446,-1.083363,0.300705,0.115593
2.990000,-0.108026,-0.009757,-0.087997,-1.083537,0.299971,0.115001
3.000000,-0.107474,-0.009708,-0.087550,-1.083711,0.299239,0.114412
3.010000,-0.106926,-0.009660,-0.087105,-1.083883,0.298510,0.113827
3.020000,-0.106381,-0.009611,-0.086662,-1.084054,0.297783,0.113245
3.030000,-0.105838,-0.009564,-0.086222,-1.084224,0.297059,0.112665
3.040000,-0.105299,-0.009516,-0.085785,-1.084393,0.296337,0.112089
3.050000,-0.104762,-0.009468,-0.085349,-1.084561,0.295617,0.111516
3.060000,-0.104228,-0.009421,-0.084916,-1.084728,0.294900,0.110946
3.070000,-0.103697,-0.009374,-0.084485,-1.084894,0.294185,0.110380
3.080000,-0.103169,-0.009327,-0.084056,-1.085059,0.293472,0.109816
3.090000,-0.102643,-0.009281,-0.083630,-1.085222,0.292762,0.109255
3.100000,-0.102121,-0.009235,-0.083205,-1.085385,0.292054,0.108697
3.110000,-0.101601,-0.009188,-0.082783,-1.085546,0.291348,0.108142
3.120000,-0.101084,-0.009143,-0.082364,-1.085707,0.290644,0.107590
3.130000,-0.100569,-0.009097,-0.081946,-1.085866,0.289943,0.107041
3.140000,-0.100058,-0.009052,-0.081531,-1.086025,0.289244,0.106495
3.150000,-0.099549,-0.009006,-0.081117,-1.086182,0.288548,0.105952
3.160000,-0.099042,-0.008962,-0.080706,-1.086339,0.287853,0.105412
3.170000,-0.098539,-0.008917,-0.080298,-1.086494,0.287161,0.104875
3.180000,-0.098038,-0.008872,-0.079891,-1.086649,0.286471,0.104340
3.190000,-0.097540,-0.008828,-0.079486,-1.086802,0.285783,0.103809
3.200000,-0.097044,-0.008784,-0.079084,-1.086955,0.285098,0.103280
3.210000,-0.096551,-0.008740,-0.078683,-1.087106,0.284414,0.102754
3.220000,-0.096060,-0.008697,-0.078285,-1.087257,0.283733,0.102231
3.230000,-0.095573,-0.008653,-0.077888,-1.087406,0.283054,0.101710
3.240000,-0.095087,-0.008610,-0.077494,-1.087555,0.282377,0.101192
3.250000,-0.094604,-0.008567,-0.077102,-1.087703,0.281702,0.100678
3.260000,-0.094124,-0.008524,-0.076712,-1.087849,0.281029,0.100165
3.270000,-0.093647,-0.008482,-0.076324,-1.087995,0.280359,0.099656
3.280000,-0.093171,-0.008440,-0.075938,-1.088140,0.279691,0.099149
3.290000,-0.092699,-0.008397,-0.075554,-1.088284,0.279024,0.098645
3.300000,-0.092228,-0.008356,-0.075172,-1.088427,0.278360,0.098143
3.310000,-0.091761,-0.008314,-0.074792,-1.088569,0.277698,0.097644
3.320000,-0.091295,-0.008272,-0.074414,-1.088710,0.277038,0.097148
3.330000,-0.090833,-0.008231,-0.074037,-1.088851,0.276380,0.096655
3.340000,-0.090372,-0.008190,-0.073663,-1.088990,0.275724,0.096164
3.350000,-0.089914,-0.008149,-0.073291,-1.089128,0.275070,0.095675
3.360000,-0.089458,-0.008109,-0.072921,-1.089266,0.274418,0.095189
3.370000,-0.089005,-0.008068,-0.072552,-1.089403,0.273768,0.094706
3.380000,-0.088554,-0.008028,-0.072186,-1.089539,0.273120,0.094225
3.390000,-0.088106,-0.007988,-0.071821,-1.089674,0.272475,0.093747
3.400000,-0.087659,-0.007948,-0.071458,-1.089808,0.271831,0.093271
3.410000,-0.087216,-0.007908,-0.071098,-1.089941,0.271189,0.092798
3.420000,-0.086774,-0.007869,-0.070739,-1.090073,0.270549,0.092327
3.430000,-0.086335,-0.007830,-0.070382,-1.090205,0.269911,0.091859
3.440000,-0.085898,-0.007791,-0.070026,-1.090335,0.269275,0.091393
3.450000,-0.085463,-0.007752,-0.069673,-1.090465,0.268641,0.090930
3.460000,-0.085031,-0.007713,-0.069321,-1.090594,0.268009,0.090469
3.470000,-0.084601,-0.007675,-0.068971,-1.090723,0.267379,0.090010
3.480000,-0.084173,-0.007636,-0.068623,-1.090850,0.266750,0.089554
3.490000,-0.083747,-0.007598,-0.068277,-1.090976,0.266124,0.089100
3.500000,-0.083323,-0.007560,-0.067933,-1.091102,0.265500,0.088649
3.510000,-0.082902,-0.007523,-0.067590,-1.091227,0.264877,0.088200
3.520000,-0.082483,-0.007485,-0.067249,-1.091351,0.264257,0.087753
3.530000,-0.082066,-0.007448,-0.066910,-1.091475,0.263638,0.087309
3.540000,-0.081651,-0.007411,-0.066573,-1.091597,0.263021,0.086867
3.550000,-0.081239,-0.007374,-0.066237,-1.091719,0.262406,0.086427
3.560000,-0.080828,-0.007337,-0.065903,-1.091840,0.261793,0.085990
3.570000,-0.080420,-0.007300,-0.065571,-1.091960,0.261181,0.085555
3.580000,-0.080014,-0.007264,-0.065241,-1.092079,0.260572,0.085122
3.590000,-0.079609,-0.007228,-0.064912,-1.092198,0.259964,0.084691
3.600000,-0.079207,-0.007192,-0.064585,-1.092316,0.259358,0.084263
3.610000,-0.078807,-0.007156,-0.064260,-1.092433,0.258754,0.083836
3.620000,-0.078409,-0.007120,-0.063936,-1.092550,0.258152,0.083412
3.630000,-0.078014,-0.007085,-0.063614,-1.092665,0.257551,0.082991
3.640000,-0.077620,-0.007049,-0.063293,-1.092780,0.256953,0.082571
3.650000,-0.077228,-0.007014,-0.062975,-1.092894,0.256356,0.082154
3.660000,-0.076838,-0.006979,-0.062658,-1.093008,0.255761,0.081738
3.670000,-0.076451,-0.006944,-0.062342,-1.093120,0.255167,0.081325
3.680000,-0.076065,-0.006910,-0.062028,-1.093232,0.254576,0.080914
3.690000,-0.075681,-0.006875,-0.061716,-1.093344,0.253986,0.080506
3.700000,-0.075299,-0.006841,-0.061405,-1.093454,0.253398,0.080099
3.710000,-0.074920,-0.006807,-0.061096,-1.093564,0.252811,0.079694
3.720000,-0.074542,-0.006773,-0.060789,-1.093673,0.252226,0.079292
3.730000,-0.074166,-0.006739,-0.060483,-1.093782,0.251643,0.078891
3.740000,-0.073792,-0.006705,-0.060178,-1.093889,0.251062,0.078493
3.750000,-0.073420,-0.006672,-0.059876,-1.093996,0.250483,0.078097
3.760000,-0.073050,-0.006639,-0.059574,-1.094103,0.249905,0.077703
3.770000,-0.072682,-0.006606,-0.059275,-1.094208,0.249329,0.077310
3.780000,-0.072315,-0.006573,-0.058977,-1.094313,0.248754,0.076920
3.790000,-0.071951,-0.006540,-0.058680,-1.094418,0.248181,0.076532
3.800000,-0.071588,-0.006507,-0.058385,-1.094521,0.247610,0.076146
3.810000,-0.071228,-0.006475,-0.058091,-1.094624,0.247040,0.075762
3.820000,-0.070869,-0.006442,-0.057799,-1.094727,0.246473,0.075380
3.830000,-0.070512,-0.006410,-0.057508,-1.094828,0.245906,0.075000
3.840000,-0.070157,-0.006378,-0.057219,-1.094929,0.245342,0.074621
3.850000,-0.069803,-0.006346,-0.056932,-1.095030,0.244779,0.074245
3.860000,-0.069452,-0.006315,-0.056645,-1.095129,0.244217,0.073871
3.870000,-0.069102,-0.006283,-0.056361,-1.095229,0.243658,0.073498
3.880000,-0.068754,-0.006252,-0.056077,-1.095327,0.243100,0.073128
3.890000,-0.068408,-0.006221,-0.055796,-1.095425,0.242543,0.072759
3.900000,-0.068064,-0.006190,-0.055515,-1.095522,0.241988,0.072392
3.910000,-0.067721,-0.006159,-0.055236,-1.095619,0.241435,0.072028
3.920000,-0.067380,-0.006128,-0.054959,-1.095714,0.240883,0.071665
3.930000,-0.067041,-0.006098,-0.054683,-1.095810,0.240333,0.071304
3.940000,-0.066704,-0.006067,-0.054408,-1.095904,0.239784,0.070944
3.950000,-0.066368,-0.006037,-0.054135,-1.095999,0.239237,0.070587
3.960000,-0.066034,-0.006007,-0.053863,-1.096092,0.238692,0.070231
3.970000,-0.065702,-0.005977,-0.053592,-1.096185,0.238148,0.069878
3.980000,-0.065372,-0.005947,-0.053323,-1.096277,0.237605,0.069526
3.990000,-0.065043,-0.005917,-0.053055,-1.096369,0.237064,0.069176
4.000000,-0.064716,-0.005888,-0.052789,-1.096460,0.236525,0.068827
4.010000,-0.064390,-0.005859,-0.052524,-1.096551,0.235987,0.068481
4.020000,-0.064067,-0.005829,-0.052260,-1.096641,0.235451,0.068136
4.030000,-0.063744,-0.005800,-0.051998,-1.096730,0.234916,0.067793
4.040000,-0.063424,-0.005771,-0.051737,-1.096819,0.234383,0.067452
4.050000,-0.063105,-0.005743,-0.051477,-1.096907,0.233851,0.067113
4.060000,-0.062788,-0.005714,-0.051218,-1.096995,0.233321,0.066775
4.070000,-0.062472,-0.005685,-0.050961,-1.097082,0.232792,0.066439
4.080000,-0.062158,-0.005657,-0.050706,-1.097168,0.232264,0.066105
4.090000,-0.061846,-0.005629,-0.050451,-1.097254,0.231739,0.065772
4.100000,-0.061535,-0.005601,-0.050198,-1.097340,0.231214,0.065441
4.110000,-0.061226,-0.005573,-0.049946,-1.097424,0.230691,0.065112
4.120000,-0.060918,-0.005545,-0.049695,-1.097509,0.230170,0.064785
4.130000,-0.060612,-0.005517,-0.049446,-1.097593,0.229650,0.064459
4.140000,-0.060308,-0.005490,-0.049198,-1.097676,0.229131,0.064135
4.150000,-0.060005,-0.005462,-0.048951,-1.097759,0.228614,0.063812
4.160000,-0.059703,-0.005435,-0.048706,-1.097841,0.228098,0.063491
4.170000,-0.059403,-0.005408,-0.048461,-1.097922,0.227584,0.063172
4.180000,-0.059105,-0.005381,-0.048218,-1.098004,0.227071,0.062855
4.190000,-0.058808,-0.005354,-0.047976,-1.098084,0.226559,0.062539
4.200000,-0.058513,-0.005328,-0.047736,-1.098164,0.226049,0.062224
4.210000,-0.058219,-0.005301,-0.047496,-1.098244,0.225541,0.061912
4.220000,-0.057927,-0.005275,-0.047258,-1.098323,0.225033,0.061600
4.230000,-0.057636,-0.005248,-0.047021,-1.098401,0.224528,0.061291
4.240000,-0.057346,-0.005222,-0.046785,-1.098479,0.224023,0.060983
4.250000,-0.057059,-0.005196,-0.046551,-1.098557,0.223520,0.060676
4.260000,-0.056772,-0.005170,-0.046317,-1.098634,0.223018,0.060372
4.270000,-0.056487,-0.005144,-0.046085,-1.098711,0.222518,0.060068
4.280000,-0.056204,-0.005119,-0.045854,-1.098787,0.222019,0.059767
4.290000,-0.055922,-0.005093,-0.045624,-1.098862,0.221521,0.059466
4.300000,-0.055641,-0.005068,-0.045396,-1.098937,0.221025,0.059168
4.310000,-0.055362,-0.005042,-0.045168,-1.099012,0.220530,0.058871
4.320000,-0.055084,-0.005017,-0.044942,-1.099086,0.220037,0.058575
4.330000,-0.054808,-0.004992,-0.044716,-1.099160,0.219544,0.058281
4.340000,-0.054533,-0.004967,-0.044492,-1.099233,0.219053,0.057988
4.350000,-0.054259,-0.004943,-0.044269,-1.099306,0.218564,0.057697
4.360000,-0.053987,-0.004918,-0.044047,-1.099378,0.218076,0.057407
4.370000,-0.053716,-0.004893,-0.043827,-1.099450,0.217589,0.057119
4.380000,-0.053447,-0.004869,-0.043607,-1.099521,0.217103,0.056832
4.390000,-0.053178,-0.004845,-0.043389,-1.099592,0.216619,0.056547
4.400000,-0.052912,-0.004821,-0.043171,-1.099662,0.216136,0.056263
4.410000,-0.052646,-0.004796,-0.042955,-1.099732,0.215654,0.055981
4.420000,-0.052382,-0.004773,-0.042740,-1.099801,0.215173,0.055700
4.430000,-0.052120,-0.004749,-0.042526,-1.099871,0.214694,0.055421
4.440000,-0.051858,-0.004725,-0.042313,-1.099939,0.214217,0.055142
4.450000,-0.051598,-0.004702,-0.042101,-1.100007,0.213740,0.054866
4.460000,-0.051340,-0.004678,-0.041890,-1.100075,0.213265,0.054590
4.470000,-0.051082,-0.004655,-0.041680,-1.100142,0.212791,0.054317
4.480000,-0.050826,-0.004632,-0.041471,-1.100209,0.212318,0.054044
4.490000,-0.050571,-0.004608,-0.041263,-1.100276,0.211846,0.053773
4.500000,-0.050318,-0.004585,-0.041057,-1.100342,0.211376,0.053503
4.510000,-0.050066,-0.004563,-0.040851,-1.100407,0.210907,0.053235
4.520000,-0.049815,-0.004540,-0.040647,-1.100472,0.210439,0.052968
4.530000,-0.049565,-0.004517,-0.040443,-1.100537,0.209973,0.052702
4.540000,-0.049317,-0.004495,-0.040241,-1.100601,0.209508,0.052438
4.550000,-0.049069,-0.004472,-0.040039,-1.100665,0.209044,0.052175
4.560000,-0.048824,-0.004450,-0.039839,-1.100729,0.208581,0.051913
4.570000,-0.048579,-0.004428,-0.039639,-1.100792,0.208119,0.051653
4.580000,-0.048335,-0.004406,-0.039441,-1.100854,0.207659,0.051394
4.590000,-0.048093,-0.004384,-0.039243,-1.100917,0.207200,0.051136
4.600000,-0.047852,-0.004362,-0.039047,-1.100978,0.206742,0.050880
4.610000,-0.047613,-0.004340,-0.038851,-1.101040,0.206285,0.050625
4.620000,-0.047374,-0.004318,-0.038657,-1.101101,0.205829,0.050371
4.630000,-0.047137,-0.004297,-0.038463,-1.101162,0.205375,0.050119
4.640000,-0.046901,-0.004275,-0.038271,-1.101222,0.204922,0.049867
4.650000,-0.046666,-0.004254,-0.038079,-1.101282,0.204470,0.049618
4.660000,-0.046432,-0.004233,-0.037889,-1.101341,0.204019,0.049369
4.670000,-0.046199,-0.004212,-0.037699,-1.101401,0.203569,0.049121
4.680000,-0.045968,-0.004191,-0.037510,-1.101459,0.203121,0.048875
4.690000,-0.045738,-0.004170,-0.037323,-1.101518,0.202674,0.048630
4.700000,-0.045509,-0.004149,-0.037136,-1.101576,0.202228,0.048387
4.710000,-0.045281,-0.004128,-0.036950,-1.101633,0.201783,0.048144
4.720000,-0.045054,-0.004108,-0.036765,-1.101690,0.201339,0.047903
4.730000,-0.044828,-0.004087,-0.036581,-1.101747,0.200896,0.047663
4.740000,-0.044604,-0.004067,-0.036398,-1.101804,0.200455,0.047424
4.750000,-0.044380,-0.004047,-0.036216,-1.101860,0.200014,0.047187
4.760000,-0.044158,-0.004026,-0.036035,-1.101916,0.199575,0.046950
4.770000,-0.043937,-0.004006,-0.035854,-1.101971,0.199137,0.046715
4.780000,-0.043717,-0.003986,-0.035675,-1.102026,0.198700,0.046481
4.790000,-0.043498,-0.003966,-0.035497,-1.102081,0.198264,0.046248
4.800000,-0.043281,-0.003947,-0.035319,-1.102135,0.197830,0.046017
4.810000,-0.043064,-0.003927,-0.035142,-1.102189,0.197396,0.045786
4.820000,-0.042848,-0.003907,-0.034967,-1.102243,0.196964,0.045557
4.830000,-0.042634,-0.003888,-0.034792,-1.102296,0.196532,0.045329
4.840000,-0.042420,-0.003869,-0.034618,-1.102349,0.196102,0.045102
4.850000,-0.042208,-0.003849,-0.034444,-1.102402,0.195673,0.044876
4.860000,-0.041997,-0.003830,-0.034272,-1.102454,0.195245,0.044651
4.870000,-0.041787,-0.003811,-0.034101,-1.102506,0.194818,0.044427
4.880000,-0.041578,-0.003792,-0.033930,-1.102558,0.194392,0.044205
4.890000,-0.041369,-0.003773,-0.033760,-1.102609,0.193968,0.043984
4.900000,-0.041162,-0.003754,-0.033592,-1.102660,0.193544,0.043763
4.910000,-0.040956,-0.003735,-0.033424,-1.102711,0.193121,0.043544
4.920000,-0.040751,-0.003717,-0.033256,-1.102761,0.192700,0.043326
4.930000,-0.040548,-0.003698,-0.033090,-1.102811,0.192279,0.043109
4.940000,-0.040345,-0.003680,-0.032925,-1.102861,0.191860,0.042894
4.950000,-0.040143,-0.003662,-0.032760,-1.102910,0.191442,0.042679
4.960000,-0.039942,-0.003643,-0.032596,-1.102959,0.191025,0.042465
4.970000,-0.039742,-0.003625,-0.032433,-1.103008,0.190608,0.042253
4.980000,-0.039543,-0.003607,-0.032271,-1.103056,0.190193,0.042041
4.990000,-0.039345,-0.003589,-0.032110,-1.103104,0.189779,0.041831
5.000000,-0.039149,-0.003571,-0.031949,-1.103152,0.189366,0.041622
5.010000,-0.038953,-0.003553,-0.031789,-1.103200,0.188954,0.041413
5.020000,-0.038758,-0.003536,-0.031630,-1.103247,0.188543,0.041206
5.030000,-0.038564,-0.003518,-0.031472,-1.103294,0.188133,0.041000
5.040000,-0.038371,-0.003500,-0.031315,-1.103340,0.187725,0.040795
5.050000,-0.038179,-0.003483,-0.031158,-1.103386,0.187317,0.040590
5.060000,-0.037988,-0.003466,-0.031003,-1.103432,0.186910,0.040387
5.070000,-0.037798,-0.003448,-0.030848,-1.103478,0.186504,0.040185
5.080000,-0.037609,-0.003431,-0.030693,-1.103523,0.186099,0.039984
5.090000,-0.037421,-0.003414,-0.030540,-1.103568,0.185696,0.039784
5.100000,-0.037234,-0.003397,-0.030387,-1.103613,0.185293,0.039585
5.110000,-0.037048,-0.003380,-0.030235,-1.103658,0.184891,0.039387
5.120000,-0.036862,-0.003363,-0.030084,-1.103702,0.184491,0.039190
5.130000,-0.036678,-0.003346,-0.029934,-1.103746,0.184091,0.038994
5.140000,-0.036495,-0.003330,-0.029784,-1.103789,0.183692,0.038799
5.150000,-0.036312,-0.003313,-0.029635,-1.103833,0.183295,0.038605
5.160000,-0.036131,-0.003297,-0.029487,-1.103876,0.182898,0.038412
5.170000,-0.035950,-0.003280,-0.029340,-1.103919,0.182502,0.038220
5.180000,-0.035770,-0.003264,-0.029193,-1.103961,0.182107,0.038028
5.190000,-0.035591,-0.003247,-0.029047,-1.104003,0.181714,0.037838
5.200000,-0.035413,-0.003231,-0.028902,-1.104045,0.181321,0.037649
5.210000,-0.035236,-0.003215,-0.028758,-1.104087,0.180929,0.037461
5.220000,-0.035060,-0.003199,-0.028614,-1.104129,0.180538,0.037273
5.230000,-0.034885,-0.003183,-0.028471,-1.104170,0.180148,0.037087
5.240000,-0.034710,-0.003167,-0.028329,-1.104211,0.179759,0.036901
5.250000,-0.034537,-0.003151,-0.028187,-1.104251,0.179372,0.036717
5.260000,-0.034364,-0.003136,-0.028046,-1.104292,0.178985,0.036533
5.270000,-0.034192,-0.003120,-0.027906,-1.104332,0.178599,0.036350
5.280000,-0.034021,-0.003105,-0.027767,-1.104372,0.178213,0.036169
5.290000,-0.033851,-0.003089,-0.027628,-1.104411,0.177829,0.035988
5.300000,-0.033682,-0.003074,-0.027490,-1.104451,0.177446,0.035808
5.310000,-0.033514,-0.003058,-0.027353,-1.104490,0.177064,0.035629
5.320000,-0.033346,-0.003043,-0.027216,-1.104529,0.176683,0.035451
5.330000,-0.033180,-0.003028,-0.027080,-1.104567,0.176302,0.035273
5.340000,-0.033014,-0.003013,-0.026945,-1.104606,0.175923,0.035097
5.350000,-0.032849,-0.002998,-0.026810,-1.104644,0.175545,0.034922
5.360000,-0.032685,-0.002983,-0.026676,-1.104682,0.175167,0.034747
5.370000,-0.032521,-0.002968,-0.026543,-1.104719,0.174790,0.034573
5.380000,-0.032359,-0.002953,-0.026410,-1.104756,0.174415,0.034400
5.390000,-0.032197,-0.002938,-0.026278,-1.104794,0.174040,0.034228
5.400000,-0.032036,-0.002924,-0.026147,-1.104831,0.173666,0.034057
5.410000,-0.031876,-0.002909,-0.026016,-1.104867,0.173293,0.033887
5.420000,-0.031717,-0.002895,-0.025886,-1.104904,0.172921,0.033718
5.430000,-0.031558,-0.002880,-0.025757,-1.104940,0.172550,0.033549
5.440000,-0.031400,-0.002866,-0.025628,-1.104976,0.172180,0.033381
5.450000,-0.031243,-0.002852,-0.025500,-1.105011,0.171811,0.033215
5.460000,-0.031087,-0.002837,-0.025373,-1.105047,0.171442,0.033049
5.470000,-0.030932,-0.002823,-0.025246,-1.105082,0.171075,0.032883
5.480000,-0.030777,-0.002809,-0.025120,-1.105117,0.170708,0.032719
5.490000,-0.030624,-0.002795,-0.024995,-1.105152,0.170342,0.032556
5.500000,-0.030471,-0.002781,-0.024870,-1.105187,0.169977,0.032393
5.510000,-0.030318,-0.002767,-0.024746,-1.105221,0.169614,0.032231
5.520000,-0.030167,-0.002753,-0.024622,-1.105255,0.169250,0.032070
5.530000,-0.030016,-0.002740,-0.024499,-1.105289,0.168888,0.031910
5.540000,-0.029866,-0.002726,-0.024377,-1.105323,0.168527,0.031750
5.550000,-0.029717,-0.002712,-0.024255,-1.105356,0.168167,0.031591
5.560000,-0.029568,-0.002699,-0.024134,-1.105389,0.167807,0.031434
5.570000,-0.029421,-0.002686,-0.024013,-1.105422,0.167448,0.031276
5.580000,-0.029274,-0.002672,-0.023893,-1.105455,0.167090,0.031120
5.590000,-0.029127,-0.002659,-0.023774,-1.105488,0.166733,0.030965
5.600000,-0.028982,-0.002646,-0.023655,-1.105520,0.166377,0.030810
5.610000,-0.028837,-0.002632,-0.023537,-1.105552,0.166022,0.030656
5.620000,-0.028693,-0.002619,-0.023419,-1.105584,0.165668,0.030503
5.630000,-0.028550,-0.002606,-0.023302,-1.105616,0.165314,0.030350
5.640000,-0.028407,-0.002593,-0.023186,-1.105648,0.164961,0.030199
5.650000,-0.028265,-0.002580,-0.023070,-1.105679,0.164610,0.030048
5.660000,-0.028124,-0.002567,-0.022955,-1.105710,0.164259,0.029898
5.670000,-0.027984,-0.002555,-0.022840,-1.105741,0.163908,0.029748
5.680000,-0.027844,-0.002542,-0.022726,-1.105772,0.163559,0.029600
5.690000,-0.027705,-0.002529,-0.022613,-1.105803,0.163211,0.029452
5.700000,-0.027566,-0.002517,-0.022500,-1.105833,0.162863,0.029305
5.710000,-0.027429,-0.002504,-0.022388,-1.105863,0.162516,0.029158
5.720000,-0.027292,-0.002491,-0.022276,-1.105893,0.162170,0.029013
5.730000,-0.027155,-0.002479,-0.022165,-1.105923,0.161825,0.028868
5.740000,-0.027020,-0.002467,-0.022054,-1.105953,0.161481,0.028723
5.750000,-0.026885,-0.002454,-0.021944,-1.105982,0.161137,0.028580
5.760000,-0.026750,-0.002442,-0.021834,-1.106011,0.160795,0.028437
5.770000,-0.026617,-0.002430,-0.021725,-1.106040,0.160453,0.028295
5.780000,-0.026484,-0.002418,-0.021617,-1.106069,0.160112,0.028154
5.790000,-0.026352,-0.002406,-0.021509,-1.106098,0.159771,0.028013
5.800000,-0.026220,-0.002394,-0.021401,-1.106126,0.159432,0.027873
5.810000,-0.026089,-0.002382,-0.021295,-1.106155,0.159093,0.027734
5.820000,-0.025959,-0.002370,-0.021188,-1.106183,0.158755,0.027595
5.830000,-0.025829,-0.002358,-0.021082,-1.106211,0.158418,0.027458
5.840000,-0.025700,-0.002346,-0.020977,-1.106238,0.158082,0.027320
5.850000,-0.025572,-0.002335,-0.020872,-1.106266,0.157747,0.027184
5.860000,-0.025444,-0.002323,-0.020768,-1.106293,0.157412,0.027048
5.870000,-0.025317,-0.002311,-0.020665,-1.106321,0.157078,0.026913
5.880000,-0.025191,-0.002300,-0.020561,-1.106348,0.156745,0.026779
5.890000,-0.025065,-0.002288,-0.020459,-1.106375,0.156413,0.026645
5.900000,-0.024940,-0.002277,-0.020357,-1.106401,0.156081,0.026512
5.910000,-0.024815,-0.002266,-0.020255,-1.106428,0.155751,0.026379
5.920000,-0.024691,-0.002254,-0.020154,-1.106454,0.155421,0.026248
5.930000,-0.024568,-0.002243,-0.020053,-1.106480,0.155092,0.026117
5.940000,-0.024445,-0.002232,-0.019953,-1.106506,0.154763,0.025986
5.950000,-0.024323,-0.002221,-0.019853,-1.106532,0.154436,0.025856
5.960000,-0.024202,-0.002210,-0.019754,-1.106558,0.154109,0.025727
5.970000,-0.024081,-0.002199,-0.019656,-1.106583,0.153783,0.025599
5.980000,-0.023961,-0.002188,-0.019558,-1.106609,0.153457,0.025471
5.990000,-0.023841,-0.002177,-0.019460,-1.106634,0.153133,0.025344
6.000000,-0.023722,-0.002166,-0.019363,-1.106659,0.152809,0.025217
6.010000,-0.023603,-0.002155,-0.019266,-1.106684,0.152486,0.025091
6.020000,-0.023486,-0.002144,-0.019170,-1.106708,0.152164,0.024966
6.030000,-0.023368,-0.002134,-0.019074,-1.106733,0.151842,0.024841
6.040000,-0.023252,-0.002123,-0.018979,-1.106757,0.151522,0.024717
6.050000,-0.023136,-0.002112,-0.018884,-1.106782,0.151202,0.024594
6.060000,-0.023020,-0.002102,-0.018790,-1.106806,0.150882,0.024471
6.070000,-0.022905,-0.002091,-0.018696,-1.106830,0.150564,0.024349
6.080000,-0.022791,-0.002081,-0.018603,-1.106853,0.150246,0.024227
6.090000,-0.022677,-0.002071,-0.018510,-1.106877,0.149929,0.024106
6.100000,-0.022564,-0.002060,-0.018418,-1.106900,0.149613,0.023986
6.110000,-0.022451,-0.002050,-0.018326,-1.106924,0.149297,0.023866
6.120000,-0.022339,-0.002040,-0.018234,-1.106947,0.148982,0.023747
6.130000,-0.022227,-0.002030,-0.018143,-1.106970,0.148668,0.023628
6.140000,-0.022116,-0.002020,-0.018053,-1.106993,0.148355,0.023510
6.150000,-0.022006,-0.002009,-0.017963,-1.107015,0.148042,0.023393
6.160000,-0.021896,-0.001999,-0.017873,-1.107038,0.147731,0.023276
6.170000,-0.021787,-0.001989,-0.017784,-1.107060,0.147419,0.023160
6.180000,-0.021678,-0.001980,-0.017695,-1.107083,0.147109,0.023044
6.190000,-0.021570,-0.001970,-0.017607,-1.107105,0.146799,0.022929
6.200000,-0.021462,-0.001960,-0.017519,-1.107127,0.146490,0.022815
6.210000,-0.021355,-0.001950,-0.017431,-1.107149,0.146182,0.022701
6.220000,-0.021248,-0.001940,-0.017344,-1.107170,0.145874,0.022588
6.230000,-0.021142,-0.001931,-0.017258,-1.107192,0.145568,0.022475
6.240000,-0.021037,-0.001921,-0.017172,-1.107213,0.145261,0.022363
6.250000,-0.020932,-0.001911,-0.017086,-1.107235,0.144956,0.022251
6.260000,-0.020827,-0.001902,-0.017001,-1.107256,0.144651,0.022140
6.270000,-0.020723,-0.001892,-0.016916,-1.107277,0.144347,0.022029
6.280000,-0.020620,-0.001883,-0.016831,-1.107298,0.144044,0.021919
6.290000,-0.020517,-0.001874,-0.016747,-1.107318,0.143741,0.021810
6.300000,-0.020415,-0.001864,-0.016664,-1.107339,0.143439,0.021701
6.310000,-0.020313,-0.001855,-0.016581,-1.107359,0.143138,0.021593
6.320000,-0.020211,-0.001846,-0.016498,-1.107380,0.142838,0.021485
6.330000,-0.020110,-0.001837,-0.016415,-1.107400,0.142538,0.021378
6.340000,-0.020010,-0.001827,-0.016334,-1.107420,0.142239,0.021271
6.350000,-0.019910,-0.001818,-0.016252,-1.107440,0.141940,0.021165
6.360000,-0.019811,-0.001809,-0.016171,-1.107460,0.141642,0.021059
6.370000,-0.019712,-0.001800,-0.016090,-1.107480,0.141345,0.020954
6.380000,-0.019614,-0.001791,-0.016010,-1.107499,0.141049,0.020849
6.390000,-0.019516,-0.001782,-0.015930,-1.107519,0.140753,0.020745
6.400000,-0.019418,-0.001773,-0.015851,-1.107538,0.140458,0.020642
6.410000,-0.019321,-0.001764,-0.015771,-1.107557,0.140164,0.020539
6.420000,-0.019225,-0.001756,-0.015693,-1.107576,0.139870,0.020436
6.430000,-0.019129,-0.001747,-0.015614,-1.107595,0.139577,0.020334
6.440000,-0.019033,-0.001738,-0.015536,-1.107614,0.139284,0.020233
6.450000,-0.018938,-0.001730,-0.015459,-1.107633,0.138993,0.020132
6.460000,-0.018844,-0.001721,-0.015382,-1.107651,0.138702,0.020031
6.470000,-0.018750,-0.001712,-0.015305,-1.107670,0.138411,0.019931
6.480000,-0.018656,-0.001704,-0.015229,-1.107688,0.138122,0.019832
6.490000,-0.018563,-0.001695,-0.015153,-1.107706,0.137833,0.019733
6.500000,-0.018470,-0.001687,-0.015077,-1.107724,0.137544,0.019634
6.510000,-0.018378,-0.001678,-0.015002,-1.107742,0.137256,0.019536
6.520000,-0.018287,-0.001670,-0.014927,-1.107760,0.136969,0.019439
6.530000,-0.018195,-0.001662,-0.014852,-1.107778,0.136683,0.019342
6.540000,-0.018105,-0.001653,-0.014778,-1.107796,0.136397,0.019245
6.550000,-0.018014,-0.001645,-0.014705,-1.107813,0.136112,0.019149
6.560000,-0.017924,-0.001637,-0.014631,-1.107830,0.135828,0.019053
6.570000,-0.017835,-0.001629,-0.014558,-1.107848,0.135544,0.018958
6.580000,-0.017746,-0.001621,-0.014486,-1.107865,0.135261,0.018864
6.590000,-0.017657,-0.001613,-0.014413,-1.107882,0.134978,0.018770
6.600000,-0.017569,-0.001605,-0.014341,-1.107899,0.134696,0.018676
6.610000,-0.017481,-0.001597,-0.014270,-1.107916,0.134415,0.018583
6.620000,-0.017394,-0.001589,-0.014199,-1.107933,0.134134,0.018490
6.630000,-0.017307,-0.001581,-0.014128,-1.107949,0.133854,0.018398
6.640000,-0.017221,-0.001573,-0.014057,-1.107966,0.133575,0.018306
6.650000,-0.017135,-0.001565,-0.013987,-1.107982,0.133296,0.018215
6.660000,-0.017050,-0.001557,-0.013917,-1.107999,0.133018,0.018124
6.670000,-0.016964,-0.001549,-0.013848,-1.108015,0.132741,0.018033
6.680000,-0.016880,-0.001542,-0.013779,-1.108031,0.132464,0.017943
6.690000,-0.016796,-0.001534,-0.013710,-1.108047,0.132188,0.017854
6.700000,-0.016712,-0.001526,-0.013642,-1.108063,0.131912,0.017765
6.710000,-0.016628,-0.001519,-0.013574,-1.108079,0.131637,0.017676
6.720000,-0.016545,-0.001511,-0.013506,-1.108094,0.131363,0.017588
6.730000,-0.016463,-0.001504,-0.013438,-1.108110,0.131089,0.017500
6.740000,-0.016381,-0.001496,-0.013371,-1.108125,0.130816,0.017413
6.750000,-0.016299,-0.001489,-0.013305,-1.108141,0.130543,0.017326
6.760000,-0.016218,-0.001481,-0.013238,-1.108156,0.130272,0.017239
6.770000,-0.016137,-0.001474,-0.013172,-1.108171,0.130000,0.017153
6.780000,-0.016056,-0.001466,-0.013106,-1.108186,0.129730,0.017068
6.790000,-0.015976,-0.001459,-0.013041,-1.108201,0.129460,0.016982
6.800000,-0.015896,-0.001452,-0.012976,-1.108216,0.129190,0.016898
6.810000,-0.015817,-0.001445,-0.012911,-1.108231,0.128921,0.016813
6.820000,-0.015738,-0.001437,-0.012847,-1.108246,0.128653,0.016729
6.830000,-0.015660,-0.001430,-0.012783,-1.108260,0.128386,0.016646
6.840000,-0.015581,-0.001423,-0.012719,-1.108275,0.128119,0.016563
6.850000,-0.015504,-0.001416,-0.012655,-1.108289,0.127852,0.016480
6.860000,-0.015426,-0.001409,-0.012592,-1.108304,0.127586,0.016398
6.870000,-0.015349,-0.001402,-0.012530,-1.108318,0.127321,0.016316
6.880000,-0.015273,-0.001395,-0.012467,-1.108332,0.127056,0.016235
6.890000,-0.015196,-0.001388,-0.012405,-1.108346,0.126792,0.016154
6.900000,-0.015121,-0.001381,-0.012343,-1.108360,0.126529,0.016073
6.910000,-0.015045,-0.001374,-0.012281,-1.108374,0.126266,0.015993
6.920000,-0.014970,-0.001367,-0.012220,-1.108388,0.126004,0.015913
6.930000,-0.014895,-0.001361,-0.012159,-1.108402,0.125742,0.015834
6.940000,-0.014821,-0.001354,-0.012098,-1.108415,0.125481,0.015755
6.950000,-0.014747,-0.001347,-0.012038,-1.108429,0.125220,0.015676
6.960000,-0.014674,-0.001340,-0.011978,-1.108442,0.124960,0.015598
6.970000,-0.014600,-0.001334,-0.011918,-1.108456,0.124701,0.015520
6.980000,-0.014528,-0.001327,-0.011859,-1.108469,0.124442,0.015443
6.990000,-0.014455,-0.001320,-0.011800,-1.108482,0.124184,0.015365
7.000000,-0.014383,-0.001314,-0.011741,-1.108495,0.123927,0.015289
7.010000,-0.014311,-0.001307,-0.011682,-1.108508,0.123669,0.015213
7.020000,-0.014240,-0.001301,-0.011624,-1.108521,0.123413,0.015137
7.030000,-0.014169,-0.001294,-0.011566,-1.108534,0.123157,0.015061
7.040000,-0.014098,-0.001288,-0.011508,-1.108547,0.122902,0.014986
7.050000,-0.014028,-0.001281,-0.011451,-1.108559,0.122647,0.014911
7.060000,-0.013958,-0.001275,-0.011394,-1.108572,0.122393,0.014837
7.070000,-0.013888,-0.001269,-0.011337,-1.108584,0.122139,0.014763
7.080000,-0.013819,-0.001262,-0.011280,-1.108597,0.121886,0.014689
7.090000,-0.013750,-0.001256,-0.011224,-1.108609,0.121633,0.014616
7.100000,-0.013681,-0.001250,-0.011168,-1.108621,0.121381,0.014543
7.110000,-0.013613,-0.001243,-0.011112,-1.108634,0.121130,0.014470
7.120000,-0.013545,-0.001237,-0.011057,-1.108646,0.120879,0.014398
7.130000,-0.013477,-0.001231,-0.011002,-1.108658,0.120629,0.014326
7.140000,-0.013410,-0.001225,-0.010947,-1.108670,0.120379,0.014255
7.150000,-0.013343,-0.001219,-0.010892,-1.108682,0.120130,0.014184
7.160000,-0.013277,-0.001213,-0.010838,-1.108693,0.119881,0.014113
7.170000,-0.013210,-0.001207,-0.010784,-1.108705,0.119633,0.014042
7.180000,-0.013145,-0.001201,-0.010730,-1.108717,0.119386,0.013972
7.190000,-0.013079,-0.001195,-0.010676,-1.108728,0.119139,0.013903
7.200000,-0.013014,-0.001189,-0.010623,-1.108740,0.118892,0.013833
7.210000,-0.012949,-0.001183,-0.010570,-1.108751,0.118646,0.013764
7.220000,-0.012884,-0.001177,-0.010517,-1.108763,0.118401,0.013696
7.230000,-0.012820,-0.001171,-0.010465,-1.108774,0.118156,0.013627
7.240000,-0.012756,-0.001165,-0.010413,-1.108785,0.117912,0.013559
7.250000,-0.012692,-0.001159,-0.010361,-1.108796,0.117668,0.013492
7.260000,-0.012629,-0.001154,-0.010309,-1.108807,0.117425,0.013424
7.270000,-0.012566,-0.001148,-0.010258,-1.108818,0.117182,0.013357
7.280000,-0.012503,-0.001142,-0.010206,-1.108829,0.116940,0.013291
7.290000,-0.012441,-0.001136,-0.010156,-1.108840,0.116699,0.013224
7.300000,-0.012379,-0.001131,-0.010105,-1.108851,0.116458,0.013158
7.310000,-0.012317,-0.001125,-0.010054,-1.108862,0.116217,0.013093
7.320000,-0.012256,-0.001119,-0.010004,-1.108872,0.115977,0.013027
7.330000,-0.012194,-0.001114,-0.009954,-1.108883,0.115738,0.012962
7.340000,-0.012134,-0.001108,-0.009905,-1.108893,0.115499,0.012898
7.350000,-0.012073,-0.001103,-0.009855,-1.108904,0.115260,0.012833
7.360000,-0.012013,-0.001097,-0.009806,-1.108914,0.115022,0.012769
7.370000,-0.011953,-0.001092,-0.009757,-1.108925,0.114785,0.012706
7.380000,-0.011893,-0.001086,-0.009709,-1.108935,0.114548,0.012642
7.390000,-0.011834,-0.001081,-0.009660,-1.108945,0.114312,0.012579
7.400000,-0.011775,-0.001076,-0.009612,-1.108955,0.114076,0.012516
7.410000,-0.011716,-0.001070,-0.009564,-1.108965,0.113841,0.012454
7.420000,-0.011658,-0.001065,-0.009516,-1.108975,0.113606,0.012392
7.430000,-0.011600,-0.001060,-0.009469,-1.108985,0.113372,0.012330
7.440000,-0.011542,-0.001054,-0.009422,-1.108995,0.113138,0.012269
7.450000,-0.011484,-0.001049,-0.009375,-1.109005,0.112905,0.012207
7.460000,-0.011427,-0.001044,-0.009328,-1.109014,0.112672,0.012146
7.470000,-0.011370,-0.001039,-0.009281,-1.109024,0.112440,0.012086
7.480000,-0.011313,-0.001033,-0.009235,-1.109034,0.112208,0.012026
7.490000,-0.011257,-0.001028,-0.009189,-1.109043,0.111977,0.011966
7.500000,-0.011201,-0.001023,-0.009143,-1.109053,0.111746,0.011906
7.510000,-0.011145,-0.001018,-0.009097,-1.109062,0.111516,0.011846
7.520000,-0.011089,-0.001013,-0.009052,-1.109071,0.111286,0.011787
7.530000,-0.011034,-0.001008,-0.009007,-1.109081,0.111057,0.011729
7.540000,-0.010979,-0.001003,-0.008962,-1.109090,0.110828,0.011670
7.550000,-0.010924,-0.000998,-0.008917,-1.109099,0.110600,0.011612
7.560000,-0.010869,-0.000993,-0.008873,-1.109108,0.110372,0.011554
7.570000,-0.010815,-0.000988,-0.008829,-1.109117,0.110145,0.011496
7.580000,-0.010761,-0.000983,-0.008785,-1.109126,0.109918,0.011439
7.590000,-0.010708,-0.000978,-0.008741,-1.109135,0.109692,0.011382
7.600000,-0.010654,-0.000973,-0.008697,-1.109144,0.109466,0.011325
7.610000,-0.010601,-0.000968,-0.008654,-1.109153,0.109241,0.011269
7.620000,-0.010548,-0.000964,-0.008611,-1.109162,0.109017,0.011212
7.630000,-0.010495,-0.000959,-0.008568,-1.109170,0.108792,0.011156
7.640000,-0.010443,-0.000954,-0.008525,-1.109179,0.108568,0.011101
7.650000,-0.010391,-0.000949,-0.008482,-1.109188,0.108345,0.011045
7.660000,-0.010339,-0.000944,-0.008440,-1.109196,0.108122,0.010990
7.670000,-0.010288,-0.000940,-0.008398,-1.109205,0.107900,0.010935
7.680000,-0.010236,-0.000935,-0.008356,-1.109213,0.107678,0.010881
7.690000,-0.010185,-0.000930,-0.008314,-1.109221,0.107457,0.010827
7.700000,-0.010134,-0.000926,-0.008273,-1.109230,0.107236,0.010773
7.710000,-0.010084,-0.000921,-0.008232,-1.109238,0.107016,0.010719
7.720000,-0.010034,-0.000917,-0.008191,-1.109246,0.106796,0.010665
7.730000,-0.009983,-0.000912,-0.008150,-1.109254,0.106576,0.010612
7.740000,-0.009934,-0.000907,-0.008109,-1.109263,0.106357,0.010559
7.750000,-0.009884,-0.000903,-0.008069,-1.109271,0.106139,0.010507
7.760000,-0.009835,-0.000898,-0.008028,-1.109279,0.105921,0.010454
7.770000,-0.009786,-0.000894,-0.007988,-1.109287,0.105703,0.010402
7.780000,-0.009737,-0.000889,-0.007948,-1.109295,0.105486,0.010350
7.790000,-0.009688,-0.000885,-0.007909,-1.109302,0.105270,0.010298
7.800000,-0.009640,-0.000881,-0.007869,-1.109310,0.105054,0.010247
7.810000,-0.009592,-0.000876,-0.007830,-1.109318,0.104838,0.010196
7.820000,-0.009544,-0.000872,-0.007791,-1.109326,0.104623,0.010145
7.830000,-0.009497,-0.000868,-0.007752,-1.109333,0.104408,0.010094
7.840000,-0.009449,-0.000863,-0.007713,-1.109341,0.104194,0.010044
7.850000,-0.009402,-0.000859,-0.007675,-1.109348,0.103980,0.009994
7.860000,-0.009355,-0.000855,-0.007637,-1.109356,0.103767,0.009944
7.870000,-0.009308,-0.000850,-0.007599,-1.109363,0.103554,0.009895
7.880000,-0.009262,-0.000846,-0.007561,-1.109371,0.103341,0.009845
7.890000,-0.009216,-0.000842,-0.007523,-1.109378,0.103129,0.009796
7.900000,-0.009170,-0.000838,-0.007485,-1.109385,0.102918,0.009747
7.910000,-0.009124,-0.000833,-0.007448,-1.109393,0.102707,0.009699
7.920000,-0.009079,-0.000829,-0.007411,-1.109400,0.102496,0.009650
7.930000,-0.009033,-0.000825,-0.007374,-1.109407,0.102286,0.009602
7.940000,-0.008988,-0.000821,-0.007337,-1.109414,0.102076,0.009554
7.950000,-0.008943,-0.000817,-0.007301,-1.109421,0.101867,0.009507
7.960000,-0.008899,-0.000813,-0.007264,-1.109428,0.101658,0.009459
7.970000,-0.008854,-0.000809,-0.007228,-1.109435,0.101450,0.009412
7.980000,-0.008810,-0.000805,-0.007192,-1.109442,0.101242,0.009365
7.990000,-0.008766,-0.000801,-0.007156,-1.109449,0.101035,0.009318
8.000000,-0.008723,-0.000797,-0.007120,-1.109456,0.100828,0.009272
8.010000,-0.008679,-0.000793,-0.007085,-1.109463,0.100621,0.009226
8.020000,-0.008636,-0.000789,-0.007049,-1.109470,0.100415,0.009179
8.030000,-0.008593,-0.000785,-0.007014,-1.109476,0.100209,0.009134
8.040000,-0.008550,-0.000781,-0.006979,-1.109483,0.100004,0.009088
8.050000,-0.008507,-0.000777,-0.006945,-1.109490,0.099799,0.009043
8.060000,-0.008465,-0.000773,-0.006910,-1.109496,0.099595,0.008998
8.070000,-0.008422,-0.000769,-0.006875,-1.109503,0.099391,0.008953
8.080000,-0.008380,-0.000766,-0.006841,-1.109509,0.099188,0.008908
8.090000,-0.008339,-0.000762,-0.006807,-1.109516,0.098985,0.008864
8.100000,-0.008297,-0.000758,-0.006773,-1.109522,0.098782,0.008819
8.110000,-0.008256,-0.000754,-0.006739,-1.109529,0.098580,0.008776
8.120000,-0.008214,-0.000750,-0.006706,-1.109535,0.098378,0.008732
8.130000,-0.008174,-0.000747,-0.006672,-1.109541,0.098177,0.008688
8.140000,-0.008133,-0.000743,-0.006639,-1.109547,0.097976,0.008645
8.150000,-0.008092,-0.000739,-0.006606,-1.109554,0.097776,0.008602
8.160000,-0.008052,-0.000736,-0.006573,-1.109560,0.097576,0.008559
8.170000,-0.008012,-0.000732,-0.006540,-1.109566,0.097376,0.008516
8.180000,-0.007972,-0.000728,-0.006507,-1.109572,0.097177,0.008474
8.190000,-0.007932,-0.000725,-0.006475,-1.109578,0.096978,0.008431
8.200000,-0.007892,-0.000721,-0.006443,-1.109584,0.096780,0.008389
8.210000,-0.007853,-0.000717,-0.006411,-1.109590,0.096582,0.008347
8.220000,-0.007814,-0.000714,-0.006379,-1.109596,0.096384,0.008306
8.230000,-0.007775,-0.000710,-0.006347,-1.109602,0.096187,0.008264
8.240000,-0.007736,-0.000707,-0.006315,-1.109608,0.095991,0.008223
8.250000,-0.007697,-0.000703,-0.006284,-1.109614,0.095795,0.008182
8.260000,-0.007659,-0.000700,-0.006252,-1.109619,0.095599,0.008141
8.270000,-0.007621,-0.000696,-0.006221,-1.109625,0.095404,0.008101
8.280000,-0.007583,-0.000693,-0.006190,-1.109631,0.095209,0.008060
8.290000,-0.007545,-0.000689,-0.006159,-1.109637,0.095014,0.008020
8.300000,-0.007507,-0.000686,-0.006128,-1.109642,0.094820,0.007980
8.310000,-0.007470,-0.000682,-0.006098,-1.109648,0.094626,0.007940
8.320000,-0.007433,-0.000679,-0.006067,-1.109653,0.094433,0.007901
8.330000,-0.007396,-0.000676,-0.006037,-1.109659,0.094240,0.007861
8.340000,-0.007359,-0.000672,-0.006007,-1.109664,0.094048,0.007822
8.350000,-0.007322,-0.000669,-0.005977,-1.109670,0.093856,0.007783
8.360000,-0.007286,-0.000666,-0.005947,-1.109675,0.093664,0.007744
8.370000,-0.007249,-0.000662,-0.005918,-1.109681,0.093473,0.007706
8.380000,-0.007213,-0.000659,-0.005888,-1.109686,0.093282,0.007667
8.390000,-0.007177,-0.000656,-0.005859,-1.109691,0.093092,0.007629
8.400000,-0.007141,-0.000652,-0.005830,-1.109697,0.092902,0.007591
8.410000,-0.007106,-0.000649,-0.005800,-1.109702,0.092712,0.007553
8.420000,-0.007070,-0.000646,-0.005772,-1.109707,0.092523,0.007515
8.430000,-0.007035,-0.000643,-0.005743,-1.109712,0.092334,0.007478
8.440000,-0.007000,-0.000639,-0.005714,-1.109718,0.092146,0.007441
8.450000,-0.006965,-0.000636,-0.005686,-1.109723,0.091958,0.007403
8.460000,-0.006930,-0.000633,-0.005657,-1.109728,0.091770,0.007366
8.470000,-0.006896,-0.000630,-0.005629,-1.109733,0.091583,0.007330
8.480000,-0.006861,-0.000627,-0.005601,-1.109738,0.091396,0.007293
8.490000,-0.006827,-0.000624,-0.005573,-1.109743,0.091210,0.007257
8.500000,-0.006793,-0.000621,-0.005545,-1.109748,0.091024,0.007221
8.510000,-0.006759,-0.000617,-0.005518,-1.109753,0.090838,0.007185
8.520000,-0.006725,-0.000614,-0.005490,-1.109758,0.090653,0.007149
8.530000,-0.006692,-0.000611,-0.005463,-1.109762,0.090468,0.007113
8.540000,-0.006658,-0.000608,-0.005435,-1.109767,0.090283,0.007078
8.550000,-0.006625,-0.000605,-0.005408,-1.109772,0.090099,0.007042
8.560000,-0.006592,-0.000602,-0.005381,-1.109777,0.089916,0.007007
8.570000,-0.006559,-0.000599,-0.005354,-1.109782,0.089732,0.006972
8.580000,-0.006527,-0.000596,-0.005328,-1.109786,0.089550,0.006937
8.590000,-0.006494,-0.000593,-0.005301,-1.109791,0.089367,0.006903
8.600000,-0.006462,-0.000590,-0.005275,-1.109796,0.089185,0.006868
8.610000,-0.006429,-0.000587,-0.005248,-1.109800,0.089003,0.006834
8.620000,-0.006397,-0.000584,-0.005222,-1.109805,0.088822,0.006800
8.630000,-0.006365,-0.000582,-0.005196,-1.109809,0.088641,0.006766
8.640000,-0.006334,-0.000579,-0.005170,-1.109814,0.088460,0.006732
8.650000,-0.006302,-0.000576,-0.005144,-1.109818,0.088280,0.006699
8.660000,-0.006271,-0.000573,-0.005119,-1.109823,0.088100,0.006665
8.670000,-0.006239,-0.000570,-0.005093,-1.109827,0.087921,0.006632
8.680000,-0.006208,-0.000567,-0.005068,-1.109832,0.087742,0.006599
8.690000,-0.006177,-0.000564,-0.005043,-1.109836,0.087563,0.006566
8.700000,-0.006146,-0.000562,-0.005017,-1.109840,0.087385,0.006533
8.710000,-0.006116,-0.000559,-0.004992,-1.109845,0.087207,0.006501
8.720000,-0.006085,-0.000556,-0.004968,-1.109849,0.087030,0.006468
8.730000,-0.006055,-0.000553,-0.004943,-1.109853,0.086852,0.006436
8.740000,-0.006025,-0.000550,-0.004918,-1.109858,0.086676,0.006404
8.750000,-0.005995,-0.000548,-0.004894,-1.109862,0.086499,0.006372
8.760000,-0.005965,-0.000545,-0.004869,-1.109866,0.086323,0.006340
8.770000,-0.005935,-0.000542,-0.004845,-1.109870,0.086147,0.006309
8.780000,-0.005905,-0.000539,-0.004821,-1.109874,0.085972,0.006277
8.790000,-0.005876,-0.000537,-0.004797,-1.109878,0.085797,0.006246
8.800000,-0.005847,-0.000534,-0.004773,-1.109883,0.085623,0.006215
8.810000,-0.005817,-0.000531,-0.004749,-1.109887,0.085448,0.006184
8.820000,-0.005788,-0.000529,-0.004725,-1.109891,0.085275,0.006153
8.830000,-0.005760,-0.000526,-0.004702,-1.109895,0.085101,0.006122
8.840000,-0.005731,-0.000524,-0.004678,-1.109899,0.084928,0.006092
8.850000,-0.005702,-0.000521,-0.004655,-1.109903,0.084755,0.006061
8.860000,-0.005674,-0.000518,-0.004632,-1.109906,0.084583,0.006031
8.870000,-0.005646,-0.000516,-0.004609,-1.109910,0.084411,0.006001
8.880000,-0.005617,-0.000513,-0.004586,-1.109914,0.084239,0.005971
8.890000,-0.005589,-0.000511,-0.004563,-1.109918,0.084068,0.005941
8.900000,-0.005561,-0.000508,-0.004540,-1.109922,0.083897,0.005912
8.910000,-0.005534,-0.000506,-0.004517,-1.109926,0.083727,0.005882
8.920000,-0.005506,-0.000503,-0.004495,-1.109930,0.083556,0.005853
8.930000,-0.005479,-0.000501,-0.004472,-1.109933,0.083386,0.005824
8.940000,-0.005451,-0.000498,-0.004450,-1.109937,0.083217,0.005795
8.950000,-0.005424,-0.000496,-0.004428,-1.109941,0.083048,0.005766
8.960000,-0.005397,-0.000493,-0.004406,-1.109944,0.082879,0.005737
8.970000,-0.005370,-0.000491,-0.004384,-1.109948,0.082711,0.005708
8.980000,-0.005343,-0.000488,-0.004362,-1.109952,0.082543,0.005680
8.990000,-0.005317,-0.000486,-0.004340,-1.109955,0.082375,0.005651
9.000000,-0.005290,-0.000483,-0.004319,-1.109959,0.082207,0.005623
9.010000,-0.005264,-0.000481,-0.004297,-1.109962,0.082040,0.005595
9.020000,-0.005238,-0.000478,-0.004276,-1.109966,0.081874,0.005567
9.030000,-0.005211,-0.000476,-0.004254,-1.109969,0.081708,0.005540
9.040000,-0.005185,-0.000474,-0.004233,-1.109973,0.081542,0.005512
9.050000,-0.005160,-0.000471,-0.004212,-1.109976,0.081376,0.005484
9.060000,-0.005134,-0.000469,-0.004191,-1.109980,0.081211,0.005457
9.070000,-0.005108,-0.000467,-0.004170,-1.109983,0.081046,0.005430
9.080000,-0.005083,-0.000464,-0.004149,-1.109987,0.080881,0.005403
9.090000,-0.005057,-0.000462,-0.004129,-1.109990,0.080717,0.005376
9.100000,-0.005032,-0.000460,-0.004108,-1.109993,0.080553,0.005349
9.110000,-0.005007,-0.000457,-0.004087,-1.109997,0.080389,0.005322
9.120000,-0.004982,-0.000455,-0.004067,-1.110000,0.080226,0.005296
9.130000,-0.004957,-0.000453,-0.004047,-1.110003,0.080063,0.005269
9.140000,-0.004933,-0.000451,-0.004027,-1.110007,0.079901,0.005243
9.150000,-0.004908,-0.000448,-0.004006,-1.110010,0.079739,0.005217
9.160000,-0.004883,-0.000446,-0.003987,-1.110013,0.079577,0.005191
9.170000,-0.004859,-0.000444,-0.003967,-1.110016,0.079415,0.005165
9.180000,-0.004835,-0.000442,-0.003947,-1.110020,0.079254,0.005139
9.190000,-0.004811,-0.000439,-0.003927,-1.110023,0.079093,0.005114
9.200000,-0.004787,-0.000437,-0.003908,-1.110026,0.078933,0.005088
9.210000,-0.004763,-0.000435,-0.003888,-1.110029,0.078773,0.005063
9.220000,-0.004739,-0.000433,-0.003869,-1.110032,0.078613,0.005038
9.230000,-0.004716,-0.000431,-0.003849,-1.110035,0.078453,0.005012
9.240000,-0.004692,-0.000429,-0.003830,-1.110038,0.078294,0.004987
9.250000,-0.004669,-0.000427,-0.003811,-1.110041,0.078135,0.004963
9.260000,-0.004645,-0.000424,-0.003792,-1.110044,0.077977,0.004938
9.270000,-0.004622,-0.000422,-0.003773,-1.110047,0.077819,0.004913
9.280000,-0.004599,-0.000420,-0.003754,-1.110050,0.077661,0.004889
9.290000,-0.004576,-0.000418,-0.003736,-1.110053,0.077504,0.004864
9.300000,-0.004553,-0.000416,-0.003717,-1.110056,0.077346,0.004840
9.310000,-0.004531,-0.000414,-0.003698,-1.110059,0.077189,0.004816
9.320000,-0.004508,-0.000412,-0.003680,-1.110062,0.077033,0.004792
9.330000,-0.004486,-0.000410,-0.003662,-1.110065,0.076877,0.004768
9.340000,-0.004463,-0.000408,-0.003643,-1.110068,0.076721,0.004744
9.350000,-0.004441,-0.000406,-0.003625,-1.110071,0.076565,0.004720
9.360000,-0.004419,-0.000404,-0.003607,-1.110074,0.076410,0.004697
9.370000,-0.004397,-0.000402,-0.003589,-1.110076,0.076255,0.004674
9.380000,-0.004375,-0.000400,-0.003571,-1.110079,0.076101,0.004650
9.390000,-0.004353,-0.000398,-0.003553,-1.110082,0.075946,0.004627
9.400000,-0.004331,-0.000396,-0.003536,-1.110085,0.075793,0.004604
9.410000,-0.004310,-0.000394,-0.003518,-1.110088,0.075639,0.004581
9.420000,-0.004288,-0.000392,-0.003501,-1.110090,0.075486,0.004558
9.430000,-0.004267,-0.000390,-0.003483,-1.110093,0.075333,0.004535
9.440000,-0.004245,-0.000388,-0.003466,-1.110096,0.075180,0.004513
9.450000,-0.004224,-0.000386,-0.003448,-1.110098,0.075028,0.004490
9.460000,-0.004203,-0.000384,-0.003431,-1.110101,0.074876,0.004468
9.470000,-0.004182,-0.000382,-0.003414,-1.110104,0.074724,0.004446
9.480000,-0.004161,-0.000380,-0.003397,-1.110106,0.074573,0.004423
9.490000,-0.004141,-0.000378,-0.003380,-1.110109,0.074422,0.004401
9.500000,-0.004120,-0.000376,-0.003363,-1.110112,0.074271,0.004379
9.510000,-0.004099,-0.000375,-0.003346,-1.110114,0.074120,0.004358
9.520000,-0.004079,-0.000373,-0.003330,-1.110117,0.073970,0.004336
9.530000,-0.004059,-0.000371,-0.003313,-1.110119,0.073821,0.004314
9.540000,-0.004038,-0.000369,-0.003297,-1.110122,0.073671,0.004293
9.550000,-0.004018,-0.000367,-0.003280,-1.110124,0.073522,0.004271
9.560000,-0.003998,-0.000365,-0.003264,-1.110127,0.073373,0.004250
9.570000,-0.003978,-0.000363,-0.003248,-1.110129,0.073224,0.004229
9.580000,-0.003958,-0.000362,-0.003231,-1.110132,0.073076,0.004208
9.590000,-0.003939,-0.000360,-0.003215,-1.110134,0.072928,0.004187
9.600000,-0.003919,-0.000358,-0.003199,-1.110137,0.072781,0.004166
9.610000,-0.003899,-0.000356,-0.003183,-1.110139,0.072633,0.004145
9.620000,-0.003880,-0.000354,-0.003167,-1.110141,0.072486,0.004124
9.630000,-0.003861,-0.000353,-0.003152,-1.110144,0.072339,0.004104
9.640000,-0.003841,-0.000351,-0.003136,-1.110146,0.072193,0.004083
9.650000,-0.003822,-0.000349,-0.003120,-1.110148,0.072047,0.004063
9.660000,-0.003803,-0.000347,-0.003105,-1.110151,0.071901,0.004043
9.670000,-0.003784,-0.000346,-0.003089,-1.110153,0.071756,0.004022
9.680000,-0.003765,-0.000344,-0.003074,-1.110155,0.071610,0.004002
9.690000,-0.003747,-0.000342,-0.003058,-1.110158,0.071466,0.003982
9.700000,-0.003728,-0.000341,-0.003043,-1.110160,0.071321,0.003963
9.710000,-0.003709,-0.000339,-0.003028,-1.110162,0.071177,0.003943
9.720000,-0.003691,-0.000337,-0.003013,-1.110165,0.071033,0.003923
9.730000,-0.003672,-0.000335,-0.002998,-1.110167,0.070889,0.003904
9.740000,-0.003654,-0.000334,-0.002983,-1.110169,0.070746,0.003884
9.750000,-0.003636,-0.000332,-0.002968,-1.110171,0.070602,0.003865
9.760000,-0.003618,-0.000331,-0.002953,-1.110173,0.070460,0.003845
9.770000,-0.003600,-0.000329,-0.002939,-1.110176,0.070317,0.003826
9.780000,-0.003582,-0.000327,-0.002924,-1.110178,0.070175,0.003807
9.790000,-0.003564,-0.000326,-0.002909,-1.110180,0.070033,0.003788
9.800000,-0.003546,-0.000324,-0.002895,-1.110182,0.069891,0.003769
9.810000,-0.003528,-0.000322,-0.002880,-1.110184,0.069750,0.003751
9.820000,-0.003511,-0.000321,-0.002866,-1.110186,0.069609,0.003732
9.830000,-0.003493,-0.000319,-0.002852,-1.110188,0.069468,0.003713
9.840000,-0.003476,-0.000318,-0.002837,-1.110190,0.069328,0.003695
9.850000,-0.003459,-0.000316,-0.002823,-1.110192,0.069187,0.003676
9.860000,-0.003441,-0.000314,-0.002809,-1.110195,0.069048,0.003658
9.870000,-0.003424,-0.000313,-0.002795,-1.110197,0.068908,0.003640
9.880000,-0.003407,-0.000311,-0.002781,-1.110199,0.068769,0.003622
9.890000,-0.003390,-0.000310,-0.002767,-1.110201,0.068630,0.003603
9.900000,-0.003373,-0.000308,-0.002754,-1.110203,0.068491,0.003586
9.910000,-0.003356,-0.000307,-0.002740,-1.110205,0.068353,0.003568
9.920000,-0.003340,-0.000305,-0.002726,-1.110207,0.068214,0.003550
9.930000,-0.003323,-0.000304,-0.002713,-1.110209,0.068076,0.003532
9.940000,-0.003306,-0.000302,-0.002699,-1.110210,0.067939,0.003515
9.950000,-0.003290,-0.000301,-0.002686,-1.110212,0.067802,0.003497
9.960000,-0.003273,-0.000299,-0.002672,-1.110214,0.067665,0.003480
9.970000,-0.003257,-0.000298,-0.002659,-1.110216,0.067528,0.003462
9.980000,-0.003241,-0.000296,-0.002646,-1.110218,0.067391,0.003445
9.990000,-0.003225,-0.000295,-0.002632,-1.110220,0.067255,0.003428
10.000000,-0.003209,-0.000293,-0.002619,-1.110222,0.067119,0.003411
