0.000000,-0.393100,-0.909481,0.925604,-0.723910,-0.206304,0.117947
0.010000,-0.390540,-0.898540,0.924331,-0.726203,-0.205849,0.117343
0.020000,-0.388003,-0.887858,0.923034,-0.728483,-0.205394,0.116742
0.030000,-0.385491,-0.877428,0.921712,-0.730751,-0.204941,0.116144
0.040000,-0.383003,-0.867239,0.920367,-0.733006,-0.204489,0.115549
0.050000,-0.380537,-0.857282,0.918997,-0.735250,-0.204038,0.114957
0.060000,-0.378095,-0.847550,0.917604,-0.737482,-0.203589,0.114369
0.070000,-0.375675,-0.838034,0.916188,-0.739702,-0.203140,0.113784
0.080000,-0.373278,-0.828727,0.914750,-0.741910,-0.202693,0.113202
0.090000,-0.370902,-0.819620,0.913288,-0.744106,-0.202247,0.112623
0.100000,-0.368548,-0.810708,0.911804,-0.746291,-0.201802,0.112047
0.110000,-0.366215,-0.801984,0.910298,-0.748463,-0.201358,0.111474
0.120000,-0.363904,-0.793441,0.908770,-0.750624,-0.200915,0.110904
0.130000,-0.361612,-0.785073,0.907221,-0.752773,-0.200474,0.110338
0.140000,-0.359342,-0.776875,0.905651,-0.754911,-0.200033,0.109774
0.150000,-0.357091,-0.768840,0.904059,-0.757037,-0.199594,0.109213
0.160000,-0.354860,-0.760964,0.902447,-0.759152,-0.199156,0.108656
0.170000,-0.352648,-0.753242,0.900815,-0.761255,-0.198719,0.108101
0.180000,-0.350456,-0.745669,0.899163,-0.763346,-0.198283,0.107550
0.190000,-0.348283,-0.738239,0.897490,-0.765426,-0.197848,0.107001
0.200000,-0.346128,-0.730949,0.895799,-0.767495,-0.197415,0.106455
0.210000,-0.343992,-0.723795,0.894088,-0.769553,-0.196982,0.105912
0.220000,-0.341874,-0.716771,0.892358,-0.771599,-0.196551,0.105372
0.230000,-0.339774,-0.709875,0.890609,-0.773635,-0.196120,0.104835
0.240000,-0.337692,-0.703103,0.888842,-0.775659,-0.195691,0.104301
0.250000,-0.335627,-0.696450,0.887056,-0.777672,-0.195263,0.103769
0.260000,-0.333579,-0.689914,0.885253,-0.779673,-0.194836,0.103241
0.270000,-0.331549,-0.683491,0.883432,-0.781664,-0.194410,0.102715
0.280000,-0.329535,-0.677178,0.881594,-0.783644,-0.193986,0.102192
0.290000,-0.327538,-0.670972,0.879739,-0.785613,-0.193562,0.101672
0.300000,-0.325557,-0.664869,0.877867,-0.787571,-0.193139,0.101154
0.310000,-0.323592,-0.658867,0.875978,-0.789519,-0.192718,0.100639
0.320000,-0.321643,-0.652964,0.874073,-0.791455,-0.192297,0.100127
0.330000,-0.319710,-0.647156,0.872152,-0.793381,-0.191878,0.099618
0.340000,-0.317792,-0.641441,0.870215,-0.795296,-0.191460,0.099111
0.350000,-0.315890,-0.635817,0.868263,-0.797201,-0.191042,0.098607
0.360000,-0.314003,-0.630281,0.866296,-0.799094,-0.190626,0.098106
0.370000,-0.312131,-0.624831,0.864313,-0.800978,-0.190211,0.097608
0.380000,-0.310273,-0.619465,0.862316,-0.802851,-0.189797,0.097111
0.390000,-0.308431,-0.614180,0.860304,-0.804713,-0.189384,0.096618
0.400000,-0.306602,-0.608974,0.858279,-0.806565,-0.188972,0.096127
0.410000,-0.304788,-0.603847,0.856239,-0.808407,-0.188561,0.095639
0.420000,-0.302988,-0.598795,0.854185,-0.810238,-0.188151,0.095153
0.430000,-0.301202,-0.593816,0.852118,-0.812059,-0.187742,0.094670
0.440000,-0.299429,-0.588910,0.850038,-0.813870,-0.187334,0.094190
0.450000,-0.297671,-0.584074,0.847945,-0.815670,-0.186927,0.093712
0.460000,-0.295925,-0.579306,0.845840,-0.817461,-0.186522,0.093236
0.470000,-0.294193,-0.574606,0.843721,-0.819241,-0.186117,0.092763
0.480000,-0.292474,-0.569971,0.841591,-0.821012,-0.185713,0.092293
0.490000,-0.290768,-0.565400,0.839449,-0.822772,-0.185310,0.091824
0.500000,-0.289075,-0.560891,0.837294,-0.824522,-0.184908,0.091359
0.510000,-0.287394,-0.556443,0.835129,-0.826263,-0.184508,0.090896
0.520000,-0.285726,-0.552055,0.832952,-0.827994,-0.184108,0.090435
0.530000,-0.284070,-0.547726,0.830764,-0.829715,-0.183709,0.089976
0.540000,-0.282427,-0.543453,0.828566,-0.831426,-0.183311,0.089520
0.550000,-0.280795,-0.539236,0.826356,-0.833127,-0.182915,0.089067
0.560000,-0.279176,-0.535074,0.824137,-0.834819,-0.182519,0.088616
0.570000,-0.277568,-0.530965,0.821908,-0.836501,-0.182124,0.088167
0.580000,-0.275972,-0.526909,0.819668,-0.838174,-0.181730,0.087720
0.590000,-0.274388,-0.522904,0.817419,-0.839837,-0.181338,0.087276
0.600000,-0.272815,-0.518949,0.815161,-0.841490,-0.180946,0.086834
0.610000,-0.271254,-0.515042,0.812893,-0.843134,-0.180555,0.086395
0.620000,-0.269704,-0.511185,0.810617,-0.844769,-0.180165,0.085957
0.630000,-0.268164,-0.507374,0.808332,-0.846394,-0.179776,0.085522
0.640000,-0.266636,-0.503609,0.806038,-0.848010,-0.179388,0.085090
0.650000,-0.265119,-0.499889,0.803736,-0.849617,-0.179001,0.084659
0.660000,-0.263612,-0.496214,0.801426,-0.851214,-0.178615,0.084231
0.670000,-0.262116,-0.492582,0.799108,-0.852803,-0.178230,0.083805
0.680000,-0.260631,-0.488993,0.796783,-0.854382,-0.177846,0.083381
0.690000,-0.259156,-0.485446,0.794450,-0.855952,-0.177463,0.082959
0.700000,-0.257691,-0.481939,0.792109,-0.857513,-0.177080,0.082540
0.710000,-0.256237,-0.478473,0.789762,-0.859065,-0.176699,0.082123
0.720000,-0.254792,-0.475046,0.787408,-0.860608,-0.176319,0.081708
0.730000,-0.253358,-0.471658,0.785048,-0.862143,-0.175939,0.081295
0.740000,-0.251933,-0.468308,0.782681,-0.863668,-0.175561,0.080884
0.750000,-0.250519,-0.464995,0.780308,-0.865184,-0.175183,0.080475
0.760000,-0.249114,-0.461718,0.777929,-0.866692,-0.174806,0.080069
0.770000,-0.247718,-0.458478,0.775544,-0.868191,-0.174431,0.079664
0.780000,-0.246333,-0.455273,0.773153,-0.869681,-0.174056,0.079262
0.790000,-0.244956,-0.452102,0.770757,-0.871163,-0.173682,0.078862
0.800000,-0.243589,-0.448966,0.768356,-0.872636,-0.173309,0.078464
0.810000,-0.242231,-0.445863,0.765950,-0.874101,-0.172937,0.078068
0.820000,-0.240882,-0.442792,0.763539,-0.875557,-0.172566,0.077673
0.830000,-0.239543,-0.439754,0.761123,-0.877004,-0.172196,0.077281
0.840000,-0.238212,-0.436748,0.758703,-0.878443,-0.171826,0.076891
0.850000,-0.236890,-0.433773,0.756279,-0.879874,-0.171458,0.076503
0.860000,-0.235577,-0.430829,0.753850,-0.881296,-0.171090,0.076117
0.870000,-0.234273,-0.427914,0.751418,-0.882710,-0.170724,0.075733
0.880000,-0.232977,-0.425029,0.748981,-0.884116,-0.170358,0.075351
0.890000,-0.231690,-0.422174,0.746542,-0.885514,-0.169993,0.074971
0.900000,-0.230412,-0.419347,0.744099,-0.886903,-0.169629,0.074593
0.910000,-0.229141,-0.416548,0.741652,-0.888284,-0.169266,0.074217
0.920000,-0.227880,-0.413777,0.739203,-0.889657,-0.168904,0.073843
0.930000,-0.226626,-0.411034,0.736751,-0.891022,-0.168542,0.073471
0.940000,-0.225380,-0.408317,0.734296,-0.892379,-0.168182,0.073100
0.950000,-0.224143,-0.405626,0.731838,-0.893728,-0.167822,0.072732
0.960000,-0.222914,-0.402962,0.729378,-0.895070,-0.167464,0.072365
0.970000,-0.221692,-0.400323,0.726916,-0.896403,-0.167106,0.072001
0.980000,-0.220479,-0.397709,0.724452,-0.897728,-0.166749,0.071638
0.990000,-0.219273,-0.395121,0.721986,-0.899046,-0.166393,0.071277
1.000000,-0.218075,-0.392556,0.719518,-0.900356,-0.166037,0.070918
1.010000,-0.216885,-0.390016,0.717049,-0.901658,-0.165683,0.070561
1.020000,-0.215702,-0.387499,0.714578,-0.902952,-0.165329,0.070205
1.030000,-0.214527,-0.385006,0.712106,-0.904239,-0.164976,0.069852
1.040000,-0.213360,-0.382536,0.709633,-0.905518,-0.164625,0.069500
1.050000,-0.212199,-0.380088,0.707159,-0.906790,-0.164274,0.069150
1.060000,-0.211047,-0.377663,0.704684,-0.908054,-0.163923,0.068802
1.070000,-0.209901,-0.375259,0.702208,-0.909310,-0.163574,0.068455
1.080000,-0.208763,-0.372878,0.699732,-0.910559,-0.163226,0.068111
1.090000,-0.207631,-0.370517,0.697255,-0.911801,-0.162878,0.067768
1.100000,-0.206507,-0.368178,0.694778,-0.913035,-0.162531,0.067427
1.110000,-0.205390,-0.365860,0.692301,-0.914262,-0.162185,0.067087
1.120000,-0.204280,-0.363562,0.689824,-0.915482,-0.161840,0.066750
1.130000,-0.203177,-0.361284,0.687347,-0.916694,-0.161495,0.066414
1.140000,-0.202080,-0.359026,0.684870,-0.917900,-0.161152,0.066080
1.150000,-0.200991,-0.356788,0.682394,-0.919098,-0.160809,0.065747
1.160000,-0.199908,-0.354569,0.679918,-0.920289,-0.160467,0.065417
1.170000,-0.198832,-0.352369,0.677443,-0.921473,-0.160126,0.065088
1.180000,-0.197763,-0.350188,0.674969,-0.922649,-0.159786,0.064760
1.190000,-0.196700,-0.348026,0.672495,-0.923819,-0.159446,0.064435
1.200000,-0.195643,-0.345882,0.670023,-0.924982,-0.159108,0.064111
1.210000,-0.194593,-0.343756,0.667552,-0.926138,-0.158770,0.063788
1.220000,-0.193550,-0.341648,0.665082,-0.927287,-0.158433,0.063468
1.230000,-0.192513,-0.339557,0.662613,-0.928429,-0.158096,0.063148
1.240000,-0.191482,-0.337484,0.660146,-0.929564,-0.157761,0.062831
1.250000,-0.190458,-0.335428,0.657681,-0.930692,-0.157426,0.062515
1.260000,-0.189439,-0.333389,0.655217,-0.931814,-0.157092,0.062201
1.270000,-0.188427,-0.331366,0.652755,-0.932929,-0.156759,0.061888
1.280000,-0.187421,-0.329361,0.650295,-0.934037,-0.156427,0.061577
1.290000,-0.186421,-0.327371,0.647837,-0.935139,-0.156096,0.061268
1.300000,-0.185428,-0.325398,0.645382,-0.936233,-0.155765,0.060960
1.310000,-0.184440,-0.323440,0.642928,-0.937322,-0.155435,0.060654
1.320000,-0.183458,-0.321498,0.640477,-0.938404,-0.155106,0.060349
1.330000,-0.182482,-0.319572,0.638029,-0.939479,-0.154777,0.060046
1.340000,-0.181511,-0.317661,0.635583,-0.940548,-0.154450,0.059744
1.350000,-0.180547,-0.315765,0.633139,-0.941610,-0.154123,0.059444
1.360000,-0.179588,-0.313884,0.630699,-0.942666,-0.153797,0.059146
1.370000,-0.178635,-0.312017,0.628261,-0.943716,-0.153471,0.058849
1.380000,-0.177688,-0.310166,0.625826,-0.944759,-0.153147,0.058553
1.390000,-0.176746,-0.308328,0.623395,-0.945796,-0.152823,0.058259
1.400000,-0.175810,-0.306505,0.620966,-0.946827,-0.152500,0.057967
1.410000,-0.174879,-0.304696,0.618541,-0.947852,-0.152178,0.057675
1.420000,-0.173954,-0.302901,0.616119,-0.948870,-0.151856,0.057386
1.430000,-0.173034,-0.301120,0.613701,-0.949882,-0.151535,0.057098
1.440000,-0.172120,-0.299352,0.611286,-0.950888,-0.151215,0.056811
1.450000,-0.171211,-0.297598,0.608874,-0.951888,-0.150896,0.056526
1.460000,-0.170308,-0.295857,0.606466,-0.952882,-0.150577,0.056242
1.470000,-0.169409,-0.294129,0.604062,-0.953870,-0.150260,0.055960
1.480000,-0.168516,-0.292414,0.601662,-0.954852,-0.149943,0.055679
1.490000,-0.167628,-0.290712,0.599266,-0.955828,-0.149626,0.055400
1.500000,-0.166746,-0.289022,0.596873,-0.956798,-0.149311,0.055122
1.510000,-0.165868,-0.287345,0.594485,-0.957762,-0.148996,0.054845
1.520000,-0.164996,-0.285681,0.592101,-0.958721,-0.148682,0.054570
1.530000,-0.164128,-0.284028,0.589721,-0.959673,-0.148368,0.054296
1.540000,-0.163266,-0.282388,0.587345,-0.960620,-0.148056,0.054024
1.550000,-0.162409,-0.280760,0.584974,-0.961561,-0.147744,0.053753
1.560000,-0.161556,-0.279144,0.582607,-0.962496,-0.147433,0.053483
1.570000,-0.160709,-0.277539,0.580245,-0.963425,-0.147122,0.053215
1.580000,-0.159866,-0.275946,0.577887,-0.964349,-0.146812,0.052948
1.590000,-0.159028,-0.274365,0.575534,-0.965268,-0.146503,0.052683
1.600000,-0.158195,-0.272795,0.573185,-0.966180,-0.146195,0.052418
1.610000,-0.157367,-0.271236,0.570841,-0.967087,-0.145888,0.052156
1.620000,-0.156544,-0.269688,0.568502,-0.967989,-0.145581,0.051894
1.630000,-0.155725,-0.268151,0.566168,-0.968885,-0.145274,0.051634
1.640000,-0.154911,-0.266625,0.563839,-0.969776,-0.144969,0.051375
1.650000,-0.154102,-0.265110,0.561515,-0.970661,-0.144664,0.051117
1.660000,-0.153297,-0.263606,0.559196,-0.971540,-0.144360,0.050861
1.670000,-0.152497,-0.262112,0.556881,-0.972415,-0.144057,0.050606
1.680000,-0.151701,-0.260629,0.554573,-0.973284,-0.143754,0.050352
1.690000,-0.150910,-0.259156,0.552269,-0.974148,-0.143452,0.050100
1.700000,-0.150123,-0.257693,0.549970,-0.975006,-0.143151,0.049849
1.710000,-0.149341,-0.256240,0.547677,-0.975859,-0.142850,0.049599
1.720000,-0.148563,-0.254798,0.545390,-0.976707,-0.142550,0.049350
1.730000,-0.147790,-0.253365,0.543107,-0.977550,-0.142251,0.049103
1.740000,-0.147021,-0.251942,0.540830,-0.978388,-0.141953,0.048857
1.750000,-0.146256,-0.250529,0.538559,-0.979220,-0.141655,0.048612
1.760000,-0.145495,-0.249126,0.536293,-0.980047,-0.141358,0.048369
1.770000,-0.144739,-0.247732,0.534033,-0.980870,-0.141061,0.048126
1.780000,-0.143987,-0.246347,0.531778,-0.981687,-0.140766,0.047885
1.790000,-0.143240,-0.244972,0.529530,-0.982499,-0.140470,0.047645
1.800000,-0.142496,-0.243607,0.527286,-0.983306,-0.140176,0.047406
1.810000,-0.141757,-0.242250,0.525049,-0.984109,-0.139882,0.047169
1.820000,-0.141022,-0.240902,0.522818,-0.984906,-0.139589,0.046933
1.830000,-0.140291,-0.239564,0.520592,-0.985698,-0.139297,0.046698
1.840000,-0.139563,-0.238234,0.518372,-0.986486,-0.139005,0.046464
1.850000,-0.138841,-0.236914,0.516158,-0.987269,-0.138714,0.046231
1.860000,-0.138122,-0.235602,0.513950,-0.988047,-0.138424,0.045999
1.870000,-0.137407,-0.234299,0.511748,-0.988820,-0.138134,0.045769
1.880000,-0.136696,-0.233004,0.509553,-0.989588,-0.137845,0.045540
1.890000,-0.135989,-0.231718,0.507363,-0.990352,-0.137556,0.045312
1.900000,-0.135285,-0.230440,0.505179,-0.991111,-0.137269,0.045085
1.910000,-0.134586,-0.229171,0.503001,-0.991865,-0.136982,0.044859
1.920000,-0.133891,-0.227910,0.500830,-0.992615,-0.136695,0.044634
1.930000,-0.133199,-0.226657,0.498665,-0.993360,-0.136409,0.044411
1.940000,-0.132512,-0.225412,0.496506,-0.994100,-0.136124,0.044189
1.950000,-0.131828,-0.224176,0.494353,-0.994836,-0.135840,0.043967
1.960000,-0.131147,-0.222947,0.492207,-0.995567,-0.135556,0.043747
1.970000,-0.130471,-0.221726,0.490067,-0.996294,-0.135273,0.043528
1.980000,-0.129798,-0.220513,0.487933,-0.997016,-0.134990,0.043310
1.990000,-0.129129,-0.219308,0.485805,-0.997734,-0.134708,0.043093
2.000000,-0.128464,-0.218111,0.483684,-0.998447,-0.134427,0.042878
2.010000,-0.127802,-0.216921,0.481570,-0.999156,-0.134146,0.042663
2.020000,-0.127144,-0.215739,0.479461,-0.999861,-0.133866,0.042450
2.030000,-0.126490,-0.214565,0.477359,-1.000561,-0.133587,0.042237
2.040000,-0.125839,-0.213398,0.475264,-1.001257,-0.133308,0.042026
2.050000,-0.125191,-0.212238,0.473175,-1.001948,-0.133030,0.041815
2.060000,-0.124548,-0.211085,0.471093,-1.002636,-0.132753,0.041606
2.070000,-0.123907,-0.209940,0.469017,-1.003319,-0.132476,0.041398
2.080000,-0.123270,-0.208802,0.466948,-1.003997,-0.132199,0.041191
2.090000,-0.122637,-0.207671,0.464885,-1.004672,-0.131924,0.040984
2.100000,-0.122007,-0.206548,0.462829,-1.005342,-0.131649,0.040779
2.110000,-0.121381,-0.205431,0.460780,-1.006009,-0.131374,0.040575
2.120000,-0.120758,-0.204321,0.458737,-1.006671,-0.131101,0.040372
2.130000,-0.120138,-0.203218,0.456701,-1.007329,-0.130828,0.040170
2.140000,-0.119522,-0.202122,0.454671,-1.007983,-0.130555,0.039969
2.150000,-0.118909,-0.201033,0.452648,-1.008632,-0.130283,0.039769
2.160000,-0.118299,-0.199951,0.450632,-1.009278,-0.130012,0.039570
2.170000,-0.117692,-0.198875,0.448622,-1.009920,-0.129741,0.039372
2.180000,-0.117089,-0.197806,0.446619,-1.010558,-0.129471,0.039175
2.190000,-0.116489,-0.196743,0.444623,-1.011192,-0.129202,0.038979
2.200000,-0.115893,-0.195687,0.442634,-1.011822,-0.128933,0.038784
2.210000,-0.115299,-0.194637,0.440651,-1.012448,-0.128665,0.038590
2.220000,-0.114709,-0.193594,0.438675,-1.013070,-0.128397,0.038397
2.230000,-0.114122,-0.192557,0.436706,-1.013688,-0.128130,0.038205
2.240000,-0.113538,-0.191526,0.434743,-1.014302,-0.127863,0.038014
2.250000,-0.112957,-0.190502,0.432787,-1.014913,-0.127598,0.037824
2.260000,-0.112380,-0.189484,0.430838,-1.015520,-0.127332,0.037635
2.270000,-0.111805,-0.188472,0.428896,-1.016123,-0.127068,0.037447
2.280000,-0.111234,-0.187466,0.426961,-1.016722,-0.126804,0.037259
2.290000,-0.110665,-0.186466,0.425032,-1.017317,-0.126540,0.037073
2.300000,-0.110100,-0.185472,0.423110,-1.017909,-0.126277,0.036888
2.310000,-0.109538,-0.184485,0.421195,-1.018497,-0.126015,0.036703
2.320000,-0.108978,-0.183503,0.419287,-1.019081,-0.125753,0.036520
2.330000,-0.108422,-0.182527,0.417386,-1.019662,-0.125492,0.036337
2.340000,-0.107869,-0.181556,0.415491,-1.020239,-0.125232,0.036155
2.350000,-0.107318,-0.180592,0.413603,-1.020813,-0.124972,0.035974
2.360000,-0.106771,-0.179633,0.411722,-1.021383,-0.124712,0.035795
2.370000,-0.106226,-0.178680,0.409848,-1.021949,-0.124453,0.035616
2.380000,-0.105684,-0.177733,0.407980,-1.022512,-0.124195,0.035438
2.390000,-0.105146,-0.176791,0.406120,-1.023071,-0.123937,0.035260
2.400000,-0.104610,-0.175855,0.404266,-1.023627,-0.123680,0.035084
2.410000,-0.104077,-0.174925,0.402419,-1.024180,-0.123424,0.034909
2.420000,-0.103546,-0.173999,0.400579,-1.024729,-0.123168,0.034734
2.430000,-0.103019,-0.173080,0.398746,-1.025274,-0.122913,0.034560
2.440000,-0.102494,-0.172165,0.396919,-1.025816,-0.122658,0.034388
2.450000,-0.101973,-0.171257,0.395099,-1.026355,-0.122404,0.034216
2.460000,-0.101453,-0.170353,0.393287,-1.026890,-0.122150,0.034045
2.470000,-0.100937,-0.169455,0.391480,-1.027422,-0.121897,0.033875
2.480000,-0.100423,-0.168561,0.389681,-1.027951,-0.121644,0.033705
2.490000,-0.099913,-0.167674,0.387889,-1.028476,-0.121392,0.033537
2.500000,-0.099404,-0.166791,0.386103,-1.028998,-0.121141,0.033369
2.510000,-0.098899,-0.165913,0.384324,-1.029517,-0.120890,0.033202
2.520000,-0.098396,-0.165041,0.382552,-1.030032,-0.120640,0.033036
2.530000,-0.097896,-0.164173,0.380786,-1.030545,-0.120390,0.032871
2.540000,-0.097398,-0.163311,0.379028,-1.031054,-0.120141,0.032707
2.550000,-0.096903,-0.162454,0.377276,-1.031560,-0.119892,0.032543
2.560000,-0.096411,-0.161601,0.375531,-1.032062,-0.119644,0.032381
2.570000,-0.095921,-0.160753,0.373793,-1.032562,-0.119396,0.032219
2.580000,-0.095434,-0.159911,0.372061,-1.033058,-0.119149,0.032058
2.590000,-0.094950,-0.159073,0.370336,-1.033552,-0.118903,0.031898
2.600000,-0.094468,-0.158240,0.368618,-1.034042,-0.118657,0.031738
2.610000,-0.093988,-0.157412,0.366907,-1.034529,-0.118412,0.031580
2.620000,-0.093511,-0.156588,0.365202,-1.035013,-0.118167,0.031422
2.630000,-0.093037,-0.155769,0.363504,-1.035494,-0.117922,0.031265
2.640000,-0.092565,-0.154955,0.361813,-1.035972,-0.117679,0.031109
2.650000,-0.092095,-0.154146,0.360128,-1.036447,-0.117435,0.030953
2.660000,-0.091628,-0.153341,0.358451,-1.036919,-0.117193,0.030798
2.670000,-0.091163,-0.152540,0.356779,-1.037388,-0.116951,0.030645
2.680000,-0.090701,-0.151745,0.355115,-1.037854,-0.116709,0.030491
2.690000,-0.090241,-0.150953,0.353457,-1.038317,-0.116468,0.030339
2.700000,-0.089784,-0.150166,0.351806,-1.038778,-0.116227,0.030187
2.710000,-0.089329,-0.149384,0.350161,-1.039235,-0.115987,0.030037
2.720000,-0.088877,-0.148606,0.348523,-1.039689,-0.115748,0.029887
2.730000,-0.088426,-0.147833,0.346892,-1.040141,-0.115509,0.029737
2.740000,-0.087978,-0.147063,0.345267,-1.040590,-0.115270,0.029589
2.750000,-0.087533,-0.146299,0.343649,-1.041036,-0.115033,0.029441
2.760000,-0.087090,-0.145538,0.342037,-1.041479,-0.114795,0.029294
2.770000,-0.086649,-0.144782,0.340432,-1.041919,-0.114558,0.029147
2.780000,-0.086210,-0.144030,0.338834,-1.042357,-0.114322,0.029002
2.790000,-0.085774,-0.143282,0.337242,-1.042792,-0.114086,0.028857
2.800000,-0.085340,-0.142538,0.335656,-1.043224,-0.113851,0.028713
2.810000,-0.084908,-0.141799,0.334078,-1.043653,-0.113616,0.028569
2.820000,-0.084479,-0.141063,0.332505,-1.044080,-0.113382,0.028427
2.830000,-0.084051,-0.140332,0.330939,-1.044504,-0.113148,0.028285
2.840000,-0.083626,-0.139605,0.329380,-1.044925,-0.112915,0.028143
2.850000,-0.083203,-0.138882,0.327827,-1.045344,-0.112682,0.028003
2.860000,-0.082783,-0.138163,0.326281,-1.045760,-0.112450,0.027863
2.870000,-0.082364,-0.137448,0.324740,-1.046173,-0.112218,0.027724
2.880000,-0.081948,-0.136737,0.323207,-1.046584,-0.111987,0.027585
2.890000,-0.081534,-0.136029,0.321680,-1.046992,-0.111756,0.027447
2.900000,-0.081122,-0.135326,0.320159,-1.047398,-0.111526,0.027310
2.910000,-0.080712,-0.134627,0.318644,-1.047801,-0.111296,0.027174
2.920000,-0.080304,-0.133931,0.317136,-1.048202,-0.111067,0.027038
2.930000,-0.079898,-0.133239,0.315634,-1.048600,-0.110838,0.026903
2.940000,-0.079495,-0.132552,0.314139,-1.048995,-0.110610,0.026769
2.950000,-0.079093,-0.131867,0.312650,-1.049388,-0.110382,0.026635
2.960000,-0.078694,-0.131187,0.311167,-1.049778,-0.110155,0.026502
2.970000,-0.078297,-0.130511,0.309691,-1.050166,-0.109928,0.026370
2.980000,-0.077901,-0.129838,0.308220,-1.050552,-0.109702,0.026238
2.990000,-0.077508,-0.129169,0.306756,-1.050935,-0.109476,0.026107
3.000000,-0.077117,-0.128503,0.305299,-1.051316,-0.109251,0.025976
3.010000,-0.076728,-0.127841,0.303847,-1.051694,-0.109026,0.025847
3.020000,-0.076341,-0.127183,0.302402,-1.052070,-0.108802,0.025718
3.030000,-0.075956,-0.126528,0.300963,-1.052444,-0.108578,0.025589
3.040000,-0.075572,-0.125877,0.299530,-1.052815,-0.108355,0.025461
3.050000,-0.075191,-0.125230,0.298103,-1.053184,-0.108132,0.025334
3.060000,-0.074812,-0.124586,0.296683,-1.053550,-0.107910,0.025208
3.070000,-0.074435,-0.123945,0.295268,-1.053914,-0.107688,0.025082
3.080000,-0.074059,-0.123308,0.293860,-1.054276,-0.107466,0.024957
3.090000,-0.073686,-0.122675,0.292457,-1.054636,-0.107245,0.024832
3.100000,-0.073314,-0.122045,0.291061,-1.054993,-0.107025,0.024708
3.110000,-0.072945,-0.121418,0.289671,-1.055348,-0.106805,0.024585
3.120000,-0.072577,-0.120795,0.288287,-1.055701,-0.106586,0.024462
3.130000,-0.072211,-0.120175,0.286909,-1.056052,-0.106367,0.024340
3.140000,-0.071848,-0.119558,0.285537,-1.056400,-0.106148,0.024218
3.150000,-0.071486,-0.118945,0.284170,-1.056746,-0.105930,0.024097
3.160000,-0.071125,-0.118335,0.282810,-1.057090,-0.105713,0.023977
3.170000,-0.070767,-0.117729,0.281456,-1.057432,-0.105496,0.023857
3.180000,-0.070411,-0.117126,0.280108,-1.057771,-0.105279,0.023738
3.190000,-0.070056,-0.116526,0.278766,-1.058109,-0.105063,0.023620
3.200000,-0.069703,-0.115929,0.277429,-1.058444,-0.104847,0.023502
3.210000,-0.069352,-0.115335,0.276099,-1.058777,-0.104632,0.023384
3.220000,-0.069003,-0.114745,0.274774,-1.059109,-0.104417,0.023268
3.230000,-0.068656,-0.114158,0.273455,-1.059438,-0.104203,0.023151
3.240000,-0.068310,-0.113573,0.272142,-1.059764,-0.103989,0.023036
3.250000,-0.067966,-0.112993,0.270835,-1.060089,-0.103776,0.022921
3.260000,-0.067624,-0.112415,0.269533,-1.060412,-0.103563,0.022806
3.270000,-0.067284,-0.111840,0.268238,-1.060733,-0.103350,0.022692
3.280000,-0.066945,-0.111268,0.266948,-1.061051,-0.103138,0.022579
3.290000,-0.066608,-0.110700,0.265664,-1.061368,-0.102927,0.022466
3.300000,-0.066273,-0.110134,0.264385,-1.061683,-0.102716,0.022354
3.310000,-0.065940,-0.109572,0.263112,-1.061995,-0.102505,0.022243
3.320000,-0.065608,-0.109012,0.261845,-1.062306,-0.102295,0.022132
3.330000,-0.065278,-0.108456,0.260584,-1.062615,-0.102085,0.022021
3.340000,-0.064950,-0.107902,0.259328,-1.062921,-0.101876,0.021911
3.350000,-0.064623,-0.107352,0.258078,-1.063226,-0.101667,0.021802
3.360000,-0.064298,-0.106804,0.256833,-1.063529,-0.101459,0.021693
3.370000,-0.063975,-0.106259,0.255594,-1.063830,-0.101251,0.021585
3.380000,-0.063653,-0.105718,0.254361,-1.064129,-0.101044,0.021477
3.390000,-0.063333,-0.105179,0.253133,-1.064426,-0.100836,0.021370
3.400000,-0.063015,-0.104643,0.251911,-1.064721,-0.100630,0.021263
3.410000,-0.062698,-0.104109,0.250694,-1.065015,-0.100424,0.021157
3.420000,-0.062383,-0.103579,0.249483,-1.065306,-0.100218,0.021051
3.430000,-0.062069,-0.103051,0.248277,-1.065596,-0.100013,0.020946
3.440000,-0.061757,-0.102527,0.247076,-1.065884,-0.099808,0.020842
3.450000,-0.061447,-0.102005,0.245882,-1.066170,-0.099604,0.020738
3.460000,-0.061138,-0.101485,0.244692,-1.066454,-0.099400,0.020634
3.470000,-0.060831,-0.100969,0.243508,-1.066736,-0.099196,0.020531
3.480000,-0.060525,-0.100455,0.242329,-1.067017,-0.098993,0.020429
3.490000,-0.060221,-0.099944,0.241156,-1.067296,-0.098791,0.020327
3.500000,-0.059919,-0.099436,0.239987,-1.067573,-0.098588,0.020225
3.510000,-0.059618,-0.098930,0.238825,-1.067848,-0.098387,0.020124
3.520000,-0.059318,-0.098427,0.237667,-1.068121,-0.098185,0.020024
3.530000,-0.059020,-0.097927,0.236515,-1.068393,-0.097985,0.019924
3.540000,-0.058724,-0.097429,0.235368,-1.068663,-0.097784,0.019824
3.550000,-0.058429,-0.096934,0.234226,-1.068931,-0.097584,0.019725
3.560000,-0.058136,-0.096441,0.233090,-1.069198,-0.097384,0.019627
3.570000,-0.057844,-0.095952,0.231959,-1.069463,-0.097185,0.019529
3.580000,-0.057553,-0.095464,0.230833,-1.069726,-0.096987,0.019431
3.590000,-0.057264,-0.094980,0.229712,-1.069988,-0.096788,0.019334
3.600000,-0.056977,-0.094497,0.228596,-1.070247,-0.096590,0.019238
3.610000,-0.056691,-0.094018,0.227485,-1.070506,-0.096393,0.019142
3.620000,-0.056406,-0.093541,0.226380,-1.070762,-0.096196,0.019046
3.630000,-0.056123,-0.093066,0.225279,-1.071017,-0.095999,0.018951
3.640000,-0.055842,-0.092594,0.224184,-1.071270,-0.095803,0.018857
3.650000,-0.055561,-0.092124,0.223094,-1.071522,-0.095607,0.018763
3.660000,-0.055283,-0.091657,0.222008,-1.071772,-0.095412,0.018669
3.670000,-0.055005,-0.091192,0.220928,-1.072021,-0.095217,0.018576
3.680000,-0.054729,-0.090730,0.219853,-1.072268,-0.095022,0.018483
3.690000,-0.054455,-0.090270,0.218782,-1.072513,-0.094828,0.018391
3.700000,-0.054181,-0.089813,0.217717,-1.072757,-0.094635,0.018299
3.710000,-0.053910,-0.089357,0.216657,-1.072999,-0.094441,0.018208
3.720000,-0.053639,-0.088905,0.215601,-1.073240,-0.094248,0.018117
3.730000,-0.053370,-0.088454,0.214550,-1.073479,-0.094056,0.018026
3.740000,-0.053102,-0.088006,0.213505,-1.073717,-0.093864,0.017937
3.750000,-0.052836,-0.087561,0.212464,-1.073953,-0.093672,0.017847
3.760000,-0.052571,-0.087117,0.211428,-1.074187,-0.093481,0.017758
3.770000,-0.052308,-0.086676,0.210396,-1.074420,-0.093290,0.017669
3.780000,-0.052045,-0.086238,0.209370,-1.074652,-0.093100,0.017581
3.790000,-0.051784,-0.085801,0.208348,-1.074882,-0.092910,0.017493
3.800000,-0.051525,-0.085367,0.207332,-1.075111,-0.092720,0.017406
3.810000,-0.051266,-0.084935,0.206319,-1.075338,-0.092531,0.017319
3.820000,-0.051009,-0.084505,0.205312,-1.075564,-0.092342,0.017233
3.830000,-0.050754,-0.084078,0.204309,-1.075788,-0.092154,0.017147
3.840000,-0.050499,-0.083653,0.203311,-1.076011,-0.091966,0.017061
3.850000,-0.050246,-0.083230,0.202318,-1.076233,-0.091778,0.016976
3.860000,-0.049994,-0.082809,0.201329,-1.076453,-0.091591,0.016891
3.870000,-0.049743,-0.082390,0.200345,-1.076671,-0.091404,0.016807
3.880000,-0.049494,-0.081974,0.199366,-1.076889,-0.091217,0.016723
3.890000,-0.049246,-0.081559,0.198391,-1.077104,-0.091031,0.016640
3.900000,-0.048999,-0.081147,0.197421,-1.077319,-0.090846,0.016557
3.910000,-0.048754,-0.080737,0.196455,-1.077532,-0.090661,0.016474
3.920000,-0.048509,-0.080329,0.195494,-1.077744,-0.090476,0.016392
3.930000,-0.048266,-0.079924,0.194537,-1.077954,-0.090291,0.016310
3.940000,-0.048025,-0.079520,0.193585,-1.078163,-0.090107,0.016229
3.950000,-0.047784,-0.079118,0.192637,-1.078371,-0.089924,0.016148
3.960000,-0.047545,-0.078719,0.191694,-1.078578,-0.089740,0.016067
3.970000,-0.047306,-0.078321,0.190755,-1.078783,-0.089557,0.015987
3.980000,-0.047069,-0.077926,0.189821,-1.078986,-0.089375,0.015907
3.990000,-0.046834,-0.077533,0.188891,-1.079189,-0.089193,0.015828
4.000000,-0.046599,-0.077141,0.187965,-1.079390,-0.089011,0.015749
4.010000,-0.046366,-0.076752,0.187044,-1.079590,-0.088830,0.015670
4.020000,-0.046133,-0.076365,0.186127,-1.079789,-0.088649,0.015592
4.030000,-0.045902,-0.075980,0.185215,-1.079986,-0.088468,0.015514
4.040000,-0.045672,-0.075596,0.184307,-1.080182,-0.088288,0.015437
4.050000,-0.045444,-0.075215,0.183403,-1.080377,-0.088108,0.015360
4.060000,-0.045216,-0.074836,0.182503,-1.080571,-0.087929,0.015283
4.070000,-0.044990,-0.074458,0.181608,-1.080763,-0.087750,0.015207
4.080000,-0.044764,-0.074083,0.180717,-1.080954,-0.087571,0.015131
4.090000,-0.044540,-0.073709,0.179830,-1.081144,-0.087393,0.015056
4.100000,-0.044317,-0.073338,0.178947,-1.081333,-0.087215,0.014980
4.110000,-0.044095,-0.072968,0.178069,-1.081520,-0.087037,0.014906
4.120000,-0.043874,-0.072600,0.177194,-1.081706,-0.086860,0.014831
4.130000,-0.043655,-0.072234,0.176324,-1.081892,-0.086683,0.014757
4.140000,-0.043436,-0.071870,0.175458,-1.082076,-0.086507,0.014684
4.150000,-0.043219,-0.071508,0.174596,-1.082258,-0.086331,0.014610
4.160000,-0.043002,-0.071148,0.173739,-1.082440,-0.086155,0.014537
4.170000,-0.042787,-0.070790,0.172885,-1.082620,-0.085980,0.014465
4.180000,-0.042573,-0.070433,0.172035,-1.082800,-0.085805,0.014393
4.190000,-0.042360,-0.070078,0.171190,-1.082978,-0.085630,0.014321
4.200000,-0.042148,-0.069725,0.170348,-1.083155,-0.085456,0.014249
4.210000,-0.041937,-0.069374,0.169511,-1.083330,-0.085282,0.014178
4.220000,-0.041727,-0.069025,0.168677,-1.083505,-0.085109,0.014108
4.230000,-0.041518,-0.068677,0.167848,-1.083679,-0.084935,0.014037
4.240000,-0.041310,-0.068332,0.167022,-1.083851,-0.084763,0.013967
4.250000,-0.041104,-0.067988,0.166201,-1.084023,-0.084590,0.013898
4.260000,-0.040898,-0.067646,0.165383,-1.084193,-0.084418,0.013828
4.270000,-0.040693,-0.067305,0.164569,-1.084362,-0.084247,0.013759
4.280000,-0.040490,-0.066966,0.163759,-1.084530,-0.084075,0.013691
4.290000,-0.040287,-0.066629,0.162953,-1.084697,-0.083904,0.013622
4.300000,-0.040086,-0.066294,0.162151,-1.084863,-0.083734,0.013554
4.310000,-0.039885,-0.065961,0.161353,-1.085028,-0.083564,0.013487
4.320000,-0.039685,-0.065629,0.160558,-1.085192,-0.083394,0.013419
4.330000,-0.039487,-0.065299,0.159768,-1.085355,-0.083224,0.013352
4.340000,-0.039289,-0.064970,0.158981,-1.085517,-0.083055,0.013286
4.350000,-0.039093,-0.064644,0.158198,-1.085677,-0.082886,0.013219
4.360000,-0.038897,-0.064318,0.157418,-1.085837,-0.082718,0.013154
4.370000,-0.038703,-0.063995,0.156643,-1.085996,-0.082550,0.013088
4.380000,-0.038509,-0.063673,0.155871,-1.086153,-0.082382,0.013023
4.390000,-0.038316,-0.063353,0.155103,-1.086310,-0.082215,0.012958
4.400000,-0.038125,-0.063035,0.154338,-1.086466,-0.082048,0.012893
4.410000,-0.037934,-0.062718,0.153578,-1.086620,-0.081881,0.012829
4.420000,-0.037744,-0.062403,0.152821,-1.086774,-0.081715,0.012765
4.430000,-0.037556,-0.062089,0.152067,-1.086927,-0.081549,0.012701
4.440000,-0.037368,-0.061777,0.151317,-1.087078,-0.081383,0.012638
4.450000,-0.037181,-0.061466,0.150571,-1.087229,-0.081218,0.012575
4.460000,-0.036995,-0.061158,0.149828,-1.087379,-0.081053,0.012512
4.470000,-0.036810,-0.060850,0.149089,-1.087528,-0.080888,0.012449
4.480000,-0.036626,-0.060545,0.148354,-1.087676,-0.080724,0.012387
4.490000,-0.036443,-0.060240,0.147622,-1.087822,-0.080560,0.012325
4.500000,-0.036260,-0.059938,0.146893,-1.087968,-0.080396,0.012264
4.510000,-0.036079,-0.059637,0.146169,-1.088113,-0.080233,0.012203
4.520000,-0.035899,-0.059337,0.145447,-1.088257,-0.080070,0.012142
4.530000,-0.035719,-0.059039,0.144729,-1.088401,-0.079908,0.012081
4.540000,-0.035541,-0.058743,0.144015,-1.088543,-0.079746,0.012021
4.550000,-0.035363,-0.058448,0.143304,-1.088684,-0.079584,0.011961
4.560000,-0.035186,-0.058154,0.142596,-1.088825,-0.079422,0.011901
4.570000,-0.035010,-0.057862,0.141892,-1.088964,-0.079261,0.011842
4.580000,-0.034835,-0.057572,0.141192,-1.089103,-0.079100,0.011783
4.590000,-0.034661,-0.057283,0.140494,-1.089241,-0.078940,0.011724
4.600000,-0.034488,-0.056995,0.139800,-1.089378,-0.078780,0.011666
4.610000,-0.034315,-0.056709,0.139110,-1.089514,-0.078620,0.011608
4.620000,-0.034144,-0.056424,0.138422,-1.089649,-0.078460,0.011550
4.630000,-0.033973,-0.056141,0.137739,-1.089783,-0.078301,0.011492
4.640000,-0.033803,-0.055859,0.137058,-1.089916,-0.078142,0.011435
4.650000,-0.033634,-0.055579,0.136381,-1.090049,-0.077984,0.011378
4.660000,-0.033466,-0.055300,0.135707,-1.090180,-0.077826,0.011321
4.670000,-0.033299,-0.055023,0.135036,-1.090311,-0.077668,0.011264
4.680000,-0.033132,-0.054747,0.134368,-1.090441,-0.077510,0.011208
4.690000,-0.032967,-0.054472,0.133704,-1.090571,-0.077353,0.011152
4.700000,-0.032802,-0.054199,0.133043,-1.090699,-0.077196,0.011097
4.710000,-0.032638,-0.053927,0.132385,-1.090826,-0.077040,0.011041
4.720000,-0.032475,-0.053656,0.131731,-1.090953,-0.076883,0.010986
4.730000,-0.032313,-0.053387,0.131079,-1.091079,-0.076728,0.010931
4.740000,-0.032151,-0.053119,0.130431,-1.091204,-0.076572,0.010877
4.750000,-0.031990,-0.052853,0.129786,-1.091328,-0.076417,0.010823
4.760000,-0.031830,-0.052588,0.129144,-1.091452,-0.076262,0.010769
4.770000,-0.031671,-0.052324,0.128505,-1.091575,-0.076107,0.010715
4.780000,-0.031513,-0.052062,0.127869,-1.091696,-0.075953,0.010661
4.790000,-0.031356,-0.051801,0.127237,-1.091818,-0.075799,0.010608
4.800000,-0.031199,-0.051541,0.126607,-1.091938,-0.075646,0.010555
4.810000,-0.031043,-0.051283,0.125981,-1.092057,-0.075492,0.010503
4.820000,-0.030888,-0.051025,0.125357,-1.092176,-0.075339,0.010450
4.830000,-0.030734,-0.050770,0.124737,-1.092294,-0.075187,0.010398
4.840000,-0.030580,-0.050515,0.124119,-1.092412,-0.075034,0.010346
4.850000,-0.030427,-0.050262,0.123505,-1.092528,-0.074882,0.010295
4.860000,-0.030275,-0.050010,0.122894,-1.092644,-0.074731,0.010243
4.870000,-0.030124,-0.049759,0.122285,-1.092759,-0.074579,0.010192
4.880000,-0.029973,-0.049510,0.121680,-1.092873,-0.074428,0.010141
4.890000,-0.029824,-0.049262,0.121077,-1.092987,-0.074277,0.010091
4.900000,-0.029675,-0.049015,0.120478,-1.093100,-0.074127,0.010040
4.910000,-0.029526,-0.048769,0.119881,-1.093212,-0.073977,0.009990
4.920000,-0.029379,-0.048525,0.119287,-1.093323,-0.073827,0.009940
4.930000,-0.029232,-0.048282,0.118697,-1.093434,-0.073677,0.009891
4.940000,-0.029086,-0.048040,0.118109,-1.093544,-0.073528,0.009842
4.950000,-0.028941,-0.047799,0.117524,-1.093653,-0.073379,0.009792
4.960000,-0.028796,-0.047560,0.116941,-1.093762,-0.073231,0.009744
4.970000,-0.028652,-0.047321,0.116362,-1.093869,-0.073082,0.009695
4.980000,-0.028509,-0.047084,0.115786,-1.093977,-0.072935,0.009647
4.990000,-0.028367,-0.046848,0.115212,-1.094083,-0.072787,0.009599
5.000000,-0.028225,-0.046614,0.114641,-1.094189,-0.072640,0.009551
5.010000,-0.028084,-0.046380,0.114073,-1.094294,-0.072492,0.009503
5.020000,-0.027944,-0.046148,0.113508,-1.094398,-0.072346,0.009456
5.030000,-0.027804,-0.045917,0.112945,-1.094502,-0.072199,0.009408
5.040000,-0.027665,-0.045687,0.112385,-1.094605,-0.072053,0.009361
5.050000,-0.027527,-0.045458,0.111828,-1.094708,-0.071907,0.009315
5.060000,-0.027390,-0.045230,0.111274,-1.094810,-0.071762,0.009268
5.070000,-0.027253,-0.045004,0.110722,-1.094911,-0.071617,0.009222
5.080000,-0.027117,-0.044779,0.110173,-1.095011,-0.071472,0.009176
5.090000,-0.026981,-0.044554,0.109627,-1.095111,-0.071327,0.009130
5.100000,-0.026846,-0.044331,0.109083,-1.095210,-0.071183,0.009085
5.110000,-0.026712,-0.044109,0.108543,-1.095309,-0.071039,0.009039
5.120000,-0.026579,-0.043888,0.108004,-1.095407,-0.070895,0.008994
5.130000,-0.026446,-0.043669,0.107469,-1.095504,-0.070752,0.008949
5.140000,-0.026314,-0.043450,0.106936,-1.095601,-0.070608,0.008905
5.150000,-0.026183,-0.043233,0.106405,-1.095697,-0.070466,0.008860
5.160000,-0.026052,-0.043016,0.105878,-1.095792,-0.070323,0.008816
5.170000,-0.025922,-0.042801,0.105352,-1.095887,-0.070181,0.008772
5.180000,-0.025792,-0.042587,0.104830,-1.095981,-0.070039,0.008728
5.190000,-0.025663,-0.042373,0.104310,-1.096075,-0.069897,0.008685
5.200000,-0.025535,-0.042161,0.103792,-1.096168,-0.069756,0.008642
5.210000,-0.025408,-0.041950,0.103277,-1.096260,-0.069615,0.008599
5.220000,-0.025281,-0.041740,0.102765,-1.096352,-0.069474,0.008556
5.230000,-0.025155,-0.041531,0.102255,-1.096443,-0.069334,0.008513
5.240000,-0.025029,-0.041324,0.101748,-1.096534,-0.069193,0.008470
5.250000,-0.024904,-0.041117,0.101243,-1.096624,-0.069054,0.008428
5.260000,-0.024780,-0.040911,0.100740,-1.096713,-0.068914,0.008386
5.270000,-0.024656,-0.040706,0.100240,-1.096802,-0.068775,0.008344
5.280000,-0.024533,-0.040503,0.099743,-1.096891,-0.068636,0.008303
5.290000,-0.024410,-0.040300,0.099248,-1.096978,-0.068497,0.008261
5.300000,-0.024288,-0.040098,0.098755,-1.097066,-0.068358,0.008220
5.310000,-0.024167,-0.039898,0.098265,-1.097152,-0.068220,0.008179
5.320000,-0.024046,-0.039698,0.097777,-1.097238,-0.068082,0.008138
5.330000,-0.023926,-0.039499,0.097292,-1.097324,-0.067945,0.008098
5.340000,-0.023807,-0.039302,0.096809,-1.097409,-0.067807,0.008057
5.350000,-0.023688,-0.039105,0.096328,-1.097493,-0.067670,0.008017
5.360000,-0.023570,-0.038910,0.095850,-1.097577,-0.067534,0.007977
5.370000,-0.023452,-0.038715,0.095374,-1.097660,-0.067397,0.007937
5.380000,-0.023335,-0.038521,0.094900,-1.097743,-0.067261,0.007898
5.390000,-0.023219,-0.038329,0.094429,-1.097826,-0.067125,0.007858
5.400000,-0.023103,-0.038137,0.093960,-1.097907,-0.066989,0.007819
5.410000,-0.022987,-0.037946,0.093494,-1.097989,-0.066854,0.007780
5.420000,-0.022872,-0.037756,0.093029,-1.098069,-0.066719,0.007741
5.430000,-0.022758,-0.037567,0.092567,-1.098149,-0.066584,0.007703
5.440000,-0.022645,-0.037380,0.092108,-1.098229,-0.066450,0.007664
5.450000,-0.022532,-0.037193,0.091650,-1.098308,-0.066316,0.007626
5.460000,-0.022419,-0.037007,0.091195,-1.098387,-0.066182,0.007588
5.470000,-0.022307,-0.036821,0.090742,-1.098465,-0.066048,0.007550
5.480000,-0.022196,-0.036637,0.090291,-1.098543,-0.065915,0.007513
5.490000,-0.022085,-0.036454,0.089843,-1.098620,-0.065781,0.007475
5.500000,-0.021975,-0.036272,0.089396,-1.098696,-0.065649,0.007438
5.510000,-0.021865,-0.036090,0.088952,-1.098773,-0.065516,0.007401
5.520000,-0.021756,-0.035910,0.088510,-1.098848,-0.065384,0.007364
5.530000,-0.021647,-0.035730,0.088070,-1.098923,-0.065252,0.007327
5.540000,-0.021539,-0.035552,0.087633,-1.098998,-0.065120,0.007290
5.550000,-0.021432,-0.035374,0.087197,-1.099072,-0.064988,0.007254
5.560000,-0.021325,-0.035197,0.086764,-1.099146,-0.064857,0.007218
5.570000,-0.021218,-0.035021,0.086333,-1.099219,-0.064726,0.007182
5.580000,-0.021112,-0.034846,0.085904,-1.099292,-0.064596,0.007146
5.590000,-0.021007,-0.034672,0.085477,-1.099364,-0.064465,0.007110
5.600000,-0.020902,-0.034499,0.085052,-1.099436,-0.064335,0.007075
5.610000,-0.020798,-0.034326,0.084630,-1.099508,-0.064205,0.007040
5.620000,-0.020694,-0.034154,0.084209,-1.099579,-0.064076,0.007005
5.630000,-0.020591,-0.033984,0.083790,-1.099649,-0.063946,0.006970
5.640000,-0.020488,-0.033814,0.083374,-1.099719,-0.063817,0.006935
5.650000,-0.020386,-0.033645,0.082960,-1.099789,-0.063688,0.006900
5.660000,-0.020284,-0.033477,0.082547,-1.099858,-0.063560,0.006866
5.670000,-0.020183,-0.033309,0.082137,-1.099926,-0.063432,0.006832
5.680000,-0.020082,-0.033143,0.081728,-1.099995,-0.063304,0.006798
5.690000,-0.019982,-0.032977,0.081322,-1.100062,-0.063176,0.006764
5.700000,-0.019882,-0.032812,0.080918,-1.100130,-0.063048,0.006730
5.710000,-0.019783,-0.032648,0.080516,-1.100197,-0.062921,0.006696
5.720000,-0.019684,-0.032485,0.080115,-1.100263,-0.062794,0.006663
5.730000,-0.019586,-0.032323,0.079717,-1.100329,-0.062668,0.006630
5.740000,-0.019488,-0.032161,0.079321,-1.100395,-0.062541,0.006597
5.750000,-0.019391,-0.032000,0.078926,-1.100460,-0.062415,0.006564
5.760000,-0.019294,-0.031841,0.078534,-1.100525,-0.062289,0.006531
5.770000,-0.019197,-0.031681,0.078143,-1.100589,-0.062163,0.006498
5.780000,-0.019102,-0.031523,0.077755,-1.100653,-0.062038,0.006466
5.790000,-0.019006,-0.031366,0.077368,-1.100717,-0.061913,0.006434
5.800000,-0.018911,-0.031209,0.076983,-1.100780,-0.061788,0.006402
5.810000,-0.018817,-0.031053,0.076600,-1.100843,-0.061663,0.006370
5.820000,-0.018723,-0.030898,0.076219,-1.100905,-0.061539,0.006338
5.830000,-0.018630,-0.030743,0.075840,-1.100967,-0.061415,0.006306
5.840000,-0.018537,-0.030590,0.075463,-1.101029,-0.061291,0.006275
5.850000,-0.018444,-0.030437,0.075088,-1.101090,-0.061167,0.006244
5.860000,-0.018352,-0.030285,0.074714,-1.101150,-0.061044,0.006212
5.870000,-0.018261,-0.030133,0.074343,-1.101211,-0.060921,0.006181
5.880000,-0.018169,-0.029983,0.073973,-1.101271,-0.060798,0.006151
5.890000,-0.018079,-0.029833,0.073605,-1.101330,-0.060675,0.006120
5.900000,-0.017989,-0.029684,0.073239,-1.101390,-0.060553,0.006089
5.910000,-0.017899,-0.029536,0.072875,-1.101448,-0.060431,0.006059
5.920000,-0.017809,-0.029388,0.072512,-1.101507,-0.060309,0.006029
5.930000,-0.017721,-0.029241,0.072151,-1.101565,-0.060188,0.005999
5.940000,-0.017632,-0.029095,0.071792,-1.101623,-0.060066,0.005969
5.950000,-0.017544,-0.028950,0.071435,-1.101680,-0.059945,0.005939
5.960000,-0.017457,-0.028805,0.071080,-1.101737,-0.059824,0.005909
5.970000,-0.017369,-0.028661,0.070726,-1.101793,-0.059704,0.005880
5.980000,-0.017283,-0.028518,0.070374,-1.101850,-0.059583,0.005851
5.990000,-0.017197,-0.028376,0.070024,-1.101906,-0.059463,0.005821
6.000000,-0.017111,-0.028234,0.069676,-1.101961,-0.059343,0.005792
6.010000,-0.017025,-0.028093,0.069329,-1.102016,-0.059224,0.005764
6.020000,-0.016940,-0.027953,0.068984,-1.102071,-0.059104,0.005735
6.030000,-0.016856,-0.027813,0.068641,-1.102125,-0.058985,0.005706
6.040000,-0.016772,-0.027674,0.068299,-1.102179,-0.058866,0.005678
6.050000,-0.016688,-0.027536,0.067959,-1.102233,-0.058748,0.005649
6.060000,-0.016605,-0.027398,0.067621,-1.102287,-0.058629,0.005621
6.070000,-0.016522,-0.027261,0.067285,-1.102340,-0.058511,0.005593
6.080000,-0.016439,-0.027125,0.066950,-1.102392,-0.058393,0.005565
6.090000,-0.016357,-0.026990,0.066617,-1.102445,-0.058276,0.005538
6.100000,-0.016276,-0.026855,0.066285,-1.102497,-0.058158,0.005510
6.110000,-0.016195,-0.026721,0.065955,-1.102548,-0.058041,0.005482
6.120000,-0.016114,-0.026587,0.065627,-1.102600,-0.057924,0.005455
6.130000,-0.016033,-0.026455,0.065300,-1.102651,-0.057807,0.005428
6.140000,-0.015953,-0.026322,0.064975,-1.102701,-0.057691,0.005401
6.150000,-0.015874,-0.026191,0.064652,-1.102752,-0.057575,0.005374
6.160000,-0.015794,-0.026060,0.064330,-1.102802,-0.057459,0.005347
6.170000,-0.015716,-0.025930,0.064010,-1.102852,-0.057343,0.005320
6.180000,-0.015637,-0.025800,0.063691,-1.102901,-0.057228,0.005294
6.190000,-0.015559,-0.025672,0.063374,-1.102950,-0.057112,0.005267
6.200000,-0.015482,-0.025543,0.063059,-1.102999,-0.056997,0.005241
6.210000,-0.015404,-0.025416,0.062745,-1.103047,-0.056882,0.005215
6.220000,-0.015327,-0.025289,0.062433,-1.103095,-0.056768,0.005189
6.230000,-0.015251,-0.025163,0.062122,-1.103143,-0.056654,0.005163
6.240000,-0.015175,-0.025037,0.061813,-1.103191,-0.056539,0.005137
6.250000,-0.015099,-0.024912,0.061505,-1.103238,-0.056426,0.005112
6.260000,-0.015024,-0.024788,0.061199,-1.103285,-0.056312,0.005086
6.270000,-0.014949,-0.024664,0.060894,-1.103332,-0.056199,0.005061
6.280000,-0.014874,-0.024541,0.060591,-1.103378,-0.056085,0.005036
6.290000,-0.014800,-0.024418,0.060289,-1.103424,-0.055972,0.005011
6.300000,-0.014726,-0.024296,0.059989,-1.103470,-0.055860,0.004986
6.310000,-0.014653,-0.024175,0.059690,-1.103515,-0.055747,0.004961
6.320000,-0.014580,-0.024054,0.059393,-1.103560,-0.055635,0.004936
6.330000,-0.014507,-0.023934,0.059097,-1.103605,-0.055523,0.004911
6.340000,-0.014434,-0.023815,0.058803,-1.103649,-0.055411,0.004887
6.350000,-0.014362,-0.023696,0.058510,-1.103694,-0.055300,0.004862
6.360000,-0.014291,-0.023577,0.058219,-1.103738,-0.055188,0.004838
6.370000,-0.014219,-0.023460,0.057929,-1.103781,-0.055077,0.004814
6.380000,-0.014149,-0.023342,0.057641,-1.103825,-0.054966,0.004790
6.390000,-0.014078,-0.023226,0.057354,-1.103868,-0.054856,0.004766
6.400000,-0.014008,-0.023110,0.057068,-1.103911,-0.054745,0.004742
6.410000,-0.013938,-0.022995,0.056784,-1.103953,-0.054635,0.004719
6.420000,-0.013868,-0.022880,0.056501,-1.103996,-0.054525,0.004695
6.430000,-0.013799,-0.022765,0.056220,-1.104038,-0.054415,0.004672
6.440000,-0.013730,-0.022652,0.055940,-1.104079,-0.054306,0.004648
6.450000,-0.013662,-0.022539,0.055661,-1.104121,-0.054197,0.004625
6.460000,-0.013594,-0.022426,0.055384,-1.104162,-0.054087,0.004602
6.470000,-0.013526,-0.022314,0.055108,-1.104203,-0.053979,0.004579
6.480000,-0.013458,-0.022203,0.054834,-1.104244,-0.053870,0.004556
6.490000,-0.013391,-0.022092,0.054561,-1.104284,-0.053762,0.004534
6.500000,-0.013324,-0.021982,0.054289,-1.104324,-0.053653,0.004511
6.510000,-0.013258,-0.021872,0.054019,-1.104364,-0.053545,0.004489
6.520000,-0.013192,-0.021763,0.053750,-1.104404,-0.053438,0.004466
6.530000,-0.013126,-0.021654,0.053482,-1.104443,-0.053330,0.004444
6.540000,-0.013060,-0.021546,0.053215,-1.104483,-0.053223,0.004422
6.550000,-0.012995,-0.021438,0.052950,-1.104521,-0.053116,0.004400
6.560000,-0.012930,-0.021331,0.052687,-1.104560,-0.053009,0.004378
6.570000,-0.012866,-0.021225,0.052424,-1.104598,-0.052902,0.004356
6.580000,-0.012802,-0.021119,0.052163,-1.104637,-0.052796,0.004334
6.590000,-0.012738,-0.021014,0.051903,-1.104675,-0.052690,0.004313
6.600000,-0.012674,-0.020909,0.051645,-1.104712,-0.052584,0.004291
6.610000,-0.012611,-0.020804,0.051388,-1.104750,-0.052478,0.004270
6.620000,-0.012548,-0.020700,0.051132,-1.104787,-0.052372,0.004248
6.630000,-0.012485,-0.020597,0.050877,-1.104824,-0.052267,0.004227
6.640000,-0.012423,-0.020494,0.050623,-1.104860,-0.052162,0.004206
6.650000,-0.012361,-0.020392,0.050371,-1.104897,-0.052057,0.004185
6.660000,-0.012300,-0.020290,0.050120,-1.104933,-0.051952,0.004164
6.670000,-0.012238,-0.020189,0.049871,-1.104969,-0.051848,0.004143
6.680000,-0.012177,-0.020088,0.049622,-1.105005,-0.051743,0.004123
6.690000,-0.012116,-0.019988,0.049375,-1.105040,-0.051639,0.004102
6.700000,-0.012056,-0.019888,0.049129,-1.105076,-0.051535,0.004082
6.710000,-0.011996,-0.019789,0.048884,-1.105111,-0.051432,0.004061
6.720000,-0.011936,-0.019690,0.048641,-1.105146,-0.051328,0.004041
6.730000,-0.011876,-0.019592,0.048399,-1.105180,-0.051225,0.004021
6.740000,-0.011817,-0.019494,0.048157,-1.105215,-0.051122,0.004001
6.750000,-0.011758,-0.019397,0.047918,-1.105249,-0.051019,0.003981
6.760000,-0.011700,-0.019300,0.047679,-1.105283,-0.050917,0.003961
6.770000,-0.011641,-0.019204,0.047441,-1.105316,-0.050814,0.003941
6.780000,-0.011583,-0.019108,0.047205,-1.105350,-0.050712,0.003922
6.790000,-0.011525,-0.019012,0.046970,-1.105383,-0.050610,0.003902
6.800000,-0.011468,-0.018917,0.046736,-1.105416,-0.050508,0.003883
6.810000,-0.011411,-0.018823,0.046503,-1.105449,-0.050407,0.003863
6.820000,-0.011354,-0.018729,0.046271,-1.105482,-0.050305,0.003844
6.830000,-0.011297,-0.018636,0.046041,-1.105514,-0.050204,0.003825
6.840000,-0.011241,-0.018543,0.045811,-1.105547,-0.050103,0.003806
6.850000,-0.011185,-0.018450,0.045583,-1.105579,-0.050003,0.003787
6.860000,-0.011129,-0.018358,0.045356,-1.105610,-0.049902,0.003768
6.870000,-0.011073,-0.018266,0.045130,-1.105642,-0.049802,0.003749
6.880000,-0.011018,-0.018175,0.044905,-1.105673,-0.049702,0.003730
6.890000,-0.010963,-0.018084,0.044681,-1.105705,-0.049602,0.003712
6.900000,-0.010908,-0.017994,0.044459,-1.105736,-0.049502,0.003693
6.910000,-0.010854,-0.017904,0.044237,-1.105767,-0.049402,0.003675
6.920000,-0.010800,-0.017815,0.044017,-1.105797,-0.049303,0.003657
6.930000,-0.010746,-0.017726,0.043797,-1.105828,-0.049204,0.003638
6.940000,-0.010692,-0.017638,0.043579,-1.105858,-0.049105,0.003620
6.950000,-0.010639,-0.017550,0.043362,-1.105888,-0.049006,0.003602
6.960000,-0.010586,-0.017462,0.043146,-1.105918,-0.048908,0.003584
6.970000,-0.010533,-0.017375,0.042931,-1.105947,-0.048810,0.003566
6.980000,-0.010481,-0.017288,0.042717,-1.105977,-0.048712,0.003549
6.990000,-0.010428,-0.017202,0.042504,-1.106006,-0.048614,0.003531
7.000000,-0.010376,-0.017116,0.042292,-1.106035,-0.048516,0.003513
7.010000,-0.010324,-0.017031,0.042082,-1.106064,-0.048418,0.003496
7.020000,-0.010273,-0.016946,0.041872,-1.106093,-0.048321,0.003478
7.030000,-0.010222,-0.016861,0.041663,-1.106121,-0.048224,0.003461
7.040000,-0.010171,-0.016777,0.041456,-1.106149,-0.048127,0.003444
7.050000,-0.010120,-0.016693,0.041249,-1.106178,-0.048030,0.003426
7.060000,-0.010070,-0.016610,0.041043,-1.106206,-0.047934,0.003409
7.070000,-0.010019,-0.016527,0.040839,-1.106233,-0.047838,0.003392
7.080000,-0.009969,-0.016445,0.040635,-1.106261,-0.047741,0.003375
7.090000,-0.009920,-0.016363,0.040433,-1.106288,-0.047646,0.003359
7.100000,-0.009870,-0.016281,0.040231,-1.106316,-0.047550,0.003342
7.110000,-0.009821,-0.016200,0.040031,-1.106343,-0.047454,0.003325
7.120000,-0.009772,-0.016119,0.039831,-1.106370,-0.047359,0.003309
7.130000,-0.009723,-0.016038,0.039633,-1.106396,-0.047264,0.003292
7.140000,-0.009675,-0.015958,0.039435,-1.106423,-0.047169,0.003276
7.150000,-0.009626,-0.015879,0.039239,-1.106449,-0.047074,0.003259
7.160000,-0.009578,-0.015799,0.039043,-1.106475,-0.046979,0.003243
7.170000,-0.009531,-0.015721,0.038849,-1.106502,-0.046885,0.003227
7.180000,-0.009483,-0.015642,0.038655,-1.106527,-0.046791,0.003211
7.190000,-0.009436,-0.015564,0.038462,-1.106553,-0.046697,0.003195
7.200000,-0.009389,-0.015486,0.038271,-1.106579,-0.046603,0.003179
7.210000,-0.009342,-0.015409,0.038080,-1.106604,-0.046509,0.003163
7.220000,-0.009295,-0.015332,0.037890,-1.106629,-0.046416,0.003147
7.230000,-0.009249,-0.015256,0.037701,-1.106654,-0.046323,0.003132
7.240000,-0.009203,-0.015180,0.037513,-1.106679,-0.046230,0.003116
7.250000,-0.009157,-0.015104,0.037326,-1.106704,-0.046137,0.003100
7.260000,-0.009111,-0.015029,0.037140,-1.106728,-0.046044,0.003085
7.270000,-0.009066,-0.014954,0.036955,-1.106753,-0.045952,0.003070
7.280000,-0.009020,-0.014879,0.036771,-1.106777,-0.045859,0.003054
7.290000,-0.008975,-0.014805,0.036588,-1.106801,-0.045767,0.003039
7.300000,-0.008931,-0.014731,0.036405,-1.106825,-0.045675,0.003024
7.310000,-0.008886,-0.014657,0.036224,-1.106849,-0.045584,0.003009
7.320000,-0.008842,-0.014584,0.036043,-1.106873,-0.045492,0.002994
7.330000,-0.008798,-0.014511,0.035864,-1.106896,-0.045401,0.002979
7.340000,-0.008754,-0.014439,0.035685,-1.106919,-0.045310,0.002964
7.350000,-0.008710,-0.014367,0.035507,-1.106943,-0.045219,0.002949
7.360000,-0.008667,-0.014295,0.035330,-1.106966,-0.045128,0.002934
7.370000,-0.008623,-0.014224,0.035154,-1.106989,-0.045037,0.002920
7.380000,-0.008580,-0.014153,0.034979,-1.107011,-0.044947,0.002905
7.390000,-0.008538,-0.014082,0.034805,-1.107034,-0.044856,0.002891
7.400000,-0.008495,-0.014012,0.034631,-1.107056,-0.044766,0.002876
7.410000,-0.008453,-0.013942,0.034458,-1.107079,-0.044677,0.002862
7.420000,-0.008411,-0.013873,0.034287,-1.107101,-0.044587,0.002848
7.430000,-0.008369,-0.013803,0.034116,-1.107123,-0.044497,0.002834
7.440000,-0.008327,-0.013735,0.033946,-1.107145,-0.044408,0.002819
7.450000,-0.008285,-0.013666,0.033776,-1.107166,-0.044319,0.002805
7.460000,-0.008244,-0.013598,0.033608,-1.107188,-0.044230,0.002791
7.470000,-0.008203,-0.013530,0.033441,-1.107209,-0.044141,0.002777
7.480000,-0.008162,-0.013463,0.033274,-1.107231,-0.044052,0.002764
7.490000,-0.008121,-0.013395,0.033108,-1.107252,-0.043964,0.002750
7.500000,-0.008081,-0.013329,0.032943,-1.107273,-0.043876,0.002736
7.510000,-0.008040,-0.013262,0.032779,-1.107294,-0.043788,0.002722
7.520000,-0.008000,-0.013196,0.032615,-1.107315,-0.043700,0.002709
7.530000,-0.007960,-0.013130,0.032453,-1.107335,-0.043612,0.002695
7.540000,-0.007921,-0.013065,0.032291,-1.107356,-0.043524,0.002682
7.550000,-0.007881,-0.012999,0.032130,-1.107376,-0.043437,0.002669
7.560000,-0.007842,-0.012934,0.031970,-1.107396,-0.043350,0.002655
7.570000,-0.007803,-0.012870,0.031811,-1.107416,-0.043263,0.002642
7.580000,-0.007764,-0.012806,0.031652,-1.107436,-0.043176,0.002629
7.590000,-0.007725,-0.012742,0.031494,-1.107456,-0.043089,0.002616
7.600000,-0.007687,-0.012678,0.031337,-1.107476,-0.043003,0.002603
7.610000,-0.007648,-0.012615,0.031181,-1.107495,-0.042916,0.002590
7.620000,-0.007610,-0.012552,0.031025,-1.107515,-0.042830,0.002577
7.630000,-0.007572,-0.012489,0.030871,-1.107534,-0.042744,0.002564
7.640000,-0.007534,-0.012427,0.030717,-1.107554,-0.042659,0.002551
7.650000,-0.007497,-0.012365,0.030564,-1.107573,-0.042573,0.002538
7.660000,-0.007459,-0.012303,0.030411,-1.107592,-0.042488,0.002526
7.670000,-0.007422,-0.012242,0.030260,-1.107610,-0.042402,0.002513
7.680000,-0.007385,-0.012181,0.030109,-1.107629,-0.042317,0.002501
7.690000,-0.007348,-0.012120,0.029959,-1.107648,-0.042232,0.002488
7.700000,-0.007312,-0.012060,0.029809,-1.107666,-0.042147,0.002476
7.710000,-0.007275,-0.012000,0.029661,-1.107685,-0.042063,0.002463
7.720000,-0.007239,-0.011940,0.029513,-1.107703,-0.041978,0.002451
7.730000,-0.007203,-0.011880,0.029366,-1.107721,-0.041894,0.002439
7.740000,-0.007167,-0.011821,0.029219,-1.107739,-0.041810,0.002427
7.750000,-0.007131,-0.011762,0.029074,-1.107757,-0.041726,0.002415
7.760000,-0.007096,-0.011703,0.028929,-1.107775,-0.041643,0.002403
7.770000,-0.007060,-0.011645,0.028785,-1.107792,-0.041559,0.002391
7.780000,-0.007025,-0.011587,0.028641,-1.107810,-0.041476,0.002379
7.790000,-0.006990,-0.011529,0.028498,-1.107827,-0.041392,0.002367
7.800000,-0.006955,-0.011471,0.028356,-1.107845,-0.041309,0.002355
7.810000,-0.006920,-0.011414,0.028215,-1.107862,-0.041226,0.002343
7.820000,-0.006886,-0.011357,0.028074,-1.107879,-0.041144,0.002332
7.830000,-0.006851,-0.011301,0.027934,-1.107896,-0.041061,0.002320
7.840000,-0.006817,-0.011244,0.027795,-1.107913,-0.040979,0.002308
7.850000,-0.006783,-0.011188,0.027656,-1.107930,-0.040897,0.002297
7.860000,-0.006749,-0.011132,0.027519,-1.107946,-0.040814,0.002285
7.870000,-0.006716,-0.011077,0.027381,-1.107963,-0.040733,0.002274
7.880000,-0.006682,-0.011022,0.027245,-1.107979,-0.040651,0.002263
7.890000,-0.006649,-0.010967,0.027109,-1.107996,-0.040569,0.002251
7.900000,-0.006616,-0.010912,0.026974,-1.108012,-0.040488,0.002240
7.910000,-0.006583,-0.010857,0.026839,-1.108028,-0.040407,0.002229
7.920000,-0.006550,-0.010803,0.026706,-1.108044,-0.040326,0.002218
7.930000,-0.006517,-0.010749,0.026572,-1.108060,-0.040245,0.002207
7.940000,-0.006485,-0.010696,0.026440,-1.108076,-0.040164,0.002196
7.950000,-0.006452,-0.010642,0.026308,-1.108091,-0.040083,0.002185
7.960000,-0.006420,-0.010589,0.026177,-1.108107,-0.040003,0.002174
7.970000,-0.006388,-0.010536,0.026046,-1.108123,-0.039923,0.002163
7.980000,-0.006356,-0.010484,0.025917,-1.108138,-0.039843,0.002152
7.990000,-0.006325,-0.010432,0.025787,-1.108153,-0.039763,0.002142
8.000000,-0.006293,-0.010380,0.025659,-1.108168,-0.039683,0.002131
8.010000,-0.006262,-0.010328,0.025531,-1.108184,-0.039603,0.002120
8.020000,-0.006230,-0.010276,0.025403,-1.108199,-0.039524,0.002110
8.030000,-0.006199,-0.010225,0.025277,-1.108214,-0.039445,0.002099
8.040000,-0.006168,-0.010174,0.025151,-1.108228,-0.039366,0.002089
8.050000,-0.006138,-0.010123,0.025025,-1.108243,-0.039287,0.002078
8.060000,-0.006107,-0.010073,0.024901,-1.108258,-0.039208,0.002068
8.070000,-0.006077,-0.010022,0.024776,-1.108272,-0.039129,0.002058
8.080000,-0.006046,-0.009972,0.024653,-1.108287,-0.039051,0.002047
8.090000,-0.006016,-0.009923,0.024530,-1.108301,-0.038972,0.002037
8.100000,-0.005986,-0.009873,0.024408,-1.108315,-0.038894,0.002027
8.110000,-0.005956,-0.009824,0.024286,-1.108330,-0.038816,0.002017
8.120000,-0.005927,-0.009775,0.024165,-1.108344,-0.038738,0.002007
8.130000,-0.005897,-0.009726,0.024044,-1.108358,-0.038661,0.001997
8.140000,-0.005868,-0.009678,0.023925,-1.108372,-0.038583,0.001987
8.150000,-0.005838,-0.009629,0.023805,-1.108385,-0.038506,0.001977
8.160000,-0.005809,-0.009581,0.023687,-1.108399,-0.038429,0.001967
8.170000,-0.005780,-0.009534,0.023568,-1.108413,-0.038352,0.001957
8.180000,-0.005751,-0.009486,0.023451,-1.108426,-0.038275,0.001947
8.190000,-0.005723,-0.009439,0.023334,-1.108440,-0.038198,0.001938
8.200000,-0.005694,-0.009392,0.023218,-1.108453,-0.038121,0.001928
8.210000,-0.005666,-0.009345,0.023102,-1.108466,-0.038045,0.001918
8.220000,-0.005638,-0.009298,0.022987,-1.108480,-0.037969,0.001909
8.230000,-0.005609,-0.009252,0.022872,-1.108493,-0.037892,0.001899
8.240000,-0.005581,-0.009206,0.022758,-1.108506,-0.037816,0.001890
8.250000,-0.005554,-0.009160,0.022645,-1.108519,-0.037741,0.001880
8.260000,-0.005526,-0.009114,0.022532,-1.108531,-0.037665,0.001871
8.270000,-0.005498,-0.009069,0.022419,-1.108544,-0.037589,0.001862
8.280000,-0.005471,-0.009023,0.022307,-1.108557,-0.037514,0.001852
8.290000,-0.005444,-0.008978,0.022196,-1.108570,-0.037439,0.001843
8.300000,-0.005416,-0.008933,0.022086,-1.108582,-0.037364,0.001834
8.310000,-0.005389,-0.008889,0.021975,-1.108595,-0.037289,0.001825
8.320000,-0.005363,-0.008845,0.021866,-1.108607,-0.037214,0.001816
8.330000,-0.005336,-0.008800,0.021757,-1.108619,-0.037139,0.001807
8.340000,-0.005309,-0.008757,0.021648,-1.108631,-0.037065,0.001798
8.350000,-0.005283,-0.008713,0.021540,-1.108644,-0.036991,0.001789
8.360000,-0.005256,-0.008669,0.021433,-1.108656,-0.036917,0.001780
8.370000,-0.005230,-0.008626,0.021326,-1.108668,-0.036843,0.001771
8.380000,-0.005204,-0.008583,0.021220,-1.108679,-0.036769,0.001762
8.390000,-0.005178,-0.008540,0.021114,-1.108691,-0.036695,0.001753
8.400000,-0.005152,-0.008498,0.021009,-1.108703,-0.036621,0.001745
8.410000,-0.005127,-0.008455,0.020904,-1.108715,-0.036548,0.001736
8.420000,-0.005101,-0.008413,0.020800,-1.108726,-0.036475,0.001727
8.430000,-0.005076,-0.008371,0.020696,-1.108738,-0.036402,0.001719
8.440000,-0.005050,-0.008329,0.020593,-1.108749,-0.036329,0.001710
8.450000,-0.005025,-0.008288,0.020490,-1.108761,-0.036256,0.001702
8.460000,-0.005000,-0.008247,0.020388,-1.108772,-0.036183,0.001693
8.470000,-0.004975,-0.008205,0.020286,-1.108783,-0.036111,0.001685
8.480000,-0.004950,-0.008164,0.020185,-1.108794,-0.036038,0.001676
8.490000,-0.004926,-0.008124,0.020084,-1.108805,-0.035966,0.001668
8.500000,-0.004901,-0.008083,0.019984,-1.108816,-0.035894,0.001660
8.510000,-0.004877,-0.008043,0.019885,-1.108827,-0.035822,0.001651
8.520000,-0.004852,-0.008003,0.019785,-1.108838,-0.035750,0.001643
8.530000,-0.004828,-0.007963,0.019687,-1.108849,-0.035678,0.001635
8.540000,-0.004804,-0.007923,0.019589,-1.108860,-0.035607,0.001627
8.550000,-0.004780,-0.007884,0.019491,-1.108870,-0.035536,0.001619
8.560000,-0.004756,-0.007844,0.019394,-1.108881,-0.035464,0.001610
8.570000,-0.004732,-0.007805,0.019297,-1.108892,-0.035393,0.001602
8.580000,-0.004709,-0.007766,0.019201,-1.108902,-0.035322,0.001594
8.590000,-0.004685,-0.007728,0.019105,-1.108912,-0.035252,0.001586
8.600000,-0.004662,-0.007689,0.019010,-1.108923,-0.035181,0.001579
8.610000,-0.004639,-0.007651,0.018915,-1.108933,-0.035110,0.001571
8.620000,-0.004616,-0.007612,0.018821,-1.108943,-0.035040,0.001563
8.630000,-0.004593,-0.007574,0.018727,-1.108953,-0.034970,0.001555
8.640000,-0.004570,-0.007537,0.018633,-1.108963,-0.034900,0.001547
8.650000,-0.004547,-0.007499,0.018541,-1.108973,-0.034830,0.001540
8.660000,-0.004524,-0.007462,0.018448,-1.108983,-0.034760,0.001532
8.670000,-0.004502,-0.007424,0.018356,-1.108993,-0.034690,0.001524
8.680000,-0.004479,-0.007387,0.018265,-1.109003,-0.034621,0.001517
8.690000,-0.004457,-0.007351,0.018173,-1.109013,-0.034551,0.001509
8.700000,-0.004435,-0.007314,0.018083,-1.109022,-0.034482,0.001502
8.710000,-0.004412,-0.007277,0.017993,-1.109032,-0.034413,0.001494
8.720000,-0.004390,-0.007241,0.017903,-1.109041,-0.034344,0.001487
8.730000,-0.004369,-0.007205,0.017814,-1.109051,-0.034275,0.001479
8.740000,-0.004347,-0.007169,0.017725,-1.109060,-0.034207,0.001472
8.750000,-0.004325,-0.007133,0.017636,-1.109070,-0.034138,0.001465
8.760000,-0.004304,-0.007098,0.017549,-1.109079,-0.034070,0.001457
8.770000,-0.004282,-0.007062,0.017461,-1.109088,-0.034001,0.001450
8.780000,-0.004261,-0.007027,0.017374,-1.109097,-0.033933,0.001443
8.790000,-0.004239,-0.006992,0.017287,-1.109107,-0.033865,0.001436
8.800000,-0.004218,-0.006957,0.017201,-1.109116,-0.033797,0.001428
8.810000,-0.004197,-0.006922,0.017115,-1.109125,-0.033730,0.001421
8.820000,-0.004176,-0.006888,0.017030,-1.109134,-0.033662,0.001414
8.830000,-0.004155,-0.006854,0.016945,-1.109142,-0.033595,0.001407
8.840000,-0.004135,-0.006819,0.016861,-1.109151,-0.033527,0.001400
8.850000,-0.004114,-0.006785,0.016776,-1.109160,-0.033460,0.001393
8.860000,-0.004094,-0.006752,0.016693,-1.109169,-0.033393,0.001386
8.870000,-0.004073,-0.006718,0.016610,-1.109177,-0.033326,0.001379
8.880000,-0.004053,-0.006684,0.016527,-1.109186,-0.033259,0.001372
8.890000,-0.004033,-0.006651,0.016444,-1.109195,-0.033193,0.001365
8.900000,-0.004013,-0.006618,0.016362,-1.109203,-0.033126,0.001359
8.910000,-0.003993,-0.006585,0.016281,-1.109212,-0.033060,0.001352
8.920000,-0.003973,-0.006552,0.016200,-1.109220,-0.032994,0.001345
8.930000,-0.003953,-0.006519,0.016119,-1.109228,-0.032928,0.001338
8.940000,-0.003933,-0.006487,0.016038,-1.109237,-0.032862,0.001332
8.950000,-0.003913,-0.006454,0.015958,-1.109245,-0.032796,0.001325
8.960000,-0.003894,-0.006422,0.015879,-1.109253,-0.032730,0.001319
8.970000,-0.003875,-0.006390,0.015800,-1.109261,-0.032665,0.001312
8.980000,-0.003855,-0.006358,0.015721,-1.109269,-0.032599,0.001305
8.990000,-0.003836,-0.006327,0.015642,-1.109277,-0.032534,0.001299
9.000000,-0.003817,-0.006295,0.015564,-1.109285,-0.032469,0.001292
9.010000,-0.003798,-0.006264,0.015487,-1.109293,-0.032404,0.001286
9.020000,-0.003779,-0.006232,0.015410,-1.109301,-0.032339,0.001280
9.030000,-0.003760,-0.006201,0.015333,-1.109309,-0.032274,0.001273
9.040000,-0.003741,-0.006170,0.015256,-1.109316,-0.032209,0.001267
9.050000,-0.003723,-0.006140,0.015180,-1.109324,-0.032145,0.001261
9.060000,-0.003704,-0.006109,0.015104,-1.109332,-0.032080,0.001254
9.070000,-0.003686,-0.006079,0.015029,-1.109339,-0.032016,0.001248
9.080000,-0.003667,-0.006048,0.014954,-1.109347,-0.031952,0.001242
9.090000,-0.003649,-0.006018,0.014880,-1.109355,-0.031888,0.001236
9.100000,-0.003631,-0.005988,0.014805,-1.109362,-0.031824,0.001229
9.110000,-0.003613,-0.005958,0.014732,-1.109369,-0.031760,0.001223
9.120000,-0.003595,-0.005928,0.014658,-1.109377,-0.031697,0.001217
9.130000,-0.003577,-0.005899,0.014585,-1.109384,-0.031633,0.001211
9.140000,-0.003559,-0.005869,0.014512,-1.109391,-0.031570,0.001205
9.150000,-0.003541,-0.005840,0.014440,-1.109399,-0.031507,0.001199
9.160000,-0.003523,-0.005811,0.014368,-1.109406,-0.031444,0.001193
9.170000,-0.003506,-0.005782,0.014296,-1.109413,-0.031381,0.001187
9.180000,-0.003488,-0.005753,0.014225,-1.109420,-0.031318,0.001181
9.190000,-0.003471,-0.005725,0.014154,-1.109427,-0.031255,0.001175
9.200000,-0.003454,-0.005696,0.014083,-1.109434,-0.031192,0.001169
9.210000,-0.003436,-0.005668,0.014013,-1.109441,-0.031130,0.001164
9.220000,-0.003419,-0.005639,0.013943,-1.109448,-0.031068,0.001158
9.230000,-0.003402,-0.005611,0.013874,-1.109455,-0.031005,0.001152
9.240000,-0.003385,-0.005583,0.013805,-1.109462,-0.030943,0.001146
9.250000,-0.003368,-0.005555,0.013736,-1.109468,-0.030881,0.001141
9.260000,-0.003352,-0.005528,0.013667,-1.109475,-0.030819,0.001135
9.270000,-0.003335,-0.005500,0.013599,-1.109482,-0.030758,0.001129
9.280000,-0.003318,-0.005473,0.013531,-1.109488,-0.030696,0.001124
9.290000,-0.003302,-0.005445,0.013464,-1.109495,-0.030635,0.001118
9.300000,-0.003285,-0.005418,0.013397,-1.109502,-0.030573,0.001112
9.310000,-0.003269,-0.005391,0.013330,-1.109508,-0.030512,0.001107
9.320000,-0.003252,-0.005364,0.013263,-1.109515,-0.030451,0.001101
9.330000,-0.003236,-0.005337,0.013197,-1.109521,-0.030390,0.001096
9.340000,-0.003220,-0.005311,0.013131,-1.109527,-0.030329,0.001090
9.350000,-0.003204,-0.005284,0.013066,-1.109534,-0.030268,0.001085
9.360000,-0.003188,-0.005258,0.013001,-1.109540,-0.030208,0.001080
9.370000,-0.003172,-0.005232,0.012936,-1.109546,-0.030147,0.001074
9.380000,-0.003156,-0.005206,0.012871,-1.109553,-0.030087,0.001069
9.390000,-0.003141,-0.005180,0.012807,-1.109559,-0.030027,0.001063
9.400000,-0.003125,-0.005154,0.012743,-1.109565,-0.029967,0.001058
9.410000,-0.003109,-0.005128,0.012680,-1.109571,-0.029907,0.001053
9.420000,-0.003094,-0.005103,0.012617,-1.109577,-0.029847,0.001048
9.430000,-0.003078,-0.005077,0.012554,-1.109583,-0.029787,0.001042
9.440000,-0.003063,-0.005052,0.012491,-1.109589,-0.029727,0.001037
9.450000,-0.003048,-0.005027,0.012429,-1.109595,-0.029668,0.001032
9.460000,-0.003033,-0.005002,0.012367,-1.109601,-0.029608,0.001027
9.470000,-0.003017,-0.004977,0.012305,-1.109607,-0.029549,0.001022
9.480000,-0.003002,-0.004952,0.012244,-1.109613,-0.029490,0.001017
9.490000,-0.002987,-0.004927,0.012183,-1.109618,-0.029431,0.001012
9.500000,-0.002973,-0.004903,0.012122,-1.109624,-0.029372,0.001007
9.510000,-0.002958,-0.004878,0.012061,-1.109630,-0.029313,0.001002
9.520000,-0.002943,-0.004854,0.012001,-1.109636,-0.029254,0.000997
9.530000,-0.002928,-0.004830,0.011941,-1.109641,-0.029196,0.000992
9.540000,-0.002914,-0.004805,0.011882,-1.109647,-0.029137,0.000987
9.550000,-0.002899,-0.004781,0.011823,-1.109652,-0.029079,0.000982
9.560000,-0.002885,-0.004758,0.011764,-1.109658,-0.029021,0.000977
9.570000,-0.002870,-0.004734,0.011705,-1.109663,-0.028963,0.000972
9.580000,-0.002856,-0.004710,0.011647,-1.109669,-0.028905,0.000967
9.590000,-0.002842,-0.004687,0.011588,-1.109674,-0.028847,0.000962
9.600000,-0.002828,-0.004663,0.011531,-1.109680,-0.028789,0.000957
9.610000,-0.002813,-0.004640,0.011473,-1.109685,-0.028731,0.000953
9.620000,-0.002799,-0.004617,0.011416,-1.109690,-0.028674,0.000948
9.630000,-0.002785,-0.004594,0.011359,-1.109696,-0.028616,0.000943
9.640000,-0.002772,-0.004571,0.011302,-1.109701,-0.028559,0.000938
9.650000,-0.002758,-0.004548,0.011246,-1.109706,-0.028502,0.000934
9.660000,-0.002744,-0.004526,0.011190,-1.109711,-0.028445,0.000929
9.670000,-0.002730,-0.004503,0.011134,-1.109717,-0.028388,0.000925
9.680000,-0.002717,-0.004481,0.011079,-1.109722,-0.028331,0.000920
9.690000,-0.002703,-0.004458,0.011023,-1.109727,-0.028274,0.000915
9.700000,-0.002690,-0.004436,0.010968,-1.109732,-0.028218,0.000911
9.710000,-0.002676,-0.004414,0.010914,-1.109737,-0.028161,0.000906
9.720000,-0.002663,-0.004392,0.010859,-1.109742,-0.028105,0.000902
9.730000,-0.002650,-0.004370,0.010805,-1.109747,-0.028049,0.000897
9.740000,-0.002636,-0.004348,0.010751,-1.109752,-0.027993,0.000893
9.750000,-0.002623,-0.004326,0.010698,-1.109757,-0.027937,0.000888
9.760000,-0.002610,-0.004305,0.010644,-1.109762,-0.027881,0.000884
9.770000,-0.002597,-0.004283,0.010591,-1.109766,-0.027825,0.000879
9.780000,-0.002584,-0.004262,0.010538,-1.109771,-0.027769,0.000875
9.790000,-0.002571,-0.004241,0.010486,-1.109776,-0.027713,0.000871
9.800000,-0.002558,-0.004220,0.010433,-1.109781,-0.027658,0.000866
9.810000,-0.002546,-0.004199,0.010381,-1.109785,-0.027603,0.000862
9.820000,-0.002533,-0.004178,0.010330,-1.109790,-0.027547,0.000858
9.830000,-0.002520,-0.004157,0.010278,-1.109795,-0.027492,0.000853
9.840000,-0.002508,-0.004136,0.010227,-1.109799,-0.027437,0.000849
9.850000,-0.002495,-0.004115,0.010176,-1.109804,-0.027382,0.000845
9.860000,-0.002483,-0.004095,0.010125,-1.109809,-0.027327,0.000841
9.870000,-0.002470,-0.004074,0.010075,-1.109813,-0.027273,0.000837
9.880000,-0.002458,-0.004054,0.010024,-1.109818,-0.027218,0.000832
9.890000,-0.002446,-0.004034,0.009974,-1.109822,-0.027164,0.000828
9.900000,-0.002434,-0.004014,0.009925,-1.109827,-0.027109,0.000824
9.910000,-0.002422,-0.003994,0.009875,-1.109831,-0.027055,0.000820
9.920000,-0.002409,-0.003974,0.009826,-1.109835,-0.027001,0.000816
9.930000,-0.002397,-0.003954,0.009777,-1.109840,-0.026947,0.000812
9.940000,-0.002386,-0.003934,0.009728,-1.109844,-0.026893,0.000808
9.950000,-0.002374,-0.003915,0.009680,-1.109848,-0.026839,0.000804
9.960000,-0.002362,-0.003895,0.009631,-1.109853,-0.026785,0.000800
9.970000,-0.002350,-0.003876,0.009583,-1.109857,-0.026732,0.000796
9.980000,-0.002338,-0.003856,0.009536,-1.109861,-0.026678,0.000792
9.990000,-0.002327,-0.003837,0.009488,-1.109865,-0.026625,0.000788
10.000000,-0.002315,-0.003818,0.009441,-1.109869,-0.026572,0.000784
