0.000000,-0.000000,-0.000000,9.810000,0.000000,0.000000,0.000000,0.000000,0.000000,0.000000,0.000000,0.000000,0.000000
0.010000,2.525729,-4.874279,10.020051,7.799848,9.463156,1.908649,0.000200,-0.000450,0.000050,0.599960,2.699595,2.249063
0.020000,5.132904,-9.708355,9.651431,7.663489,9.535226,1.539876,0.000800,-0.001799,0.000200,1.199680,5.396761,4.492504
0.030000,5.636521,-10.014471,9.024868,7.490197,9.596012,1.176131,0.001799,-0.004047,0.000450,1.798920,8.089069,6.724716
0.040000,6.093615,-10.287278,8.375423,7.281153,9.644387,0.821239,0.003198,-0.007191,0.000800,2.397441,10.774099,8.940120
0.050000,6.502077,-10.527611,7.709851,7.037947,9.679296,0.478903,0.004996,-0.011228,0.001250,2.995002,13.449432,11.133178
0.060000,6.860711,-10.736601,7.034952,6.762560,9.699778,0.152659,0.007191,-0.016155,0.001799,3.591366,16.112662,13.298409
0.070000,7.169235,-10.915623,6.357435,6.457334,9.704982,-0.154166,0.009784,-0.021967,0.002449,4.186293,18.761391,15.430401
0.080000,7.428254,-11.066239,5.683785,6.124940,9.694188,-0.438496,0.012772,-0.028660,0.003198,4.779546,21.393236,17.523825
0.090000,7.639216,-11.190142,5.020147,5.768333,9.666815,-0.697540,0.016156,-0.036226,0.004047,5.370887,24.005829,19.573449
0.100000,7.804346,-11.289106,4.372216,5.390715,9.622440,-0.928816,0.019933,-0.044660,0.004996,5.960080,26.596819,21.574149
0.110000,7.926563,-11.364926,3.745154,4.995486,9.560799,-1.130184,0.024102,-0.053954,0.006044,6.546889,29.163873,23.520925
0.120000,8.009385,-11.419375,3.143510,4.586194,9.481792,-1.299858,0.028661,-0.064098,0.007191,7.131079,31.704681,25.408911
0.130000,8.056822,-11.454161,2.571172,4.166486,9.385490,-1.436421,0.033609,-0.075085,0.008438,7.712417,34.216957,27.233388
0.140000,8.073269,-11.470884,2.031333,3.740056,9.272125,-1.538830,0.038943,-0.086905,0.009784,8.290669,36.698441,28.989796
0.150000,8.063390,-11.471007,1.526472,3.310597,9.142091,-1.606420,0.044662,-0.099545,0.011229,8.865606,39.146898,30.673744
0.160000,8.032009,-11.455830,1.058360,2.881750,8.995931,-1.638896,0.050763,-0.112997,0.012773,9.436997,41.560126,32.281024
0.170000,7.984002,-11.426473,0.628079,2.457059,8.834327,-1.636325,0.057243,-0.127246,0.014415,10.004613,43.935952,33.807618
0.180000,7.924196,-11.383856,0.236052,2.039928,8.658089,-1.599119,0.064101,-0.142281,0.016156,10.568227,46.272239,35.249711
0.190000,7.857281,-11.328700,-0.117907,1.633580,8.468137,-1.528018,0.071333,-0.158087,0.017996,11.127614,48.566884,36.603698
0.200000,7.787724,-11.261515,-0.434541,1.241025,8.265482,-1.424062,0.078936,-0.174651,0.019933,11.682550,50.817823,37.866194
0.210000,7.719705,-11.182610,-0.715084,0.865024,8.051212,-1.288570,0.086908,-0.191958,0.021969,12.232814,53.023028,39.034045
0.220000,7.657053,-11.092094,-0.961196,0.508069,7.826470,-1.123107,0.095245,-0.209992,0.024102,12.778184,55.180517,40.104331
0.230000,7.603207,-10.989882,-1.174890,0.172360,7.592434,-0.929453,0.103944,-0.228737,0.026333,13.318443,57.288346,41.074377
0.240000,7.561173,-10.875716,-1.358460,-0.140210,7.350302,-0.709570,0.113001,-0.248176,0.028662,13.853375,59.344620,41.941759
0.250000,7.533508,-10.749168,-1.514412,-0.428065,7.101266,-0.465571,0.122413,-0.268291,0.031087,14.382766,61.347488,42.704308
0.260000,7.522299,-10.609663,-1.645391,-0.689949,6.846500,-0.199685,0.132176,-0.289065,0.033610,14.906404,63.295148,43.360118
0.270000,7.529160,-10.456489,-1.754120,-0.924928,6.587140,0.085777,0.142287,-0.310478,0.036229,15.424080,65.185846,43.907551
0.280000,7.555236,-10.288823,-1.843334,-1.132386,6.324271,0.388449,0.152740,-0.332512,0.038944,15.935586,67.017881,44.345238
0.290000,7.601208,-10.105744,-1.915730,-1.312012,6.058909,0.705946,0.163532,-0.355147,0.041756,16.440718,68.789604,44.672085
0.300000,7.667308,-9.906252,-1.973910,-1.463794,5.791995,1.035887,0.174659,-0.378362,0.044663,16.939274,70.499422,44.887274
0.310000,7.753339,-9.689295,-2.020340,-1.587997,5.524380,1.375921,0.186115,-0.402136,0.047666,17.431055,72.145795,44.990269
0.320000,7.858693,-9.453783,-2.057309,-1.685149,5.256819,1.723753,0.197898,-0.426448,0.050764,17.915863,73.727241,44.980812
0.330000,7.982382,-9.198616,-2.086900,-1.756020,4.989966,2.077159,0.210001,-0.451276,0.053957,18.393506,75.242338,44.858926
0.340000,8.123056,-8.922702,-2.110954,-1.801598,4.724369,2.434006,0.222420,-0.476598,0.057245,18.863791,76.689722,44.624916
0.350000,8.279037,-8.624985,-2.131056,-1.823064,4.460467,2.792264,0.235150,-0.502391,0.060627,19.326531,78.068090,44.279368
0.360000,8.448350,-8.304466,-2.148515,-1.821774,4.198593,3.150019,0.248186,-0.528632,0.064103,19.781540,79.376203,43.823143
0.370000,8.628745,-7.960230,-2.164354,-1.799227,3.938975,3.505477,0.261523,-0.555297,0.067672,20.228637,80.612882,43.257384
0.380000,8.817739,-7.591470,-2.179303,-1.757043,3.681735,3.856971,0.275155,-0.582362,0.071335,20.667643,81.777015,42.583504
0.390000,9.012638,-7.197515,-2.193797,-1.696942,3.426901,4.202959,0.289077,-0.609803,0.075090,21.098383,82.867554,41.803187
0.400000,9.210576,-6.777854,-2.207986,-1.620714,3.174408,4.542031,0.303283,-0.637594,0.078938,21.520683,83.883518,40.918384
0.410000,9.408545,-6.332160,-2.221737,-1.530201,2.924109,4.872898,0.317768,-0.665712,0.082878,21.934375,84.823992,39.931307
0.420000,9.603427,-5.860318,-2.234652,-1.427272,2.675778,5.194389,0.332526,-0.694131,0.086910,22.339294,85.688131,38.844421
0.430000,9.792032,-5.362446,-2.246089,-1.313806,2.429126,5.505448,0.347551,-0.722825,0.091033,22.735277,86.475156,37.660446
0.440000,9.971129,-4.838919,-2.255182,-1.191668,2.183804,5.805119,0.362837,-0.751768,0.095248,23.122166,87.184359,36.382338
0.450000,10.137483,-4.290384,-2.260869,-1.062695,1.939420,6.092543,0.378377,-0.780935,0.099552,23.499807,87.815102,35.013294
0.460000,10.287886,-3.717780,-2.261932,-0.928679,1.695541,6.366943,0.394167,-0.810298,0.103947,23.868049,88.366818,33.556735
0.470000,10.419199,-3.122349,-2.257025,-0.791348,1.451713,6.627617,0.410198,-0.839833,0.108431,24.226743,88.839009,32.016301
0.480000,10.528379,-2.505645,-2.244717,-0.652359,1.207466,6.873923,0.426466,-0.869511,0.113004,24.575747,89.231251,30.395843
0.490000,10.612522,-1.869533,-2.223540,-0.513279,0.962327,7.105270,0.442963,-0.899307,0.117666,24.914921,89.543191,28.699412
0.500000,10.668889,-1.216192,-2.192028,-0.375579,0.715827,7.321108,0.459682,-0.929193,0.122416,25.244130,89.774549,26.931246
0.510000,10.694946,-0.548104,-2.148766,-0.240622,0.467520,7.520918,0.476618,-0.959143,0.127254,25.563241,89.925115,25.095767
0.520000,10.688391,0.131962,-2.092439,-0.109652,0.216982,7.704202,0.493763,-0.989130,0.132180,25.872127,89.994755,23.197562
0.530000,10.647187,0.820971,-2.021874,0.016209,-0.036169,7.870475,0.511111,-1.019126,0.137192,26.170664,89.983405,21.241374
0.540000,10.569586,1.515651,-1.936089,0.135971,-0.292270,8.019259,0.528654,-1.049105,0.142290,26.458734,89.891077,19.232095
0.550000,10.454161,2.212525,-1.834332,0.248781,-0.551601,8.150077,0.546386,-1.079040,0.147474,26.736221,89.717853,17.174745
0.560000,10.299821,2.907958,-1.716118,0.353927,-0.814378,8.262452,0.564299,-1.108904,0.152744,27.003013,89.463888,15.074467
0.570000,10.105835,3.598200,-1.581260,0.450844,-1.080744,8.355900,0.582386,-1.138669,0.158098,27.259005,89.129412,12.936511
0.580000,9.871845,4.279437,-1.429895,0.539116,-1.350764,8.429936,0.600640,-1.168310,0.163536,27.504093,88.714726,10.766220
0.590000,9.597876,4.947853,-1.262499,0.618476,-1.624416,8.484071,0.619055,-1.197799,0.169058,27.738180,88.220203,8.569019
0.600000,9.284344,5.599683,-1.079898,0.688815,-1.901587,8.517818,0.637621,-1.227110,0.174663,27.961173,87.646287,6.350400
0.610000,8.932060,6.231278,-0.883266,0.750172,-2.182070,8.530699,0.656332,-1.256217,0.180350,28.172981,86.993495,4.115909
0.620000,8.542220,6.839161,-0.674115,0.802744,-2.465557,8.522248,0.675181,-1.285093,0.186120,28.373520,86.262415,1.871130
0.630000,8.116402,7.420094,-0.454276,0.846878,-2.751640,8.492026,0.694160,-1.313712,0.191971,28.562710,85.453705,-0.378326
0.640000,7.656552,7.971126,-0.225871,0.883073,-3.039810,8.439628,0.713261,-1.342049,0.197903,28.740476,84.568093,-2.626836
0.650000,7.164963,8.489650,0.008728,0.911972,-3.329452,8.364696,0.732477,-1.370078,0.203915,28.906746,83.606374,-4.868781
0.660000,6.644254,8.973449,0.246940,0.934361,-3.619854,8.266934,0.751799,-1.397774,0.210006,29.061453,82.569416,-7.098556
0.670000,6.097338,9.420732,0.486029,0.951165,-3.910206,8.146121,0.771221,-1.425112,0.216177,29.204536,81.458151,-9.310589
0.680000,5.527392,9.830167,0.723162,0.963432,-4.199606,8.002130,0.790735,-1.452067,0.222425,29.335938,80.273579,-11.499350
0.690000,4.937820,10.200902,0.955470,0.972333,-4.487064,7.834938,0.810332,-1.478616,0.228752,29.455606,79.016766,-13.659368
0.700000,4.332209,10.532572,1.180114,0.979148,-4.771513,7.644651,0.830005,-1.504733,0.235156,29.563492,77.688843,-15.785245
0.710000,3.714290,10.825307,1.394345,0.985254,-5.051818,7.431511,0.849746,-1.530397,0.241636,29.659553,76.291006,-17.871668
0.720000,3.087892,11.079715,1.595574,0.992108,-5.326785,7.195917,0.869547,-1.555582,0.248192,29.743750,74.824511,-19.913420
0.730000,2.456890,11.296869,1.781425,1.001239,-5.595176,6.938442,0.889401,-1.580268,0.254823,29.816051,73.290680,-21.905399
0.740000,1.825163,11.478270,1.949793,1.014223,-5.855724,6.659837,0.909298,-1.604432,0.261529,29.876425,71.690893,-23.842626
0.750000,1.196542,11.625818,2.098898,1.032669,-6.107144,6.361052,0.929232,-1.628052,0.268309,29.924850,70.026588,-25.720259
0.760000,0.574768,11.741758,2.227318,1.058199,-6.348157,6.043241,0.949194,-1.651106,0.275162,29.961304,68.299264,-27.533605
0.770000,-0.036559,11.828631,2.334031,1.092421,-6.577501,5.707768,0.969176,-1.673574,0.282087,29.985775,66.510475,-29.278131
0.780000,-0.634019,11.889220,2.418436,1.136913,-6.793953,5.356213,0.989171,-1.695436,0.289084,29.998252,64.661831,-30.949477
0.790000,-1.214413,11.926481,2.480366,1.193198,-6.996350,4.990372,1.009170,-1.716672,0.296152,29.998729,62.754996,-32.543466
0.800000,-1.774801,11.943486,2.520098,1.262714,-7.183601,4.612253,1.029165,-1.737263,0.303291,29.987208,60.791686,-34.056112
0.810000,-2.312530,11.943357,2.538345,1.346798,-7.354715,4.224069,1.049149,-1.757191,0.310499,29.963692,58.773668,-35.483636
0.820000,-2.825267,11.929203,2.536244,1.446656,-7.508812,3.828229,1.069113,-1.776437,0.317776,29.928191,56.702757,-36.822470
0.830000,-3.311020,11.904056,2.515331,1.563339,-7.645145,3.427321,1.089049,-1.794984,0.325122,29.880720,54.580817,-38.069267
0.840000,-3.768159,11.870815,2.477513,1.697721,-7.763114,3.024095,1.108950,-1.812816,0.332534,29.821296,52.409758,-39.220910
0.850000,-4.195424,11.832192,2.425032,1.850479,-7.862281,2.621439,1.128807,-1.829916,0.340014,29.749944,50.191535,-40.274521
0.860000,-4.591943,11.790664,2.360413,2.022069,-7.942382,2.222353,1.148612,-1.846270,0.347560,29.666693,47.928142,-41.227467
0.870000,-4.957230,11.748427,2.286425,2.212709,-8.003337,1.829916,1.168359,-1.861861,0.355170,29.571575,45.621617,-42.077366
0.880000,-5.291187,11.707361,2.206018,2.422365,-8.045257,1.447258,1.188037,-1.876677,0.362846,29.464630,43.274035,-42.822093
0.890000,-5.594101,11.668999,2.122271,2.650738,-8.068448,1.077517,1.207641,-1.890704,0.370585,29.345898,40.887510,-43.459788
0.900000,-5.866635,11.634507,2.038329,2.897254,-8.073410,0.723808,1.227161,-1.903929,0.378387,29.215429,38.464189,-43.988855
0.910000,-6.109815,11.604666,1.957344,3.161059,-8.060838,0.389175,1.246591,-1.916341,0.386251,29.073274,36.006253,-44.407974
0.920000,-6.325015,11.579861,1.882413,3.441019,-8.031611,0.076556,1.265922,-1.927928,0.394177,28.919490,33.515914,-44.716095
0.930000,-6.513937,11.560084,1.816514,3.735722,-7.986785,-0.211262,1.285146,-1.938680,0.402163,28.754138,30.995412,-44.912450
0.940000,-6.678586,11.544941,1.762445,4.043488,-7.927580,-0.471680,1.304257,-1.948587,0.410209,28.577286,28.447017,-44.996547
0.950000,-6.821246,11.533657,1.722767,4.362377,-7.855359,-0.702332,1.323245,-1.957640,0.418313,28.389003,25.873021,-44.968176
0.960000,-6.944444,11.525105,1.699747,4.690210,-7.771614,-0.901117,1.342105,-1.965832,0.426476,28.189364,23.275741,-44.827407
0.970000,-7.050923,11.517824,1.695304,5.024588,-7.677940,-1.066236,1.360828,-1.973154,0.434697,27.978450,20.657515,-44.574594
0.980000,-7.143593,11.510056,1.710959,5.362920,-7.576011,-1.196222,1.379406,-1.979600,0.442974,27.756346,18.020699,-44.210368
0.990000,-7.225499,11.499782,1.747797,5.702447,-7.467553,-1.289968,1.397832,-1.985165,0.451306,27.523139,15.367665,-43.735638
1.000000,-7.299769,11.484765,1.806424,6.040281,-7.354315,-1.346747,1.416100,-1.989843,0.459694,27.278923,12.700801,-43.151592
1.010000,-7.369564,11.462597,1.886941,6.373438,-7.238042,-1.366228,1.434201,-1.993630,0.468135,27.023796,10.022507,-42.459690
1.020000,-7.438028,11.430751,1.988924,6.698878,-7.120443,-1.348489,1.452128,-1.996523,0.476630,26.757860,7.335194,-41.661661
1.030000,-7.508234,11.386634,2.111410,7.013541,-7.003167,-1.294017,1.469874,-1.998519,0.485177,26.481221,4.641279,-40.759499
1.040000,-7.583119,11.327647,2.252901,7.314395,-6.887770,-1.203707,1.487433,-1.999617,0.493776,26.193989,1.943188,-39.755460
1.050000,-7.665434,11.251236,2.411369,7.598474,-6.775691,-1.078858,1.504796,-1.999815,0.502425,25.896281,-0.756652,-38.652052
1.060000,-7.757681,11.154957,2.584283,7.862920,-6.668232,-0.921152,1.521957,-1.999113,0.511124,25.588214,-3.455811,-37.452035
1.070000,-7.862055,11.036526,2.768643,8.105026,-6.566528,-0.732637,1.538910,-1.997511,0.519871,25.269913,-6.151861,-36.158407
1.080000,-7.980394,10.893875,2.961030,8.322270,-6.471539,-0.515698,1.555647,-1.995012,0.528667,24.941504,-8.842373,-34.774402
1.090000,-8.114127,10.725200,3.157659,8.512359,-6.384029,-0.273029,1.572162,-1.991618,0.537510,24.603118,-11.524929,-33.303479
1.100000,-8.264228,10.529006,3.354460,8.673253,-6.304556,-0.007592,1.588448,-1.987331,0.546399,24.254892,-14.197112,-31.749315
1.110000,-8.431188,10.304143,3.547151,8.803203,-6.233469,0.277418,1.604499,-1.982155,0.555334,23.896964,-16.856520,-30.115794
1.120000,-8.614984,10.049837,3.731333,8.900768,-6.170902,0.578618,1.620308,-1.976096,0.564313,23.529478,-19.500757,-28.406999
1.130000,-8.815064,9.765713,3.902585,8.964842,-6.116776,0.892484,1.635868,-1.969158,0.573335,23.152580,-22.127445,-26.627201
1.140000,-9.030352,9.451801,4.056563,8.994666,-6.070807,1.215398,1.651175,-1.961347,0.582401,22.766421,-24.734220,-24.780849
1.150000,-9.259252,9.108547,4.189105,8.989838,-6.032512,1.543691,1.666220,-1.952672,0.591508,22.371156,-27.318736,-22.872558
1.160000,-9.499678,8.736799,4.296329,8.950315,-6.001226,1.873694,1.681000,-1.943139,0.600655,21.966943,-29.878667,-20.907098
1.170000,-9.749093,8.337797,4.374729,8.876416,-5.976115,2.201783,1.695507,-1.932757,0.609843,21.553944,-32.411709,-18.889381
1.180000,-10.004557,7.913142,4.421261,8.768812,-5.956194,2.524424,1.709736,-1.921536,0.619070,21.132323,-34.915583,-16.824450
1.190000,-10.262796,7.464770,4.433422,8.628515,-5.940353,2.838209,1.723680,-1.909485,0.628335,20.702250,-37.388035,-14.717467
1.200000,-10.520275,6.994906,4.409313,8.456861,-5.927377,3.139902,1.737336,-1.896616,0.637637,20.263895,-39.826840,-12.573697
1.210000,-10.773279,6.506023,4.347686,8.255489,-5.915969,3.426466,1.750696,-1.882940,0.646975,19.817436,-42.229804,-10.398500
1.220000,-11.018007,6.000791,4.247974,8.026313,-5.904778,3.695095,1.763756,-1.868469,0.656349,19.363050,-44.594764,-8.197313
1.230000,-11.250658,5.482026,4.110304,7.771498,-5.892422,3.943241,1.776511,-1.853217,0.665757,18.900919,-46.919591,-5.975636
1.240000,-11.467531,4.952637,3.935491,7.493422,-5.877513,4.168630,1.788955,-1.837197,0.675198,18.431228,-49.202194,-3.739023
1.250000,-11.665108,4.415576,3.725013,7.194646,-5.858681,4.369278,1.801084,-1.820423,0.684672,17.954164,-51.440519,-1.493065
1.260000,-11.840144,3.873784,3.480968,6.877878,-5.834600,4.543505,1.812892,-1.802911,0.694177,17.469919,-53.632550,0.756626
1.270000,-11.989741,3.330149,3.206016,6.545931,-5.804002,4.689932,1.824374,-1.784676,0.703713,16.978687,-55.776316,3.004425
1.280000,-12.111415,2.787462,2.903310,6.201694,-5.765703,4.807488,1.835528,-1.765735,0.713279,16.480663,-57.869887,5.244714
1.290000,-12.203148,2.248377,2.576411,5.848089,-5.718614,4.895399,1.846346,-1.746105,0.722873,15.976047,-59.911379,7.471895
1.300000,-12.263432,1.715386,2.229198,5.488035,-5.661759,4.953188,1.856827,-1.725803,0.732495,15.465041,-61.898954,9.680399
1.310000,-12.291289,1.190787,1.865771,5.124418,-5.594285,4.980652,1.866964,-1.704848,0.742144,14.947849,-63.830825,11.864708
1.320000,-12.286285,0.676670,1.490361,4.760053,-5.515469,4.977855,1.876755,-1.683259,0.751818,14.424678,-65.705252,14.019361
1.330000,-12.248528,0.174901,1.107224,4.397656,-5.424728,4.945104,1.886195,-1.661054,0.761518,13.895738,-67.520550,16.138973
1.340000,-12.178645,-0.312885,0.720561,4.039814,-5.321618,4.882931,1.895281,-1.638255,0.771241,13.361239,-69.275083,18.218246
1.350000,-12.077758,-0.785288,0.334424,3.688965,-5.205839,4.792069,1.904009,-1.614881,0.780987,12.821396,-70.967273,20.251983
1.360000,-11.947440,-1.241137,-0.047349,3.347368,-5.077228,4.673431,1.912375,-1.590954,0.790755,12.276425,-72.595597,22.235101
1.370000,-11.789665,-1.679489,-0.421208,3.017092,-4.935761,4.528082,1.920376,-1.566495,0.800544,11.726543,-74.158591,24.162642
1.380000,-11.606759,-2.099616,-0.783937,2.699995,-4.781542,4.357216,1.928008,-1.541526,0.810352,11.171971,-75.654846,26.029789
1.390000,-11.401331,-2.500997,-1.132696,2.397715,-4.614799,4.162134,1.935270,-1.516070,0.820180,10.612930,-77.083018,27.831876
1.400000,-11.176219,-2.883302,-1.465045,2.111660,-4.435870,3.944219,1.942158,-1.490149,0.830026,10.049645,-78.441820,29.564397
1.410000,-10.934424,-3.246374,-1.778965,1.843001,-4.245198,3.704911,1.948668,-1.463787,0.839889,9.482339,-79.730029,31.223023
1.420000,-10.679050,-3.590222,-2.072853,1.592672,-4.043317,3.445693,1.954799,-1.437008,0.849767,8.911241,-80.946487,32.803607
1.430000,-10.413248,-3.914993,-2.345521,1.361367,-3.830838,3.168065,1.960549,-1.409835,0.859661,8.336578,-82.090098,34.302199
1.440000,-10.140165,-4.220966,-2.596174,1.149546,-3.608437,2.873534,1.965914,-1.382293,0.869569,7.758580,-83.159834,35.715054
1.450000,-9.862897,-4.508527,-2.824387,0.957435,-3.376844,2.563591,1.970892,-1.354407,0.879490,7.177480,-84.154732,37.038640
1.460000,-9.584447,-4.778156,-3.030072,0.785038,-3.136829,2.239706,1.975483,-1.326203,0.889423,6.593508,-85.073896,38.269648
1.470000,-9.307698,-5.030412,-3.213442,0.632145,-2.889186,1.903312,1.979683,-1.297704,0.899367,6.006900,-85.916499,39.405002
1.480000,-9.035380,-5.265913,-3.374970,0.498339,-2.634725,1.555804,1.983491,-1.268938,0.909321,5.417888,-86.681784,40.441864
1.490000,-8.770054,-5.485323,-3.515347,0.383014,-2.374257,1.198524,1.986906,-1.239929,0.919284,4.826709,-87.369060,41.377643
1.500000,-8.514102,-5.689337,-3.635441,0.285385,-2.108582,0.832767,1.989926,-1.210705,0.929255,4.233600,-87.977711,42.209999
1.510000,-8.269711,-5.878663,-3.736250,0.204502,-1.838483,0.459773,1.992550,-1.181291,0.939233,3.638798,-88.507187,42.936852
1.520000,-8.038878,-6.054012,-3.818864,0.139268,-1.564709,0.080733,1.994777,-1.151713,0.949218,3.042540,-88.957013,43.556385
1.530000,-7.823408,-6.216080,-3.884425,0.088453,-1.287972,-0.303214,1.996607,-1.122000,0.959207,2.445065,-89.326783,44.067050
1.540000,-7.624918,-6.365534,-3.934087,0.050710,-1.008938,-0.690969,1.998037,-1.092176,0.969200,1.846612,-89.616166,44.467571
1.550000,-7.444846,-6.503003,-3.968988,0.024596,-0.728219,-1.081475,1.999069,-1.062269,0.979197,1.247420,-89.824899,44.756945
1.560000,-7.284455,-6.629059,-3.990213,0.008585,-0.446366,-1.473704,1.999700,-1.032306,0.989196,0.647729,-89.952797,44.934451
1.570000,-7.144845,-6.744212,-3.998769,0.001089,-0.163870,-1.866654,1.999932,-1.002314,0.999195,0.047780,-89.999743,44.999643
1.580000,-7.026960,-6.848893,-3.995561,0.000473,0.118848,-2.259335,1.999764,-0.972320,1.009195,-0.552189,-89.965696,44.952360
1.590000,-6.931595,-6.943446,-3.981373,0.005077,0.401434,-2.650764,1.999196,-0.942350,1.019194,-1.151937,-89.850685,44.792720
1.600000,-6.859400,-7.028121,-3.956844,0.013230,0.683605,-3.039955,1.998228,-0.912433,1.029191,-1.751224,-89.654815,44.521121
1.610000,-6.810888,-7.103062,-3.922460,0.023271,0.965145,-3.425909,1.996861,-0.882594,1.039185,-2.349811,-89.378261,44.138243
1.620000,-6.786431,-7.168305,-3.878540,0.033566,1.245910,-3.807606,1.995095,-0.852860,1.049175,-2.947458,-89.021273,43.645041
1.630000,-6.786259,-7.223775,-3.825227,0.042526,1.525817,-4.183994,1.992932,-0.823260,1.059160,-3.543926,-88.584172,43.042750
1.640000,-6.810459,-7.269279,-3.762480,0.048628,1.804846,-4.553987,1.990371,-0.793818,1.069140,-4.138976,-88.067352,42.332875
1.650000,-6.858961,-7.304514,-3.690078,0.050426,2.083035,-4.916455,1.987414,-0.764561,1.079112,-4.732371,-87.471276,41.517189
1.660000,-6.931536,-7.329063,-3.607613,0.046575,2.360468,-5.270221,1.984061,-0.735517,1.089076,-5.323873,-86.796483,40.597733
1.670000,-7.027773,-7.342410,-3.514495,0.035845,2.637276,-5.614058,1.980316,-0.706710,1.099032,-5.913245,-86.043578,39.576802
1.680000,-7.147073,-7.343943,-3.409965,0.017138,2.913621,-5.946686,1.976178,-0.678167,1.108978,-6.500252,-85.213240,38.456951
1.690000,-7.288627,-7.332971,-3.293094,-0.010497,3.189693,-6.266776,1.971650,-0.649914,1.118912,-7.084660,-84.306216,37.240977
1.700000,-7.451399,-7.308739,-3.162808,-0.047849,3.465696,-6.572950,1.966733,-0.621976,1.128835,-7.666233,-83.323321,35.931920
1.710000,-7.634111,-7.270448,-3.017898,-0.095533,3.741838,-6.863787,1.961429,-0.594377,1.138745,-8.244740,-82.265442,34.533052
1.720000,-7.835224,-7.217279,-2.857049,-0.153974,4.018320,-7.137833,1.955741,-0.567144,1.148641,-8.819949,-81.133529,33.047869
1.730000,-8.052924,-7.148419,-2.678858,-0.223400,4.295325,-7.393605,1.949670,-0.540301,1.158522,-9.391631,-79.928601,31.480084
1.740000,-8.285111,-7.063088,-2.481874,-0.303834,4.573006,-7.629611,1.943220,-0.513871,1.168388,-9.959556,-78.651744,29.833615
1.750000,-8.529388,-6.960570,-2.264624,-0.395082,4.851470,-7.844357,1.936392,-0.487878,1.178236,-10.523497,-77.304104,28.112578
1.760000,-8.783062,-6.840249,-2.025658,-0.496734,5.130771,-8.036370,1.929190,-0.462346,1.188067,-11.083229,-75.886897,26.321274
1.770000,-9.043144,-6.701634,-1.763589,-0.608161,5.410895,-8.204210,1.921616,-0.437298,1.197879,-11.638528,-74.401396,24.464180
1.780000,-9.306363,-6.544398,-1.477137,-0.728513,5.691751,-8.346498,1.913673,-0.412756,1.207671,-12.189171,-72.848939,22.545939
1.790000,-9.569180,-6.368404,-1.165175,-0.856726,5.973159,-8.461932,1.905365,-0.388743,1.217442,-12.734939,-71.230923,20.571344
1.800000,-9.827819,-6.173735,-0.826781,-0.991526,6.254842,-8.549311,1.896695,-0.365280,1.227192,-13.275613,-69.548804,18.545332
1.810000,-10.078296,-5.960722,-0.461278,-1.131444,6.536417,-8.607563,1.887666,-0.342388,1.236919,-13.810977,-67.804096,16.472966
1.820000,-10.316470,-5.729957,-0.068288,-1.274824,6.817393,-8.635765,1.878282,-0.320087,1.246622,-14.340817,-65.998368,14.359426
1.830000,-10.538091,-5.482314,0.352234,-1.419840,7.097160,-8.633168,1.868547,-0.298399,1.256300,-14.864921,-64.133247,12.209996
1.840000,-10.738857,-5.218955,0.799956,-1.564522,7.374995,-8.599225,1.858464,-0.277341,1.265953,-15.383079,-62.210409,10.030046
1.850000,-10.914486,-4.941329,1.274142,-1.706770,7.650056,-8.533605,1.848038,-0.256934,1.275580,-15.895084,-60.231587,7.825027
1.860000,-11.060783,-4.651170,1.773627,-1.844387,7.921387,-8.436225,1.837273,-0.237196,1.285178,-16.400731,-58.198561,5.600449
1.870000,-11.173713,-4.350478,2.296801,-1.975105,8.187927,-8.307260,1.826173,-0.218144,1.294749,-16.899819,-56.113159,3.361873
1.880000,-11.249482,-4.041501,2.841610,-2.096614,8.448511,-8.147162,1.814742,-0.199796,1.304289,-17.392146,-53.977260,1.114894
1.890000,-11.284607,-3.726702,3.405555,-2.206599,8.701887,-7.956677,1.802986,-0.182167,1.313800,-17.877517,-51.792784,-1.134871
1.900000,-11.275989,-3.408728,3.985715,-2.302770,8.946726,-7.736847,1.790908,-0.165275,1.323279,-18.355737,-49.561699,-3.381800
1.910000,-11.220982,-3.090362,4.578778,-2.382900,9.181640,-7.489022,1.778514,-0.149134,1.332725,-18.826615,-47.286011,-5.620277
1.920000,-11.117447,-2.774482,5.181073,-2.444861,9.405197,-7.214856,1.765808,-0.133758,1.342138,-19.289962,-44.967769,-7.844705
1.930000,-10.963808,-2.464007,5.788629,-2.486656,9.615944,-6.916306,1.752797,-0.119162,1.351518,-19.745594,-42.609060,-10.049526
1.940000,-10.759086,-2.161850,6.397229,-2.506460,9.812428,-6.595623,1.739484,-0.105358,1.360862,-20.193328,-40.212005,-12.229228
1.950000,-10.502922,-1.870862,7.002478,-2.502644,9.993219,-6.255335,1.725875,-0.092360,1.370169,-20.632985,-37.778762,-14.378364
1.960000,-10.195599,-1.593786,7.599873,-2.473816,10.156934,-5.898231,1.711976,-0.080178,1.379440,-21.064389,-35.311520,-16.491561
1.970000,-9.838029,-1.333208,8.184881,-2.418841,10.302259,-5.527335,1.697792,-0.068824,1.388673,-21.487367,-32.812501,-18.563538
1.980000,-9.431746,-1.091513,8.753013,-2.336869,10.427979,-5.145880,1.683329,-0.058308,1.397867,-21.901751,-30.283952,-20.589115
1.990000,-8.978874,-0.870852,9.299899,-2.227359,10.532996,-4.757269,1.668592,-0.048639,1.407021,-22.307374,-27.728150,-22.563231
2.000000,-8.482084,-0.673104,9.821359,-2.090089,10.616354,-4.365047,1.653588,-0.039827,1.416135,-22.704075,-25.147395,-24.480950
2.010000,-7.944548,-0.499860,10.313471,-1.925174,10.677258,-3.972849,1.638323,-0.031878,1.425207,-23.091694,-22.544008,-26.337480
2.020000,-7.369873,-0.352403,10.772627,-1.733066,10.715097,-3.584365,1.622803,-0.024801,1.434236,-23.470077,-19.920334,-28.128179
2.030000,-6.762034,-0.231699,11.195586,-1.514562,10.729452,-3.203293,1.607033,-0.018601,1.443222,-23.839072,-17.278733,-29.848573
2.040000,-6.125305,-0.138397,11.579510,-1.270796,10.720118,-2.833289,1.591020,-0.013284,1.452164,-24.198532,-14.621581,-31.494361
2.050000,-5.464179,-0.072833,11.921998,-1.003230,10.687103,-2.477920,1.574771,-0.008855,1.461061,-24.548313,-11.951272,-33.061429
2.060000,-4.783297,-0.035043,12.221100,-0.713636,10.630642,-2.140623,1.558293,-0.005318,1.469911,-24.888275,-9.270207,-34.545861
2.070000,-4.087369,-0.024778,12.475331,-0.404083,10.551194,-1.824649,1.541590,-0.002677,1.478714,-25.218282,-6.580799,-35.943947
2.080000,-3.381111,-0.041526,12.683664,-0.076904,10.449439,-1.533031,1.524672,-0.000932,1.487470,-25.538202,-3.885470,-37.252191
2.090000,-2.669174,-0.084535,12.845520,0.265328,10.326274,-1.268535,1.507543,-0.000087,1.496176,-25.847907,-1.186643,-38.467324
2.100000,-1.956089,-0.152842,12.960751,0.619835,10.182797,-1.033625,1.490211,-0.000141,1.504834,-26.147273,1.513251,-39.586309
2.110000,-1.246214,-0.245294,13.029613,0.983671,10.020300,-0.830433,1.472683,-0.001096,1.513440,-26.436181,4.211784,-40.606349
2.120000,-0.543695,-0.360583,13.052733,1.353759,9.840243,-0.660731,1.454966,-0.002949,1.521995,-26.714514,6.906526,-41.524894
2.130000,0.147572,-0.497266,13.031075,1.726934,9.644235,-0.525908,1.437068,-0.005699,1.530499,-26.982162,9.595052,-42.339648
2.140000,0.823966,-0.653794,12.965907,2.099984,9.434013,-0.426953,1.418994,-0.009344,1.538949,-27.239018,12.274944,-43.048576
2.150000,1.482161,-0.828533,12.858756,2.469692,9.211412,-0.364452,1.400752,-0.013880,1.547345,-27.484978,14.943790,-43.649904
2.160000,2.119135,-1.019790,12.711377,2.832879,8.978337,-0.338575,1.382351,-0.019304,1.555686,-27.719945,17.599186,-44.142130
2.170000,2.732176,-1.225825,12.525712,3.186442,8.736735,-0.349087,1.363796,-0.025610,1.563972,-27.943824,20.238745,-44.524024
2.180000,3.318884,-1.444873,12.303861,3.527396,8.488565,-0.395355,1.345096,-0.032794,1.572201,-28.156526,22.860090,-44.794631
2.190000,3.877165,-1.675158,12.048047,3.852910,8.235767,-0.476361,1.326258,-0.040847,1.580374,-28.357965,25.460863,-44.953275
2.200000,4.405222,-1.914902,11.760593,4.160338,7.980235,-0.590727,1.307289,-0.049764,1.588488,-28.548062,28.038723,-44.999559
2.210000,4.901549,-2.162342,11.443895,4.447252,7.723789,-0.736736,1.288198,-0.059535,1.596543,-28.726740,30.591349,-44.933368
2.220000,5.364917,-2.415732,11.100404,4.711466,7.468148,-0.912365,1.268991,-0.070153,1.604539,-28.893928,33.116446,-44.754866
2.230000,5.794362,-2.673357,10.732609,4.951058,7.214907,-1.115319,1.249676,-0.081608,1.612474,-29.049558,35.611740,-44.464501
2.240000,6.189174,-2.933539,10.343020,5.164389,6.965518,-1.343067,1.230262,-0.093889,1.620348,-29.193569,38.074986,-44.062998
2.250000,6.548889,-3.194643,9.934157,5.350114,6.721272,-1.592881,1.210755,-0.106986,1.628160,-29.325904,40.503967,-43.551360
2.260000,6.873272,-3.455088,9.508544,5.507188,6.483283,-1.861879,1.191165,-0.120886,1.635909,-29.446508,42.896497,-42.930866
2.270000,7.162314,-3.713348,9.068692,5.634876,6.252478,-2.147060,1.171497,-0.135577,1.643595,-29.555333,45.250423,-42.203068
2.280000,7.416222,-3.967968,8.617098,5.732745,6.029590,-2.445355,1.151761,-0.151046,1.651216,-29.652338,47.563627,-41.369784
2.290000,7.635409,-4.217562,8.156231,5.800663,5.815158,-2.753656,1.131965,-0.167279,1.658772,-29.737481,49.834026,-40.433097
2.300000,7.820493,-4.460830,7.688525,5.838791,5.609520,-3.068865,1.112115,-0.184261,1.666262,-29.810730,52.059579,-39.395348
2.310000,7.972283,-4.696560,7.216369,5.847565,5.412822,-3.387925,1.092221,-0.201977,1.673686,-29.872055,54.238281,-38.259131
2.320000,8.091780,-4.923638,6.742095,5.827689,5.225022,-3.707853,1.072290,-0.220412,1.681042,-29.921432,56.368173,-37.027287
2.330000,8.180167,-5.141057,6.267969,5.780108,5.045903,-4.025777,1.052330,-0.239548,1.688330,-29.958840,58.447337,-35.702893
2.340000,8.238799,-5.347923,5.796175,5.705991,4.875080,-4.338955,1.032349,-0.259368,1.695549,-29.984266,60.473902,-34.289261
2.350000,8.269196,-5.543460,5.328802,5.606712,4.712016,-4.644806,1.012355,-0.279855,1.702699,-29.997698,62.446045,-32.789924
2.360000,8.273034,-5.727022,4.867832,5.483820,4.556040,-4.940924,0.992356,-0.300989,1.709778,-29.999131,64.361991,-31.208629
2.370000,8.252128,-5.898089,4.415124,5.339017,4.406364,-5.225098,0.972360,-0.322753,1.716787,-29.988565,66.220015,-29.549328
2.380000,8.208421,-6.056277,3.972400,5.174135,4.262101,-5.495320,0.952375,-0.345126,1.723724,-29.966004,68.018446,-27.816170
2.390000,8.143967,-6.201336,3.541234,4.991105,4.122282,-5.749794,0.932409,-0.368088,1.730588,-29.931457,69.755664,-26.013486
2.400000,8.060911,-6.333154,3.123037,4.791939,3.985881,-5.986938,0.912471,-0.391619,1.737379,-29.884938,71.430108,-24.145781
2.410000,7.961471,-6.451747,2.719052,4.578696,3.851830,-6.205388,0.892567,-0.415698,1.744097,-29.826466,73.040269,-22.217725
2.420000,7.847915,-6.557264,2.330346,4.353469,3.719039,-6.403991,0.872706,-0.440302,1.750740,-29.756063,74.584699,-20.234136
2.430000,7.722544,-6.649978,1.957802,4.118354,3.586417,-6.581797,0.852896,-0.465410,1.757308,-29.673758,76.062007,-18.199972
2.440000,7.587661,-6.730276,1.602123,3.875433,3.452885,-6.738058,0.833145,-0.490998,1.763801,-29.579584,77.470865,-16.120318
2.450000,7.445556,-6.798655,1.263831,3.626750,3.317398,-6.872206,0.813461,-0.517045,1.770217,-29.473578,78.810004,-14.000371
2.460000,7.298483,-6.855706,0.943275,3.374297,3.178956,-6.983850,0.793851,-0.543527,1.776555,-29.355784,80.078220,-11.845431
2.470000,7.148637,-6.902108,0.640635,3.119995,3.036618,-7.072755,0.774323,-0.570419,1.782817,-29.226247,81.274370,-9.660883
2.480000,6.998135,-6.938608,0.355940,2.865680,2.889517,-7.138829,0.754886,-0.597697,1.789000,-29.085021,82.397380,-7.452188
2.490000,6.849003,-6.966016,0.089078,2.613086,2.736867,-7.182107,0.735547,-0.625338,1.795104,-28.932161,83.446237,-5.224866
2.500000,6.703160,-6.985182,-0.160185,2.363837,2.577973,-7.202735,0.716314,-0.653316,1.801129,-28.767728,84.419998,-2.984485
2.510000,6.562402,-6.996983,-0.392188,2.119436,2.412240,-7.200950,0.697194,-0.681605,1.807073,-28.591789,85.317787,-0.736645
2.520000,6.428400,-7.002314,-0.607351,1.881254,2.239176,-7.177070,0.678195,-0.710181,1.812937,-28.404413,86.138795,1.513037
2.530000,6.302687,-7.002062,-0.806159,1.650524,2.058396,-7.131477,0.659325,-0.739018,1.818719,-28.205676,86.882285,3.758937
2.540000,6.186661,-6.997101,-0.989137,1.428336,1.869630,-7.064601,0.640592,-0.768090,1.824420,-27.995657,87.547586,5.995442
2.550000,6.081580,-6.988270,-1.156830,1.215631,1.672714,-6.976908,0.622002,-0.797370,1.830038,-27.774440,88.134100,8.216961
2.560000,5.988562,-6.976364,-1.309782,1.013196,1.467598,-6.868891,0.603563,-0.826833,1.835573,-27.542114,88.641300,10.417942
2.570000,5.908596,-6.962117,-1.448521,0.821663,1.254343,-6.741058,0.585282,-0.856451,1.841025,-27.298772,89.068729,12.592884
2.580000,5.842539,-6.946190,-1.573534,0.641509,1.033115,-6.593927,0.567168,-0.886199,1.846393,-27.044510,89.416001,14.736350
2.590000,5.791126,-6.929163,-1.685258,0.473050,0.804183,-6.428015,0.549227,-0.916048,1.851676,-26.779430,89.682805,16.842983
2.600000,5.754980,-6.911519,-1.784063,0.316448,0.567916,-6.243841,0.531466,-0.945974,1.856873,-26.503640,89.868901,18.907517
2.610000,5.734613,-6.893639,-1.870243,0.171705,0.324774,-6.041917,0.513892,-0.975947,1.861985,-26.217248,89.974121,20.924792
2.620000,5.730438,-6.875790,-1.944002,0.038672,0.075302,-5.822752,0.496513,-1.005943,1.867011,-25.920369,89.998370,22.889766
2.630000,5.742775,-6.858122,-2.005453,-0.082954,-0.179874,-5.586852,0.479335,-1.035933,1.871950,-25.613123,89.941627,24.797527
2.640000,5.771854,-6.840660,-2.054611,-0.193625,-0.440061,-5.334723,0.462365,-1.065890,1.876802,-25.295632,89.803942,26.643308
2.650000,5.817822,-6.823298,-2.091389,-0.293937,-0.704502,-5.066878,0.445611,-1.095789,1.881567,-24.968023,89.585440,28.422494
2.660000,5.880744,-6.805799,-2.115599,-0.384623,-0.972390,-4.783839,0.429078,-1.125601,1.886243,-24.630427,89.286317,30.130639
2.670000,5.960605,-6.787791,-2.126955,-0.466552,-1.242872,-4.486151,0.412774,-1.155300,1.890830,-24.282980,88.906842,31.763473
2.680000,6.057306,-6.768767,-2.125073,-0.540715,-1.515068,-4.174385,0.396704,-1.184859,1.895329,-23.925819,88.447357,33.316915
2.690000,6.170662,-6.748083,-2.109479,-0.608222,-1.788072,-3.849153,0.380876,-1.214251,1.899737,-23.559089,87.908276,34.787082
2.700000,6.300399,-6.724965,-2.079614,-0.670289,-2.060970,-3.511112,0.365295,-1.243451,1.904056,-23.182935,87.290083,36.170299
2.710000,6.446140,-6.698506,-2.034844,-0.728229,-2.332848,-3.160984,0.349968,-1.272431,1.908285,-22.797508,86.593335,37.463110
2.720000,6.607401,-6.667675,-1.974470,-0.783438,-2.602803,-2.799556,0.334901,-1.301167,1.912422,-22.402962,85.818658,38.662282
2.730000,6.783577,-6.631323,-1.897738,-0.837383,-2.869956,-2.427701,0.320101,-1.329631,1.916469,-21.999456,84.966751,39.764818
2.740000,6.973928,-6.588185,-1.803855,-0.891587,-3.133460,-2.046383,0.305572,-1.357799,1.920424,-21.587150,84.038379,40.767963
2.750000,7.177569,-6.536896,-1.692005,-0.947607,-3.392515,-1.656665,0.291321,-1.385644,1.924286,-21.166210,83.034379,41.669210
2.760000,7.393450,-6.476000,-1.561365,-1.007026,-3.646375,-1.259725,0.277353,-1.413142,1.928057,-20.736803,81.955653,42.466305
2.770000,7.620347,-6.403959,-1.411124,-1.071423,-3.894360,-0.856855,0.263674,-1.440269,1.931734,-20.299102,80.803173,43.157257
2.780000,7.856844,-6.319173,-1.240511,-1.142360,-4.135864,-0.449470,0.250290,-1.466999,1.935318,-19.853282,79.577975,43.740338
2.790000,8.101322,-6.219994,-1.048812,-1.221355,-4.370362,-0.039113,0.237206,-1.493309,1.938809,-19.399520,78.281162,44.214090
2.800000,8.351951,-6.104749,-0.835401,-1.309863,-4.597422,0.372547,0.224427,-1.519175,1.942206,-18.937999,76.913902,44.577331
2.810000,8.606677,-5.971756,-0.599766,-1.409249,-4.816706,0.783716,0.211958,-1.544573,1.945509,-18.468903,75.477424,44.829152
2.820000,8.863222,-5.819354,-0.341542,-1.520766,-5.027978,1.192474,0.199804,-1.569482,1.948717,-17.992420,73.973022,44.968922
2.830000,9.119084,-5.645927,-0.060539,-1.645530,-5.231104,1.596791,0.187970,-1.593878,1.951830,-17.508740,72.402049,44.996295
2.840000,9.371543,-5.449932,0.243222,-1.784496,-5.426058,1.994527,0.176461,-1.617739,1.954848,-17.018057,70.765919,44.911199
2.850000,9.617672,-5.229934,0.569479,-1.938437,-5.612917,2.383455,0.165282,-1.641044,1.957771,-16.520566,69.066104,44.713850
2.860000,9.854361,-4.984630,0.917697,-2.107915,-5.791861,2.761269,0.154436,-1.663773,1.960598,-16.016468,67.304135,44.404738
2.870000,10.078338,-4.712893,1.287039,-2.293270,-5.963169,3.125607,0.143929,-1.685904,1.963329,-15.505963,65.481596,43.984639
2.880000,10.286210,-4.413795,1.676335,-2.494592,-6.127211,3.474074,0.133763,-1.707417,1.965963,-14.989256,63.600129,43.454600
2.890000,10.474500,-4.086650,2.084065,-2.711712,-6.284441,3.804265,0.123945,-1.728294,1.968501,-14.466554,61.661425,42.815948
2.900000,10.639703,-3.731038,2.508340,-2.944184,-6.435389,4.113793,0.114477,-1.748515,1.970942,-13.938065,59.667231,42.070277
2.910000,10.778343,-3.346843,2.946889,-3.191280,-6.580642,4.400321,0.105363,-1.768063,1.973286,-13.404002,57.619340,41.219454
2.920000,10.887035,-2.934272,3.397061,-3.451980,-6.720837,4.661586,0.096606,-1.786920,1.975532,-12.864576,55.519595,40.265603
2.930000,10.962560,-2.493884,3.855829,-3.724975,-6.856643,4.895443,0.088212,-1.805068,1.977681,-12.320005,53.369887,39.211109
2.940000,11.001938,-2.026600,4.319812,-4.008667,-6.988745,5.099887,0.080181,-1.822492,1.979732,-11.770507,51.172149,38.058607
2.950000,11.002502,-1.533722,4.785301,-4.301180,-7.117825,5.273092,0.072519,-1.839175,1.981686,-11.216300,48.928360,36.810979
2.960000,10.961980,-1.016928,5.248300,-4.600371,-7.244547,5.413445,0.065228,-1.855103,1.983541,-10.657607,46.640539,35.471343
2.970000,10.878561,-0.478271,5.704581,-4.903853,-7.369535,5.519574,0.058310,-1.870262,1.985298,-10.094651,44.310744,34.043047
2.980000,10.750968,0.079837,6.149746,-5.209015,-7.493359,5.590379,0.051770,-1.884637,1.986956,-9.527657,41.941072,32.529661
2.990000,10.578518,0.654645,6.579304,-5.513052,-7.616515,5.625061,0.045608,-1.898216,1.988515,-8.956852,39.533657,30.934967
3.000000,10.361167,1.243099,6.988751,-5.813000,-7.739410,5.623143,0.039828,-1.910987,1.989976,-8.382465,37.090664,29.262953
